date,nlikes,nreplies,nretweets,NInterações
2021-06-26 00:07:10,3,0,0,3
2021-06-26 05:22:45,20,0,9,29
2021-06-26 09:51:23,0,0,0,0
2021-06-26 10:25:50,1,0,0,1
2021-06-26 10:51:06,0,0,0,0
2021-06-26 11:42:15,2,0,0,2
2021-06-26 15:14:20,2,0,0,2
2021-06-26 18:48:10,181,9,81,271
2021-06-26 19:03:08,370,11,144,525
2021-06-26 19:05:20,181,5,67,253
2021-06-26 19:05:59,2,0,1,3
2021-06-26 19:09:47,1,0,0,1
2021-06-26 19:10:58,0,0,0,0
2021-06-26 19:12:25,1,0,0,1
2021-06-26 19:14:49,4149,110,875,5134
2021-06-26 19:15:54,3,0,0,3
2021-06-26 19:16:42,1,0,1,2
2021-06-26 19:18:28,1475,23,282,1780
2021-06-26 19:18:51,4,0,0,4
2021-06-26 19:19:29,1,0,0,1
2021-06-26 19:20:11,3126,47,583,3756
2021-06-26 19:20:46,1,0,0,1
2021-06-26 19:21:38,56,4,21,81
2021-06-26 19:21:44,3,1,0,4
2021-06-26 19:22:01,0,0,0,0
2021-06-26 19:22:02,0,0,0,0
2021-06-26 19:22:05,3,1,0,4
2021-06-26 19:22:13,0,0,0,0
2021-06-26 19:22:14,1,0,0,1
2021-06-26 19:22:18,9,0,3,12
2021-06-26 19:22:20,8,0,4,12
2021-06-26 19:22:45,0,0,1,1
2021-06-26 19:23:18,2,0,0,2
2021-06-26 19:23:28,0,0,0,0
2021-06-26 19:24:15,10112,207,1676,11995
2021-06-26 19:24:46,17,1,1,19
2021-06-26 19:24:52,0,0,0,0
2021-06-26 19:24:56,0,0,0,0
2021-06-26 19:24:59,1,0,0,1
2021-06-26 19:25:21,0,1,0,1
2021-06-26 19:25:35,0,0,0,0
2021-06-26 19:25:41,1,0,0,1
2021-06-26 19:25:50,1,0,0,1
2021-06-26 19:25:52,19,0,1,20
2021-06-26 19:26:10,23,3,4,30
2021-06-26 19:26:25,3,0,0,3
2021-06-26 19:26:50,0,0,0,0
2021-06-26 19:26:55,0,0,0,0
2021-06-26 19:27:08,5,0,1,6
2021-06-26 19:27:28,3,0,0,3
2021-06-26 19:27:41,5,0,0,5
2021-06-26 19:28:02,113,9,46,168
2021-06-26 19:28:36,1,0,0,1
2021-06-26 19:28:48,18,0,14,32
2021-06-26 19:29:23,992,11,86,1089
2021-06-26 19:29:58,3,0,2,5
2021-06-26 19:30:06,0,0,0,0
2021-06-26 19:30:33,22,2,4,28
2021-06-26 19:30:36,2,0,0,2
2021-06-26 19:30:37,46,2,15,63
2021-06-26 19:30:48,0,0,0,0
2021-06-26 19:30:54,4,0,0,4
2021-06-26 19:30:56,140,4,55,199
2021-06-26 19:30:58,7,1,0,8
2021-06-26 19:31:04,1,0,0,1
2021-06-26 19:31:10,0,0,0,0
2021-06-26 19:31:35,0,0,0,0
2021-06-26 19:31:38,22,0,6,28
2021-06-26 19:31:48,0,0,0,0
2021-06-26 19:32:08,0,0,0,0
2021-06-26 19:32:16,0,0,0,0
2021-06-26 19:32:36,5,0,0,5
2021-06-26 19:32:54,0,0,0,0
2021-06-26 19:33:03,0,0,0,0
2021-06-26 19:33:08,2,0,0,2
2021-06-26 19:33:18,0,0,0,0
2021-06-26 19:33:32,5,1,0,6
2021-06-26 19:33:39,0,0,0,0
2021-06-26 19:33:47,3,1,0,4
2021-06-26 19:34:14,0,0,0,0
2021-06-26 19:34:20,0,0,0,0
2021-06-26 19:34:23,0,0,0,0
2021-06-26 19:34:24,0,0,0,0
2021-06-26 19:34:28,0,0,2,2
2021-06-26 19:34:29,0,0,0,0
2021-06-26 19:34:48,1,0,1,2
2021-06-26 19:34:49,88,6,24,118
2021-06-26 19:35:05,1,0,0,1
2021-06-26 19:35:41,1,0,0,1
2021-06-26 19:35:53,0,0,0,0
2021-06-26 19:36:09,0,0,0,0
2021-06-26 19:36:28,83,1,14,98
2021-06-26 19:36:32,0,0,0,0
2021-06-26 19:36:33,5,0,2,7
2021-06-26 19:36:44,8,0,1,9
2021-06-26 19:36:54,5,0,3,8
2021-06-26 19:37:02,3,0,0,3
2021-06-26 19:37:41,3,0,1,4
2021-06-26 19:37:46,1,0,0,1
2021-06-26 19:37:53,0,0,0,0
2021-06-26 19:38:03,1,0,0,1
2021-06-26 19:38:22,2,0,0,2
2021-06-26 19:38:24,11,0,0,11
2021-06-26 19:38:25,0,0,0,0
2021-06-26 19:38:27,1,1,0,2
2021-06-26 19:38:34,0,0,0,0
2021-06-26 19:38:45,4412,213,1333,5958
2021-06-26 19:38:54,0,0,0,0
2021-06-26 19:38:55,0,0,0,0
2021-06-26 19:39:10,0,0,0,0
2021-06-26 19:39:16,0,0,0,0
2021-06-26 19:39:19,2,0,0,2
2021-06-26 19:39:28,0,0,0,0
2021-06-26 19:39:32,0,0,0,0
2021-06-26 19:39:38,1,0,0,1
2021-06-26 19:39:39,0,0,0,0
2021-06-26 19:39:46,8,0,2,10
2021-06-26 19:39:54,28,2,16,46
2021-06-26 19:39:57,1,0,0,1
2021-06-26 19:39:58,3,0,0,3
2021-06-26 19:40:11,19,0,3,22
2021-06-26 19:40:20,0,0,0,0
2021-06-26 19:40:31,2,0,1,3
2021-06-26 19:40:32,1,0,0,1
2021-06-26 19:40:53,21,1,0,22
2021-06-26 19:41:00,8,0,4,12
2021-06-26 19:41:24,1,0,0,1
2021-06-26 19:41:26,18167,428,3589,22184
2021-06-26 19:41:40,8,0,0,8
2021-06-26 19:41:46,2,0,0,2
2021-06-26 19:41:52,0,0,0,0
2021-06-26 19:41:57,7,0,1,8
2021-06-26 19:42:06,27,4,3,34
2021-06-26 19:42:15,45,0,5,50
2021-06-26 19:42:21,3,0,2,5
2021-06-26 19:42:22,0,0,0,0
2021-06-26 19:42:35,62,1,15,78
2021-06-26 19:42:36,2,0,1,3
2021-06-26 19:42:41,2,1,0,3
2021-06-26 19:42:46,0,0,0,0
2021-06-26 19:42:48,6,1,1,8
2021-06-26 19:43:04,2,0,2,4
2021-06-26 19:43:09,0,0,0,0
2021-06-26 19:43:11,0,0,0,0
2021-06-26 19:43:17,22803,490,3362,26655
2021-06-26 19:43:21,5869,68,406,6343
2021-06-26 19:43:25,1,0,0,1
2021-06-26 19:43:28,2,0,0,2
2021-06-26 19:43:32,1,0,0,1
2021-06-26 19:43:37,1,0,1,2
2021-06-26 19:43:57,2,0,0,2
2021-06-26 19:44:06,212,4,88,304
2021-06-26 19:44:14,27,1,1,29
2021-06-26 19:44:17,4,0,0,4
2021-06-26 19:44:19,0,0,0,0
2021-06-26 19:44:21,1,1,0,2
2021-06-26 19:44:24,10,0,2,12
2021-06-26 19:44:29,18,0,6,24
2021-06-26 19:44:34,2,0,0,2
2021-06-26 19:44:39,1,0,0,1
2021-06-26 19:44:45,1,0,0,1
2021-06-26 19:44:49,2,0,0,2
2021-06-26 19:44:51,5,0,1,6
2021-06-26 19:44:52,1,0,0,1
2021-06-26 19:44:54,1,0,0,1
2021-06-26 19:44:57,2,0,0,2
2021-06-26 19:44:58,4,0,1,5
2021-06-26 19:45:00,0,0,0,0
2021-06-26 19:45:07,1,0,0,1
2021-06-26 19:45:08,1,0,0,1
2021-06-26 19:45:10,0,0,0,0
2021-06-26 19:45:13,0,0,0,0
2021-06-26 19:45:15,4,0,1,5
2021-06-26 19:45:20,135,4,26,165
2021-06-26 19:45:26,0,1,0,1
2021-06-26 19:45:30,0,0,0,0
2021-06-26 19:45:37,2,0,2,4
2021-06-26 19:45:42,1,0,0,1
2021-06-26 19:45:43,2,0,0,2
2021-06-26 19:45:50,51,0,9,60
2021-06-26 19:45:54,3,0,0,3
2021-06-26 19:45:56,1,1,0,2
2021-06-26 19:45:58,0,0,0,0
2021-06-26 19:46:01,1,0,0,1
2021-06-26 19:46:06,0,0,0,0
2021-06-26 19:46:16,0,0,0,0
2021-06-26 19:46:19,0,0,0,0
2021-06-26 19:46:20,2,0,0,2
2021-06-26 19:46:29,23,1,4,28
2021-06-26 19:46:30,1,0,0,1
2021-06-26 19:46:36,0,0,0,0
2021-06-26 19:46:37,0,0,0,0
2021-06-26 19:46:53,0,0,0,0
2021-06-26 19:46:56,1,0,0,1
2021-06-26 19:46:59,0,0,0,0
2021-06-26 19:47:01,0,0,0,0
2021-06-26 19:47:02,7,1,1,9
2021-06-26 19:47:06,116,2,32,150
2021-06-26 19:47:18,3,1,1,5
2021-06-26 19:47:22,39,3,13,55
2021-06-26 19:47:23,1,0,0,1
2021-06-26 19:47:35,0,0,0,0
2021-06-26 19:47:45,0,0,1,1
2021-06-26 19:47:50,2,0,0,2
2021-06-26 19:48:25,0,0,0,0
2021-06-26 19:48:27,0,0,0,0
2021-06-26 19:48:31,0,0,0,0
2021-06-26 19:48:34,447,9,139,595
2021-06-26 19:48:39,0,0,0,0
2021-06-26 19:48:57,2,0,0,2
2021-06-26 19:49:00,0,0,0,0
2021-06-26 19:49:01,1,0,0,1
2021-06-26 19:49:04,0,0,0,0
2021-06-26 19:49:06,0,0,0,0
2021-06-26 19:49:12,1,0,0,1
2021-06-26 19:49:14,3,0,1,4
2021-06-26 19:49:16,1,0,1,2
2021-06-26 19:49:25,1,0,0,1
2021-06-26 19:49:26,14,0,5,19
2021-06-26 19:49:31,0,0,0,0
2021-06-26 19:49:42,237,2,69,308
2021-06-26 19:49:56,1,0,0,1
2021-06-26 19:50:07,0,0,0,0
2021-06-26 19:50:12,0,0,0,0
2021-06-26 19:50:13,1,0,0,1
2021-06-26 19:50:17,0,0,0,0
2021-06-26 19:50:25,5,0,0,5
2021-06-26 19:50:31,0,0,0,0
2021-06-26 19:50:32,1336,58,411,1805
2021-06-26 19:50:37,825,11,189,1025
2021-06-26 19:50:40,0,0,0,0
2021-06-26 19:50:48,0,0,0,0
2021-06-26 19:50:50,0,0,0,0
2021-06-26 19:50:56,2,0,0,2
2021-06-26 19:50:57,0,0,0,0
2021-06-26 19:50:58,0,0,0,0
2021-06-26 19:51:05,1,0,1,2
2021-06-26 19:51:14,65,5,16,86
2021-06-26 19:51:17,0,0,0,0
2021-06-26 19:51:22,1,0,0,1
2021-06-26 19:51:23,0,0,0,0
2021-06-26 19:51:24,0,0,0,0
2021-06-26 19:51:25,0,0,0,0
2021-06-26 19:51:27,11,0,4,15
2021-06-26 19:51:31,5,0,0,5
2021-06-26 19:51:33,1,0,2,3
2021-06-26 19:51:39,0,0,0,0
2021-06-26 19:51:40,0,0,0,0
2021-06-26 19:51:41,8,0,0,8
2021-06-26 19:51:45,0,0,0,0
2021-06-26 19:51:47,1,0,0,1
2021-06-26 19:51:49,1,0,0,1
2021-06-26 19:52:11,0,0,0,0
2021-06-26 19:52:13,0,0,0,0
2021-06-26 19:52:22,7,1,5,13
2021-06-26 19:52:25,1,0,0,1
2021-06-26 19:52:32,0,0,0,0
2021-06-26 19:52:34,0,0,0,0
2021-06-26 19:52:44,0,0,0,0
2021-06-26 19:52:47,0,0,0,0
2021-06-26 19:52:52,0,0,0,0
2021-06-26 19:52:55,0,0,0,0
2021-06-26 19:52:56,0,0,0,0
2021-06-26 19:53:02,1,0,0,1
2021-06-26 19:53:03,0,0,0,0
2021-06-26 19:53:04,3,0,1,4
2021-06-26 19:53:06,0,0,0,0
2021-06-26 19:53:10,0,0,0,0
2021-06-26 19:53:21,0,0,0,0
2021-06-26 19:53:25,182,16,56,254
2021-06-26 19:53:37,0,0,0,0
2021-06-26 19:53:38,2,0,1,3
2021-06-26 19:53:42,0,0,0,0
2021-06-26 19:53:49,1,0,1,2
2021-06-26 19:53:56,0,0,0,0
2021-06-26 19:53:58,0,0,0,0
2021-06-26 19:54:08,0,0,0,0
2021-06-26 19:54:17,0,0,0,0
2021-06-26 19:54:18,37,0,2,39
2021-06-26 19:54:19,22,2,11,35
2021-06-26 19:54:24,0,0,0,0
2021-06-26 19:54:36,1,0,0,1
2021-06-26 19:54:52,1,1,0,2
2021-06-26 19:54:53,3,0,0,3
2021-06-26 19:54:54,0,0,0,0
2021-06-26 19:54:55,6,0,1,7
2021-06-26 19:54:59,4,0,0,4
2021-06-26 19:55:02,0,0,0,0
2021-06-26 19:55:06,2,0,0,2
2021-06-26 19:55:09,0,0,0,0
2021-06-26 19:55:12,0,0,0,0
2021-06-26 19:55:17,0,0,0,0
2021-06-26 19:55:18,777,21,297,1095
2021-06-26 19:55:22,8,0,0,8
2021-06-26 19:55:26,0,0,0,0
2021-06-26 19:55:30,1,1,0,2
2021-06-26 19:55:33,0,0,0,0
2021-06-26 19:55:37,0,0,0,0
2021-06-26 19:55:43,45,0,4,49
2021-06-26 19:55:50,0,0,0,0
2021-06-26 19:55:52,0,0,0,0
2021-06-26 19:55:59,0,0,0,0
2021-06-26 19:56:14,0,0,0,0
2021-06-26 19:56:19,1,0,0,1
2021-06-26 19:56:22,45,1,23,69
2021-06-26 19:56:23,0,0,0,0
2021-06-26 19:56:24,6,0,3,9
2021-06-26 19:56:25,2,0,1,3
2021-06-26 19:56:29,4,0,0,4
2021-06-26 19:56:30,2091,103,560,2754
2021-06-26 19:56:31,485,12,160,657
2021-06-26 19:56:36,1,0,0,1
2021-06-26 19:56:37,0,0,0,0
2021-06-26 19:56:38,1,0,0,1
2021-06-26 19:56:45,1,0,0,1
2021-06-26 19:56:48,0,0,0,0
2021-06-26 19:56:51,0,0,0,0
2021-06-26 19:56:57,1,0,0,1
2021-06-26 19:57:06,0,0,0,0
2021-06-26 19:57:09,4,0,0,4
2021-06-26 19:57:18,0,0,0,0
2021-06-26 19:57:27,0,0,0,0
2021-06-26 19:57:33,0,0,0,0
2021-06-26 19:57:34,1,0,0,1
2021-06-26 19:57:39,1,0,0,1
2021-06-26 19:57:40,9,0,3,12
2021-06-26 19:57:42,1,0,0,1
2021-06-26 19:57:43,0,0,0,0
2021-06-26 19:57:44,2,0,1,3
2021-06-26 19:57:45,27,0,2,29
2021-06-26 19:57:49,1,0,0,1
2021-06-26 19:57:53,289,5,50,344
2021-06-26 19:57:54,0,0,0,0
2021-06-26 19:58:01,1,0,0,1
2021-06-26 19:58:02,1,0,0,1
2021-06-26 19:58:03,0,0,0,0
2021-06-26 19:58:12,1,0,0,1
2021-06-26 19:58:13,1,0,0,1
2021-06-26 19:58:18,0,0,0,0
2021-06-26 19:58:19,1,0,1,2
2021-06-26 19:58:20,1,0,0,1
2021-06-26 19:58:26,1,0,0,1
2021-06-26 19:58:32,0,0,0,0
2021-06-26 19:58:33,0,0,0,0
2021-06-26 19:58:37,1,0,0,1
2021-06-26 19:58:41,0,0,0,0
2021-06-26 19:58:42,2,0,0,2
2021-06-26 19:58:53,1,0,0,1
2021-06-26 19:58:54,0,0,0,0
2021-06-26 19:59:00,0,0,0,0
2021-06-26 19:59:03,0,0,0,0
2021-06-26 19:59:06,0,0,0,0
2021-06-26 19:59:08,0,0,0,0
2021-06-26 19:59:10,27,0,10,37
2021-06-26 19:59:12,0,0,0,0
2021-06-26 19:59:16,3,0,0,3
2021-06-26 19:59:20,0,0,0,0
2021-06-26 19:59:24,0,0,0,0
2021-06-26 19:59:33,0,0,0,0
2021-06-26 19:59:34,0,0,0,0
2021-06-26 19:59:41,0,0,0,0
2021-06-26 19:59:45,0,0,0,0
2021-06-26 19:59:49,3,0,2,5
2021-06-26 19:59:50,1,0,0,1
2021-06-26 19:59:55,0,0,0,0
2021-06-26 19:59:56,162,4,63,229
2021-06-26 19:59:57,4,0,1,5
2021-06-26 20:00:01,1185,27,222,1434
2021-06-26 20:00:02,0,0,0,0
2021-06-26 20:00:03,12,0,1,13
2021-06-26 20:00:04,0,0,0,0
2021-06-26 20:00:12,0,0,0,0
2021-06-26 20:00:14,0,0,0,0
2021-06-26 20:00:19,3,0,0,3
2021-06-26 20:00:20,1,0,1,2
2021-06-26 20:00:22,2,0,0,2
2021-06-26 20:00:23,2,1,0,3
2021-06-26 20:00:24,0,0,0,0
2021-06-26 20:00:37,0,0,0,0
2021-06-26 20:00:41,1,0,1,2
2021-06-26 20:00:43,0,0,0,0
2021-06-26 20:00:47,0,0,0,0
2021-06-26 20:00:57,1,0,0,1
2021-06-26 20:01:05,0,0,0,0
2021-06-26 20:01:08,31,0,0,31
2021-06-26 20:01:22,0,0,0,0
2021-06-26 20:01:28,539,4,93,636
2021-06-26 20:01:29,0,0,0,0
2021-06-26 20:01:33,0,0,0,0
2021-06-26 20:01:35,1,0,0,1
2021-06-26 20:01:36,3,0,1,4
2021-06-26 20:01:38,0,0,0,0
2021-06-26 20:01:45,0,0,0,0
2021-06-26 20:01:48,0,0,0,0
2021-06-26 20:01:53,0,0,0,0
2021-06-26 20:01:57,0,0,0,0
2021-06-26 20:01:58,3,1,2,6
2021-06-26 20:02:02,0,0,0,0
2021-06-26 20:02:03,3,0,1,4
2021-06-26 20:02:05,24,1,4,29
2021-06-26 20:02:07,0,0,0,0
2021-06-26 20:02:10,0,0,0,0
2021-06-26 20:02:16,0,0,0,0
2021-06-26 20:02:17,1,0,0,1
2021-06-26 20:02:20,0,0,0,0
2021-06-26 20:02:25,1,1,1,3
2021-06-26 20:02:30,1,0,0,1
2021-06-26 20:02:31,0,0,0,0
2021-06-26 20:02:32,0,0,0,0
2021-06-26 20:02:41,1,0,0,1
2021-06-26 20:02:52,1,0,0,1
2021-06-26 20:02:56,0,0,0,0
2021-06-26 20:03:06,0,0,0,0
2021-06-26 20:03:09,1,0,1,2
2021-06-26 20:03:16,0,0,0,0
2021-06-26 20:03:17,0,0,0,0
2021-06-26 20:03:19,3,1,1,5
2021-06-26 20:03:20,1,0,0,1
2021-06-26 20:03:27,0,0,0,0
2021-06-26 20:03:34,0,0,0,0
2021-06-26 20:03:36,0,0,0,0
2021-06-26 20:03:40,2,2,0,4
2021-06-26 20:03:42,0,0,0,0
2021-06-26 20:03:43,0,0,0,0
2021-06-26 20:03:46,0,0,0,0
2021-06-26 20:03:49,0,0,0,0
2021-06-26 20:03:54,9,0,4,13
2021-06-26 20:03:58,3,0,0,3
2021-06-26 20:04:00,1,0,0,1
2021-06-26 20:04:01,0,1,0,1
2021-06-26 20:04:04,0,0,0,0
2021-06-26 20:04:09,0,0,0,0
2021-06-26 20:04:14,0,0,0,0
2021-06-26 20:04:16,0,0,0,0
2021-06-26 20:04:19,7,0,4,11
2021-06-26 20:04:27,16,0,4,20
2021-06-26 20:04:35,5344,86,674,6104
2021-06-26 20:04:38,0,0,0,0
2021-06-26 20:04:44,1,0,0,1
2021-06-26 20:04:45,6,0,1,7
2021-06-26 20:04:46,0,0,0,0
2021-06-26 20:04:52,0,0,0,0
2021-06-26 20:05:17,0,0,0,0
2021-06-26 20:05:18,1,0,0,1
2021-06-26 20:05:19,0,0,0,0
2021-06-26 20:05:25,0,0,0,0
2021-06-26 20:05:31,0,0,0,0
2021-06-26 20:05:37,0,0,0,0
2021-06-26 20:05:49,0,0,0,0
2021-06-26 20:05:51,3,0,0,3
2021-06-26 20:05:53,0,0,0,0
2021-06-26 20:05:55,0,0,0,0
2021-06-26 20:06:17,0,0,0,0
2021-06-26 20:06:18,0,0,0,0
2021-06-26 20:06:21,0,0,0,0
2021-06-26 20:06:22,0,0,0,0
2021-06-26 20:06:23,0,0,0,0
2021-06-26 20:06:27,4,0,1,5
2021-06-26 20:06:28,2,0,0,2
2021-06-26 20:06:35,2,0,0,2
2021-06-26 20:06:39,1,0,2,3
2021-06-26 20:06:41,1,0,0,1
2021-06-26 20:06:43,0,0,0,0
2021-06-26 20:06:46,17,1,4,22
2021-06-26 20:06:47,0,0,0,0
2021-06-26 20:06:52,0,0,0,0
2021-06-26 20:06:53,1,0,0,1
2021-06-26 20:06:54,591,19,175,785
2021-06-26 20:06:58,1,1,0,2
2021-06-26 20:07:01,2,0,0,2
2021-06-26 20:07:03,1,0,0,1
2021-06-26 20:07:06,1,0,0,1
2021-06-26 20:07:08,2,0,0,2
2021-06-26 20:07:11,0,0,0,0
2021-06-26 20:07:16,0,0,0,0
2021-06-26 20:07:27,1,0,0,1
2021-06-26 20:07:36,0,0,0,0
2021-06-26 20:07:37,0,0,0,0
2021-06-26 20:07:42,0,0,0,0
2021-06-26 20:07:45,22,2,5,29
2021-06-26 20:07:48,1,0,0,1
2021-06-26 20:07:52,0,0,0,0
2021-06-26 20:07:58,2,0,0,2
2021-06-26 20:08:07,0,0,0,0
2021-06-26 20:08:09,0,0,0,0
2021-06-26 20:08:10,4,0,3,7
2021-06-26 20:08:13,2,1,0,3
2021-06-26 20:08:18,0,0,0,0
2021-06-26 20:08:23,0,0,0,0
2021-06-26 20:08:28,0,0,0,0
2021-06-26 20:08:33,0,0,0,0
2021-06-26 20:08:41,0,0,0,0
2021-06-26 20:08:47,1,0,0,1
2021-06-26 20:08:52,2,0,1,3
2021-06-26 20:08:53,2,0,0,2
2021-06-26 20:08:55,0,0,0,0
2021-06-26 20:08:56,0,0,0,0
2021-06-26 20:08:57,1,0,0,1
2021-06-26 20:08:58,0,0,0,0
2021-06-26 20:09:02,0,0,0,0
2021-06-26 20:09:06,0,0,0,0
2021-06-26 20:09:08,0,0,0,0
2021-06-26 20:09:11,0,0,0,0
2021-06-26 20:09:12,0,0,0,0
2021-06-26 20:09:17,0,0,0,0
2021-06-26 20:09:19,0,0,0,0
2021-06-26 20:09:21,0,0,0,0
2021-06-26 20:09:23,0,1,0,1
2021-06-26 20:09:29,1,0,0,1
2021-06-26 20:09:33,0,0,0,0
2021-06-26 20:09:37,0,0,0,0
2021-06-26 20:09:39,9,0,4,13
2021-06-26 20:09:47,1,0,0,1
2021-06-26 20:09:48,2,2,0,4
2021-06-26 20:09:52,1,0,0,1
2021-06-26 20:09:53,12,0,7,19
2021-06-26 20:09:54,0,0,0,0
2021-06-26 20:09:56,1,1,0,2
2021-06-26 20:09:57,0,0,0,0
2021-06-26 20:10:05,1,0,0,1
2021-06-26 20:10:08,0,0,0,0
2021-06-26 20:10:13,0,0,0,0
2021-06-26 20:10:14,5,0,1,6
2021-06-26 20:10:15,0,0,0,0
2021-06-26 20:10:16,0,0,0,0
2021-06-26 20:10:21,0,0,0,0
2021-06-26 20:10:22,0,0,0,0
2021-06-26 20:10:23,1,0,0,1
2021-06-26 20:10:24,6,0,4,10
2021-06-26 20:10:25,1,0,0,1
2021-06-26 20:10:34,0,0,0,0
2021-06-26 20:10:44,0,0,0,0
2021-06-26 20:10:51,1,0,0,1
2021-06-26 20:10:52,0,0,0,0
2021-06-26 20:10:56,1,0,0,1
2021-06-26 20:10:57,2,0,0,2
2021-06-26 20:10:58,0,0,0,0
2021-06-26 20:11:02,120,6,1,127
2021-06-26 20:11:03,3,1,0,4
2021-06-26 20:11:10,0,0,0,0
2021-06-26 20:11:15,5,0,3,8
2021-06-26 20:11:17,1,0,0,1
2021-06-26 20:11:32,1,0,0,1
2021-06-26 20:11:39,25,2,4,31
2021-06-26 20:11:46,1,0,0,1
2021-06-26 20:11:49,0,0,0,0
2021-06-26 20:11:51,0,0,0,0
2021-06-26 20:11:52,14,0,3,17
2021-06-26 20:11:53,1,1,0,2
2021-06-26 20:11:59,13,1,2,16
2021-06-26 20:12:00,1,0,0,1
2021-06-26 20:12:02,1,0,0,1
2021-06-26 20:12:07,0,0,0,0
2021-06-26 20:12:11,0,1,0,1
2021-06-26 20:12:20,0,0,0,0
2021-06-26 20:12:23,0,0,0,0
2021-06-26 20:12:31,1,0,0,1
2021-06-26 20:12:32,1,0,0,1
2021-06-26 20:12:33,1,2,0,3
2021-06-26 20:12:34,4,0,0,4
2021-06-26 20:12:36,0,0,0,0
2021-06-26 20:12:47,0,0,0,0
2021-06-26 20:12:49,0,0,0,0
2021-06-26 20:12:51,3,0,1,4
2021-06-26 20:12:56,2,0,0,2
2021-06-26 20:13:01,1,0,0,1
2021-06-26 20:13:02,3,0,0,3
2021-06-26 20:13:03,1,0,0,1
2021-06-26 20:13:06,1,0,0,1
2021-06-26 20:13:10,0,0,0,0
2021-06-26 20:13:12,1,0,0,1
2021-06-26 20:13:13,1,0,0,1
2021-06-26 20:13:15,71,3,38,112
2021-06-26 20:13:25,1252,8,262,1522
2021-06-26 20:13:30,2,0,0,2
2021-06-26 20:13:31,2,0,0,2
2021-06-26 20:13:37,3,0,2,5
2021-06-26 20:13:41,1,0,0,1
2021-06-26 20:13:44,2,0,1,3
2021-06-26 20:13:47,0,0,0,0
2021-06-26 20:13:50,2,0,0,2
2021-06-26 20:14:03,10,1,5,16
2021-06-26 20:14:24,0,0,0,0
2021-06-26 20:14:25,1,0,0,1
2021-06-26 20:14:34,30,0,3,33
2021-06-26 20:14:35,18,0,0,18
2021-06-26 20:14:40,14,0,5,19
2021-06-26 20:14:41,0,0,0,0
2021-06-26 20:14:42,10,0,4,14
2021-06-26 20:14:43,0,0,0,0
2021-06-26 20:14:44,1,0,0,1
2021-06-26 20:15:04,2,0,0,2
2021-06-26 20:15:06,182,7,61,250
2021-06-26 20:15:10,0,0,0,0
2021-06-26 20:15:11,1,0,0,1
2021-06-26 20:15:12,0,0,0,0
2021-06-26 20:15:14,0,0,0,0
2021-06-26 20:15:28,45,2,7,54
2021-06-26 20:15:31,2,0,1,3
2021-06-26 20:15:33,1,1,0,2
2021-06-26 20:15:37,11,0,1,12
2021-06-26 20:15:38,1,1,0,2
2021-06-26 20:15:47,23,1,6,30
2021-06-26 20:15:49,1,0,0,1
2021-06-26 20:15:50,1,0,0,1
2021-06-26 20:15:52,9,0,5,14
2021-06-26 20:15:53,0,0,0,0
2021-06-26 20:15:54,2,2,1,5
2021-06-26 20:15:56,3,0,0,3
2021-06-26 20:15:57,4,0,2,6
2021-06-26 20:15:59,4,0,0,4
2021-06-26 20:16:02,5,0,0,5
2021-06-26 20:16:03,1,1,0,2
2021-06-26 20:16:04,2085,17,231,2333
2021-06-26 20:16:07,0,0,0,0
2021-06-26 20:16:08,0,0,0,0
2021-06-26 20:16:10,3,0,0,3
2021-06-26 20:16:12,1,0,0,1
2021-06-26 20:16:13,4,0,0,4
2021-06-26 20:16:16,0,0,0,0
2021-06-26 20:16:18,0,0,0,0
2021-06-26 20:16:20,2,0,0,2
2021-06-26 20:16:26,0,0,0,0
2021-06-26 20:16:27,2,0,0,2
2021-06-26 20:16:34,4,0,1,5
2021-06-26 20:16:37,342,9,82,433
2021-06-26 20:16:39,0,0,0,0
2021-06-26 20:16:41,0,0,0,0
2021-06-26 20:16:44,0,0,0,0
2021-06-26 20:16:45,2,0,0,2
2021-06-26 20:16:50,0,0,0,0
2021-06-26 20:16:52,0,0,0,0
2021-06-26 20:16:53,0,0,0,0
2021-06-26 20:16:57,57,2,10,69
2021-06-26 20:17:03,0,0,0,0
2021-06-26 20:17:05,1,0,0,1
2021-06-26 20:17:07,2,0,0,2
2021-06-26 20:17:13,23,5,6,34
2021-06-26 20:17:19,1,0,0,1
2021-06-26 20:17:20,0,0,0,0
2021-06-26 20:17:23,1,0,0,1
2021-06-26 20:17:27,45,0,13,58
2021-06-26 20:17:32,1,0,0,1
2021-06-26 20:17:34,0,0,0,0
2021-06-26 20:17:40,0,0,0,0
2021-06-26 20:17:51,0,0,0,0
2021-06-26 20:17:53,0,0,0,0
2021-06-26 20:17:54,5,0,1,6
2021-06-26 20:17:57,0,0,0,0
2021-06-26 20:18:09,129,6,43,178
2021-06-26 20:18:10,0,0,0,0
2021-06-26 20:18:12,0,0,0,0
2021-06-26 20:18:14,8,0,5,13
2021-06-26 20:18:17,0,0,0,0
2021-06-26 20:18:20,0,0,0,0
2021-06-26 20:18:21,0,0,0,0
2021-06-26 20:18:22,56,2,20,78
2021-06-26 20:18:27,7,0,0,7
2021-06-26 20:18:29,1,0,0,1
2021-06-26 20:18:32,7,0,0,7
2021-06-26 20:18:33,1,0,0,1
2021-06-26 20:18:35,0,0,0,0
2021-06-26 20:18:37,1,0,0,1
2021-06-26 20:18:40,16,0,7,23
2021-06-26 20:18:43,38,1,4,43
2021-06-26 20:18:54,0,0,0,0
2021-06-26 20:18:55,0,0,0,0
2021-06-26 20:19:02,1,1,0,2
2021-06-26 20:19:03,65,0,27,92
2021-06-26 20:19:04,1,0,0,1
2021-06-26 20:19:09,2,0,0,2
2021-06-26 20:19:10,0,0,0,0
2021-06-26 20:19:11,0,0,0,0
2021-06-26 20:19:15,8,0,0,8
2021-06-26 20:19:18,0,0,0,0
2021-06-26 20:19:24,0,0,0,0
2021-06-26 20:19:25,4,0,2,6
2021-06-26 20:19:27,0,0,0,0
2021-06-26 20:19:32,1,0,0,1
2021-06-26 20:19:36,1,0,0,1
2021-06-26 20:19:37,3,0,2,5
2021-06-26 20:19:38,0,0,0,0
2021-06-26 20:19:40,3,0,1,4
2021-06-26 20:19:42,0,0,0,0
2021-06-26 20:19:44,3,0,1,4
2021-06-26 20:19:46,1,0,0,1
2021-06-26 20:19:49,2,1,0,3
2021-06-26 20:19:50,20,8,0,28
2021-06-26 20:19:53,3,1,1,5
2021-06-26 20:20:02,1,0,0,1
2021-06-26 20:20:04,3,0,0,3
2021-06-26 20:20:07,0,0,0,0
2021-06-26 20:20:08,10,0,0,10
2021-06-26 20:20:17,0,0,0,0
2021-06-26 20:20:18,0,0,0,0
2021-06-26 20:20:31,1,0,0,1
2021-06-26 20:20:32,0,0,0,0
2021-06-26 20:20:34,6,2,0,8
2021-06-26 20:20:37,1551,47,354,1952
2021-06-26 20:20:38,0,0,0,0
2021-06-26 20:20:43,9,0,1,10
2021-06-26 20:20:50,2,0,0,2
2021-06-26 20:20:52,1,1,0,2
2021-06-26 20:20:56,0,0,0,0
2021-06-26 20:20:59,1,0,0,1
2021-06-26 20:21:03,0,3,0,3
2021-06-26 20:21:09,0,0,0,0
2021-06-26 20:21:12,911,56,233,1200
2021-06-26 20:21:22,0,0,0,0
2021-06-26 20:21:23,0,0,0,0
2021-06-26 20:21:24,4,0,2,6
2021-06-26 20:21:25,0,0,0,0
2021-06-26 20:21:27,0,0,0,0
2021-06-26 20:21:35,4,0,1,5
2021-06-26 20:21:38,0,0,0,0
2021-06-26 20:21:41,2,1,0,3
2021-06-26 20:21:45,0,0,0,0
2021-06-26 20:21:46,1,0,0,1
2021-06-26 20:21:47,0,0,0,0
2021-06-26 20:21:48,0,0,0,0
2021-06-26 20:21:50,0,0,0,0
2021-06-26 20:21:51,0,0,0,0
2021-06-26 20:21:54,0,0,0,0
2021-06-26 20:21:55,2,0,1,3
2021-06-26 20:21:59,2,1,0,3
2021-06-26 20:22:00,6,0,0,6
2021-06-26 20:22:02,8,0,0,8
2021-06-26 20:22:14,0,0,0,0
2021-06-26 20:22:19,31,3,10,44
2021-06-26 20:22:20,0,0,0,0
2021-06-26 20:22:22,4,0,0,4
2021-06-26 20:22:28,3,4,1,8
2021-06-26 20:22:31,0,0,0,0
2021-06-26 20:22:33,1,0,0,1
2021-06-26 20:22:38,0,0,0,0
2021-06-26 20:22:43,0,0,0,0
2021-06-26 20:22:47,1,0,0,1
2021-06-26 20:22:48,0,0,0,0
2021-06-26 20:22:53,0,0,0,0
2021-06-26 20:22:55,1,0,0,1
2021-06-26 20:22:56,7,0,0,7
2021-06-26 20:22:59,3,0,1,4
2021-06-26 20:23:01,0,0,0,0
2021-06-26 20:23:03,5,0,1,6
2021-06-26 20:23:04,0,0,0,0
2021-06-26 20:23:10,2,0,0,2
2021-06-26 20:23:12,1,0,1,2
2021-06-26 20:23:14,1,0,0,1
2021-06-26 20:23:15,0,0,0,0
2021-06-26 20:23:18,0,0,0,0
2021-06-26 20:23:24,0,0,0,0
2021-06-26 20:23:25,2,0,0,2
2021-06-26 20:23:34,1,0,0,1
2021-06-26 20:23:38,3,1,1,5
2021-06-26 20:23:40,2,0,0,2
2021-06-26 20:23:42,4,0,4,8
2021-06-26 20:23:48,1,0,0,1
2021-06-26 20:23:51,2,1,2,5
2021-06-26 20:23:53,6,0,2,8
2021-06-26 20:23:58,0,0,0,0
2021-06-26 20:23:59,0,0,0,0
2021-06-26 20:24:03,0,0,0,0
2021-06-26 20:24:07,2,0,0,2
2021-06-26 20:24:08,1,0,0,1
2021-06-26 20:24:09,0,0,0,0
2021-06-26 20:24:10,0,0,0,0
2021-06-26 20:24:11,1,0,0,1
2021-06-26 20:24:18,5,0,0,5
2021-06-26 20:24:19,138,14,62,214
2021-06-26 20:24:21,21,1,8,30
2021-06-26 20:24:26,2,0,0,2
2021-06-26 20:24:27,1,0,0,1
2021-06-26 20:24:35,0,0,0,0
2021-06-26 20:24:36,3,0,0,3
2021-06-26 20:24:37,0,0,0,0
2021-06-26 20:24:39,1,0,1,2
2021-06-26 20:24:41,0,0,0,0
2021-06-26 20:24:42,0,0,0,0
2021-06-26 20:24:49,0,0,0,0
2021-06-26 20:24:51,4,1,0,5
2021-06-26 20:24:53,0,0,0,0
2021-06-26 20:24:55,10,0,0,10
2021-06-26 20:24:57,14,1,2,17
2021-06-26 20:24:58,0,0,0,0
2021-06-26 20:25:00,0,0,0,0
2021-06-26 20:25:07,2,0,0,2
2021-06-26 20:25:08,0,0,0,0
2021-06-26 20:25:11,1,0,1,2
2021-06-26 20:25:13,0,0,0,0
2021-06-26 20:25:16,44,5,2,51
2021-06-26 20:25:22,2,0,0,2
2021-06-26 20:25:26,0,0,0,0
2021-06-26 20:25:29,2,0,0,2
2021-06-26 20:25:38,1,0,0,1
2021-06-26 20:25:39,1,0,0,1
2021-06-26 20:25:40,0,0,0,0
2021-06-26 20:25:41,0,0,0,0
2021-06-26 20:25:43,1,0,0,1
2021-06-26 20:25:46,1,0,0,1
2021-06-26 20:25:58,0,0,0,0
2021-06-26 20:25:59,1,0,0,1
2021-06-26 20:26:00,2,0,0,2
2021-06-26 20:26:03,0,0,0,0
2021-06-26 20:26:14,5,0,1,6
2021-06-26 20:26:16,0,0,0,0
2021-06-26 20:26:18,1,0,0,1
2021-06-26 20:26:21,3,0,2,5
2021-06-26 20:26:27,1,0,1,2
2021-06-26 20:26:30,0,0,0,0
2021-06-26 20:26:38,1,0,0,1
2021-06-26 20:26:39,2,0,0,2
2021-06-26 20:26:47,0,0,0,0
2021-06-26 20:26:50,9,0,5,14
2021-06-26 20:26:51,0,0,0,0
2021-06-26 20:26:52,1,0,1,2
2021-06-26 20:26:54,0,0,0,0
2021-06-26 20:26:56,1,0,0,1
2021-06-26 20:26:57,0,0,0,0
2021-06-26 20:27:02,1,1,0,2
2021-06-26 20:27:07,0,0,0,0
2021-06-26 20:27:18,0,0,0,0
2021-06-26 20:27:20,2,0,2,4
2021-06-26 20:27:21,0,0,0,0
2021-06-26 20:27:26,3,0,0,3
2021-06-26 20:27:45,3,0,1,4
2021-06-26 20:27:52,0,0,0,0
2021-06-26 20:28:06,2,0,1,3
2021-06-26 20:28:21,0,0,0,0
2021-06-26 20:28:23,2,0,0,2
2021-06-26 20:28:26,0,0,0,0
2021-06-26 20:28:28,15,1,4,20
2021-06-26 20:28:36,2,0,1,3
2021-06-26 20:28:37,0,0,0,0
2021-06-26 20:28:41,29,2,10,41
2021-06-26 20:28:56,19,3,3,25
2021-06-26 20:28:57,0,0,0,0
2021-06-26 20:28:59,3,0,0,3
2021-06-26 20:29:00,1,0,0,1
2021-06-26 20:29:01,0,0,0,0
2021-06-26 20:29:03,1,0,0,1
2021-06-26 20:29:17,0,0,0,0
2021-06-26 20:29:18,2,0,0,2
2021-06-26 20:29:22,0,0,0,0
2021-06-26 20:29:23,0,0,0,0
2021-06-26 20:29:24,26,1,7,34
2021-06-26 20:29:26,8,0,2,10
2021-06-26 20:29:28,0,0,0,0
2021-06-26 20:29:29,3,0,0,3
2021-06-26 20:29:31,0,0,0,0
2021-06-26 20:29:40,7,0,1,8
2021-06-26 20:29:41,0,0,0,0
2021-06-26 20:29:43,0,0,0,0
2021-06-26 20:29:45,2,0,2,4
2021-06-26 20:29:48,0,0,0,0
2021-06-26 20:29:50,0,0,0,0
2021-06-26 20:29:53,1,0,0,1
2021-06-26 20:30:00,5500,249,1075,6824
2021-06-26 20:30:05,0,0,0,0
2021-06-26 20:30:07,0,0,0,0
2021-06-26 20:30:14,1,0,0,1
2021-06-26 20:30:18,1,1,0,2
2021-06-26 20:30:20,0,0,0,0
2021-06-26 20:30:21,1,0,0,1
2021-06-26 20:30:24,9,0,5,14
2021-06-26 20:30:26,2,0,0,2
2021-06-26 20:30:31,2,1,0,3
2021-06-26 20:30:33,1508,54,566,2128
2021-06-26 20:30:35,0,0,0,0
2021-06-26 20:30:38,14,0,9,23
2021-06-26 20:30:51,3,0,1,4
2021-06-26 20:30:54,0,0,0,0
2021-06-26 20:30:56,0,0,0,0
2021-06-26 20:30:59,0,0,0,0
2021-06-26 20:31:01,1,0,0,1
2021-06-26 20:31:10,15811,332,3467,19610
2021-06-26 20:31:11,7,0,3,10
2021-06-26 20:31:17,98,2,10,110
2021-06-26 20:31:19,2,0,1,3
2021-06-26 20:31:24,0,0,0,0
2021-06-26 20:31:27,1,0,0,1
2021-06-26 20:31:28,3,0,2,5
2021-06-26 20:31:29,1,0,1,2
2021-06-26 20:31:32,16023,360,3389,19772
2021-06-26 20:31:39,152,2,26,180
2021-06-26 20:31:40,3,0,3,6
2021-06-26 20:31:41,1,0,0,1
2021-06-26 20:31:43,1,0,0,1
2021-06-26 20:31:45,1,0,1,2
2021-06-26 20:31:46,5,0,4,9
2021-06-26 20:31:48,26,1,5,32
2021-06-26 20:31:50,0,0,0,0
2021-06-26 20:31:51,0,0,0,0
2021-06-26 20:31:57,3,0,2,5
2021-06-26 20:31:58,62,3,22,87
2021-06-26 20:32:04,1,0,0,1
2021-06-26 20:32:05,4,1,0,5
2021-06-26 20:32:06,1,0,0,1
2021-06-26 20:32:08,2,0,0,2
2021-06-26 20:32:22,905,37,282,1224
2021-06-26 20:32:24,0,0,0,0
2021-06-26 20:32:25,285,14,144,443
2021-06-26 20:32:26,6,0,0,6
2021-06-26 20:32:27,1,0,0,1
2021-06-26 20:32:28,4,0,1,5
2021-06-26 20:32:42,1,0,0,1
2021-06-26 20:32:45,5,0,0,5
2021-06-26 20:32:50,2,0,0,2
2021-06-26 20:32:57,2,0,1,3
2021-06-26 20:32:59,4,0,0,4
2021-06-26 20:33:00,332,18,100,450
2021-06-26 20:33:09,0,0,0,0
2021-06-26 20:33:13,0,0,0,0
2021-06-26 20:33:14,1,0,0,1
2021-06-26 20:33:18,11,0,3,14
2021-06-26 20:33:27,0,0,0,0
2021-06-26 20:33:28,2,0,0,2
2021-06-26 20:33:30,67,8,18,93
2021-06-26 20:33:32,0,0,0,0
2021-06-26 20:33:35,0,0,0,0
2021-06-26 20:33:36,0,0,0,0
2021-06-26 20:33:38,72,1,23,96
2021-06-26 20:33:39,4,0,0,4
2021-06-26 20:33:42,0,0,0,0
2021-06-26 20:33:44,0,0,0,0
2021-06-26 20:33:50,0,0,0,0
2021-06-26 20:33:53,0,0,0,0
2021-06-26 20:33:54,0,0,0,0
2021-06-26 20:33:56,1,0,0,1
2021-06-26 20:33:57,0,0,0,0
2021-06-26 20:34:05,65,4,25,94
2021-06-26 20:34:06,0,0,0,0
2021-06-26 20:34:07,0,0,0,0
2021-06-26 20:34:10,41,0,24,65
2021-06-26 20:34:12,1,0,1,2
2021-06-26 20:34:14,6,0,0,6
2021-06-26 20:34:16,2,0,0,2
2021-06-26 20:34:17,0,0,0,0
2021-06-26 20:34:20,0,0,0,0
2021-06-26 20:34:22,2,0,1,3
2021-06-26 20:34:25,2,0,1,3
2021-06-26 20:34:27,42,1,24,67
2021-06-26 20:34:35,7,0,0,7
2021-06-26 20:34:40,1,0,0,1
2021-06-26 20:34:45,1,0,0,1
2021-06-26 20:34:46,0,0,0,0
2021-06-26 20:34:53,3,0,1,4
2021-06-26 20:34:56,1,0,0,1
2021-06-26 20:34:58,1,0,0,1
2021-06-26 20:34:59,1,0,0,1
2021-06-26 20:35:00,0,0,0,0
2021-06-26 20:35:01,2,1,1,4
2021-06-26 20:35:05,3,0,0,3
2021-06-26 20:35:07,0,0,0,0
2021-06-26 20:35:08,0,0,0,0
2021-06-26 20:35:17,0,0,0,0
2021-06-26 20:35:19,0,0,0,0
2021-06-26 20:35:20,0,0,0,0
2021-06-26 20:35:21,0,0,0,0
2021-06-26 20:35:24,11,2,5,18
2021-06-26 20:35:25,0,0,0,0
2021-06-26 20:35:26,1,0,0,1
2021-06-26 20:35:27,0,0,0,0
2021-06-26 20:35:28,0,0,0,0
2021-06-26 20:35:30,8,1,0,9
2021-06-26 20:35:34,0,0,0,0
2021-06-26 20:35:35,1,0,0,1
2021-06-26 20:35:39,0,0,0,0
2021-06-26 20:35:41,0,0,0,0
2021-06-26 20:35:42,0,0,0,0
2021-06-26 20:35:45,0,0,0,0
2021-06-26 20:35:48,1,0,0,1
2021-06-26 20:35:49,0,0,0,0
2021-06-26 20:35:52,0,0,0,0
2021-06-26 20:35:54,0,0,0,0
2021-06-26 20:35:56,0,0,0,0
2021-06-26 20:35:57,0,0,0,0
2021-06-26 20:36:00,0,0,0,0
2021-06-26 20:36:01,0,0,0,0
2021-06-26 20:36:04,0,0,0,0
2021-06-26 20:36:06,0,0,0,0
2021-06-26 20:36:07,1,0,1,2
2021-06-26 20:36:08,0,0,0,0
2021-06-26 20:36:13,1,0,1,2
2021-06-26 20:36:15,0,0,0,0
2021-06-26 20:36:16,0,0,0,0
2021-06-26 20:36:17,0,0,0,0
2021-06-26 20:36:19,1,1,0,2
2021-06-26 20:36:21,1,0,0,1
2021-06-26 20:36:23,6,1,0,7
2021-06-26 20:36:25,2,0,0,2
2021-06-26 20:36:27,5,0,0,5
2021-06-26 20:36:28,4,0,2,6
2021-06-26 20:36:29,4,0,0,4
2021-06-26 20:36:30,1,0,1,2
2021-06-26 20:36:32,0,0,0,0
2021-06-26 20:36:37,0,0,0,0
2021-06-26 20:36:38,0,0,0,0
2021-06-26 20:36:40,1,0,0,1
2021-06-26 20:36:41,1,0,1,2
2021-06-26 20:36:43,1,0,0,1
2021-06-26 20:36:45,22,2,4,28
2021-06-26 20:36:49,1,0,0,1
2021-06-26 20:36:55,2,0,1,3
2021-06-26 20:36:56,3,0,1,4
2021-06-26 20:36:57,0,0,0,0
2021-06-26 20:37:04,3,0,0,3
2021-06-26 20:37:11,4,0,2,6
2021-06-26 20:37:16,0,0,0,0
2021-06-26 20:37:17,7,0,3,10
2021-06-26 20:37:18,3,0,1,4
2021-06-26 20:37:23,2,0,2,4
2021-06-26 20:37:25,0,0,0,0
2021-06-26 20:37:28,4,0,2,6
2021-06-26 20:37:34,2,0,1,3
2021-06-26 20:37:35,2,0,1,3
2021-06-26 20:37:36,16,0,3,19
2021-06-26 20:37:39,3,0,2,5
2021-06-26 20:37:42,2,0,1,3
2021-06-26 20:37:43,29,1,16,46
2021-06-26 20:37:46,4,0,2,6
2021-06-26 20:37:52,2,0,1,3
2021-06-26 20:37:53,3,0,1,4
2021-06-26 20:37:58,9,0,3,12
2021-06-26 20:38:01,2,0,1,3
2021-06-26 20:38:08,2,0,1,3
2021-06-26 20:38:12,8,2,2,12
2021-06-26 20:38:13,2,0,1,3
2021-06-26 20:38:18,3,0,1,4
2021-06-26 20:38:19,2,0,0,2
2021-06-26 20:38:23,5,0,2,7
2021-06-26 20:38:25,2,0,1,3
2021-06-26 20:38:27,12,0,5,17
2021-06-26 20:38:28,3,0,0,3
2021-06-26 20:38:31,2,0,1,3
2021-06-26 20:38:32,0,0,0,0
2021-06-26 20:38:33,0,0,0,0
2021-06-26 20:38:40,1,0,0,1
2021-06-26 20:38:42,2,0,0,2
2021-06-26 20:38:43,46,0,18,64
2021-06-26 20:38:44,1,0,1,2
2021-06-26 20:38:46,1,0,1,2
2021-06-26 20:38:49,35,0,3,38
2021-06-26 20:38:50,2,0,1,3
2021-06-26 20:38:55,0,0,0,0
2021-06-26 20:39:00,3,0,1,4
2021-06-26 20:39:01,4,0,1,5
2021-06-26 20:39:15,10,0,2,12
2021-06-26 20:39:17,1,0,0,1
2021-06-26 20:39:19,4,0,1,5
2021-06-26 20:39:25,1,0,0,1
2021-06-26 20:39:29,0,0,0,0
2021-06-26 20:39:30,6,0,1,7
2021-06-26 20:39:32,151,2,71,224
2021-06-26 20:39:36,1,0,0,1
2021-06-26 20:39:43,104,1,17,122
2021-06-26 20:39:46,0,0,0,0
2021-06-26 20:39:47,1,0,0,1
2021-06-26 20:39:56,2,1,1,4
2021-06-26 20:39:59,1,0,0,1
2021-06-26 20:40:05,1,0,0,1
2021-06-26 20:40:07,1,0,0,1
2021-06-26 20:40:08,3,0,1,4
2021-06-26 20:40:09,2,0,0,2
2021-06-26 20:40:10,10,0,2,12
2021-06-26 20:40:13,0,0,0,0
2021-06-26 20:40:14,1,0,1,2
2021-06-26 20:40:20,0,0,0,0
2021-06-26 20:40:21,0,0,0,0
2021-06-26 20:40:24,2,0,0,2
2021-06-26 20:40:28,237,14,6,257
2021-06-26 20:40:30,1,0,0,1
2021-06-26 20:40:31,0,0,0,0
2021-06-26 20:40:34,0,0,0,0
2021-06-26 20:40:35,2,2,2,6
2021-06-26 20:40:40,1,0,0,1
2021-06-26 20:40:43,0,0,0,0
2021-06-26 20:40:44,0,0,0,0
2021-06-26 20:40:46,2,0,1,3
2021-06-26 20:40:49,4,1,0,5
2021-06-26 20:40:51,1,0,0,1
2021-06-26 20:40:53,2,0,2,4
2021-06-26 20:40:59,0,0,0,0
2021-06-26 20:41:05,0,0,1,1
2021-06-26 20:41:11,0,0,1,1
2021-06-26 20:41:17,0,0,3,3
2021-06-26 20:41:18,0,0,0,0
2021-06-26 20:41:22,0,0,1,1
2021-06-26 20:41:25,0,0,1,1
2021-06-26 20:41:30,0,0,1,1
2021-06-26 20:41:33,3,0,1,4
2021-06-26 20:41:41,0,0,0,0
2021-06-26 20:41:45,0,0,1,1
2021-06-26 20:41:46,0,0,1,1
2021-06-26 20:41:47,2,0,2,4
2021-06-26 20:41:48,24,0,7,31
2021-06-26 20:41:49,0,0,0,0
2021-06-26 20:42:02,0,0,1,1
2021-06-26 20:42:09,0,0,0,0
2021-06-26 20:42:11,0,0,0,0
2021-06-26 20:42:13,0,0,0,0
2021-06-26 20:42:14,3,0,2,5
2021-06-26 20:42:15,0,0,1,1
2021-06-26 20:42:18,0,0,0,0
2021-06-26 20:42:23,0,0,0,0
2021-06-26 20:42:25,0,0,1,1
2021-06-26 20:42:30,1,0,0,1
2021-06-26 20:42:31,129,4,31,164
2021-06-26 20:42:35,2,1,0,3
2021-06-26 20:42:40,7,0,3,10
2021-06-26 20:42:44,98,2,29,129
2021-06-26 20:42:46,1,0,1,2
2021-06-26 20:42:47,4,0,2,6
2021-06-26 20:42:52,0,0,0,0
2021-06-26 20:42:59,2486,44,475,3005
2021-06-26 20:43:03,3,0,1,4
2021-06-26 20:43:06,22,2,5,29
2021-06-26 20:43:08,3,0,0,3
2021-06-26 20:43:10,0,0,0,0
2021-06-26 20:43:11,2,0,0,2
2021-06-26 20:43:15,1,0,0,1
2021-06-26 20:43:17,0,0,0,0
2021-06-26 20:43:20,725,35,222,982
2021-06-26 20:43:21,0,0,3,3
2021-06-26 20:43:24,0,0,0,0
2021-06-26 20:43:28,9,2,3,14
2021-06-26 20:43:29,0,0,2,2
2021-06-26 20:43:37,2,2,2,6
2021-06-26 20:43:38,3,2,2,7
2021-06-26 20:43:44,0,0,0,0
2021-06-26 20:43:45,1,0,0,1
2021-06-26 20:43:49,2,0,0,2
2021-06-26 20:43:53,23,1,7,31
2021-06-26 20:43:57,0,0,0,0
2021-06-26 20:44:15,2,1,1,4
2021-06-26 20:44:16,0,0,1,1
2021-06-26 20:44:21,73,1,27,101
2021-06-26 20:44:22,10,2,5,17
2021-06-26 20:44:24,2,0,1,3
2021-06-26 20:44:29,2,1,1,4
2021-06-26 20:44:30,119,9,51,179
2021-06-26 20:44:32,2,0,0,2
2021-06-26 20:44:34,1,0,1,2
2021-06-26 20:44:37,129,43,14,186
2021-06-26 20:44:45,1,0,0,1
2021-06-26 20:44:51,1,0,0,1
2021-06-26 20:44:58,1,0,0,1
2021-06-26 20:44:59,3,0,1,4
2021-06-26 20:45:00,1,0,0,1
2021-06-26 20:45:01,1,0,0,1
2021-06-26 20:45:03,1,0,0,1
2021-06-26 20:45:06,8,1,2,11
2021-06-26 20:45:08,1,0,0,1
2021-06-26 20:45:09,4,0,2,6
2021-06-26 20:45:13,2,0,0,2
2021-06-26 20:45:14,3,0,1,4
2021-06-26 20:45:15,1,0,0,1
2021-06-26 20:45:16,1,0,0,1
2021-06-26 20:45:20,1,0,0,1
2021-06-26 20:45:21,1,1,0,2
2021-06-26 20:45:24,5,0,1,6
2021-06-26 20:45:26,1,0,0,1
2021-06-26 20:45:27,1,0,0,1
2021-06-26 20:45:31,1,0,0,1
2021-06-26 20:45:34,1,0,0,1
2021-06-26 20:45:35,1,0,1,2
2021-06-26 20:45:39,2,0,1,3
2021-06-26 20:45:41,2,0,1,3
2021-06-26 20:45:44,6,0,3,9
2021-06-26 20:45:45,1,0,0,1
2021-06-26 20:45:46,1,0,1,2
2021-06-26 20:45:49,55,2,6,63
2021-06-26 20:45:52,0,0,1,1
2021-06-26 20:45:54,2,0,2,4
2021-06-26 20:45:57,0,0,1,1
2021-06-26 20:45:58,1,0,1,2
2021-06-26 20:46:00,4,0,1,5
2021-06-26 20:46:04,5,1,1,7
2021-06-26 20:46:05,2,0,0,2
2021-06-26 20:46:06,8,0,3,11
2021-06-26 20:46:09,1,0,0,1
2021-06-26 20:46:13,1,0,0,1
2021-06-26 20:46:14,0,0,0,0
2021-06-26 20:46:17,1,0,0,1
2021-06-26 20:46:21,2,1,0,3
2021-06-26 20:46:22,46,6,8,60
2021-06-26 20:46:23,1,0,0,1
2021-06-26 20:46:29,1,0,0,1
2021-06-26 20:46:35,1,0,0,1
2021-06-26 20:46:38,1,0,0,1
2021-06-26 20:46:41,72,0,14,86
2021-06-26 20:46:43,1,0,0,1
2021-06-26 20:46:47,2,0,0,2
2021-06-26 20:46:49,11,0,5,16
2021-06-26 20:46:52,2,3,0,5
2021-06-26 20:46:53,13,0,2,15
2021-06-26 20:46:56,2,1,0,3
2021-06-26 20:46:59,1,0,0,1
2021-06-26 20:47:05,3,0,0,3
2021-06-26 20:47:06,1,1,0,2
2021-06-26 20:47:11,23,2,15,40
2021-06-26 20:47:12,1,0,0,1
2021-06-26 20:47:14,1,0,0,1
2021-06-26 20:47:17,1,0,0,1
2021-06-26 20:47:22,1,0,0,1
2021-06-26 20:47:24,2,0,0,2
2021-06-26 20:47:27,1,0,0,1
2021-06-26 20:47:29,2,1,0,3
2021-06-26 20:47:30,0,0,0,0
2021-06-26 20:47:35,1,0,0,1
2021-06-26 20:47:40,0,1,0,1
2021-06-26 20:47:41,1,0,0,1
2021-06-26 20:47:43,0,0,0,0
2021-06-26 20:47:45,1,0,0,1
2021-06-26 20:47:47,0,0,0,0
2021-06-26 20:47:52,2,0,0,2
2021-06-26 20:47:53,0,0,0,0
2021-06-26 20:47:54,0,0,0,0
2021-06-26 20:47:57,54,3,12,69
2021-06-26 20:48:00,0,0,0,0
2021-06-26 20:48:06,0,0,0,0
2021-06-26 20:48:11,14,0,4,18
2021-06-26 20:48:18,0,0,2,2
2021-06-26 20:48:21,2,0,0,2
2021-06-26 20:48:22,5,0,2,7
2021-06-26 20:48:27,1,0,0,1
2021-06-26 20:48:28,0,0,0,0
2021-06-26 20:48:32,1,0,1,2
2021-06-26 20:48:33,0,0,0,0
2021-06-26 20:48:36,103,1,25,129
2021-06-26 20:48:40,0,0,0,0
2021-06-26 20:48:44,3,0,2,5
2021-06-26 20:48:45,0,0,0,0
2021-06-26 20:48:48,3,0,1,4
2021-06-26 20:48:55,1,0,0,1
2021-06-26 20:48:58,0,0,0,0
2021-06-26 20:49:01,0,0,0,0
2021-06-26 20:49:03,20,2,6,28
2021-06-26 20:49:04,0,0,0,0
2021-06-26 20:49:07,0,0,0,0
2021-06-26 20:49:08,24,2,4,30
2021-06-26 20:49:15,1,0,0,1
2021-06-26 20:49:16,1,0,0,1
2021-06-26 20:49:18,42,6,11,59
2021-06-26 20:49:19,0,0,0,0
2021-06-26 20:49:23,7,3,1,11
2021-06-26 20:49:25,0,0,0,0
2021-06-26 20:49:30,0,0,0,0
2021-06-26 20:49:31,0,0,0,0
2021-06-26 20:49:32,9,3,3,15
2021-06-26 20:49:39,0,0,0,0
2021-06-26 20:49:40,0,0,0,0
2021-06-26 20:49:43,2,0,0,2
2021-06-26 20:49:44,0,0,0,0
2021-06-26 20:49:48,1,1,1,3
2021-06-26 20:49:59,1171,61,205,1437
2021-06-26 20:50:01,2,0,0,2
2021-06-26 20:50:03,0,0,0,0
2021-06-26 20:50:05,0,0,0,0
2021-06-26 20:50:09,3,1,2,6
2021-06-26 20:50:12,0,0,0,0
2021-06-26 20:50:14,10,2,4,16
2021-06-26 20:50:19,1,0,0,1
2021-06-26 20:50:21,0,0,0,0
2021-06-26 20:50:23,1,0,1,2
2021-06-26 20:50:27,11,0,1,12
2021-06-26 20:50:31,1,1,0,2
2021-06-26 20:50:33,2,0,1,3
2021-06-26 20:50:36,0,0,0,0
2021-06-26 20:50:44,13,0,1,14
2021-06-26 20:50:46,8,3,0,11
2021-06-26 20:50:49,2,0,0,2
2021-06-26 20:50:50,0,0,0,0
2021-06-26 20:50:52,0,0,0,0
2021-06-26 20:50:56,0,0,0,0
2021-06-26 20:50:57,1,0,0,1
2021-06-26 20:51:05,0,0,0,0
2021-06-26 20:51:06,2,0,0,2
2021-06-26 20:51:12,0,0,0,0
2021-06-26 20:51:13,0,2,0,2
2021-06-26 20:51:15,0,0,0,0
2021-06-26 20:51:17,0,0,0,0
2021-06-26 20:51:19,6,0,3,9
2021-06-26 20:51:21,0,0,0,0
2021-06-26 20:51:22,0,0,0,0
2021-06-26 20:51:26,0,0,0,0
2021-06-26 20:51:28,0,0,0,0
2021-06-26 20:51:30,47,0,18,65
2021-06-26 20:51:37,0,0,0,0
2021-06-26 20:51:38,1,0,0,1
2021-06-26 20:51:40,2,0,0,2
2021-06-26 20:51:48,0,0,0,0
2021-06-26 20:51:49,0,0,1,1
2021-06-26 20:51:52,1,0,0,1
2021-06-26 20:51:56,1,0,0,1
2021-06-26 20:52:00,0,0,1,1
2021-06-26 20:52:01,5,0,0,5
2021-06-26 20:52:02,0,0,0,0
2021-06-26 20:52:05,1,1,0,2
2021-06-26 20:52:15,0,0,0,0
2021-06-26 20:52:18,0,0,0,0
2021-06-26 20:52:19,9,0,4,13
2021-06-26 20:52:23,1,0,0,1
2021-06-26 20:52:25,0,0,0,0
2021-06-26 20:52:28,0,0,0,0
2021-06-26 20:52:30,19,1,9,29
2021-06-26 20:52:38,0,0,0,0
2021-06-26 20:52:40,0,0,0,0
2021-06-26 20:52:41,1,0,0,1
2021-06-26 20:52:42,0,0,0,0
2021-06-26 20:52:43,0,0,0,0
2021-06-26 20:52:47,0,0,0,0
2021-06-26 20:52:48,3,0,0,3
2021-06-26 20:52:49,1,0,0,1
2021-06-26 20:52:56,6,0,0,6
2021-06-26 20:52:57,0,0,0,0
2021-06-26 20:53:03,0,0,0,0
2021-06-26 20:53:04,2,1,0,3
2021-06-26 20:53:12,4,0,0,4
2021-06-26 20:53:14,14,0,4,18
2021-06-26 20:53:19,3,0,0,3
2021-06-26 20:53:20,1,0,0,1
2021-06-26 20:53:22,45,3,10,58
2021-06-26 20:53:24,0,0,0,0
2021-06-26 20:53:30,0,0,0,0
2021-06-26 20:53:31,0,0,0,0
2021-06-26 20:53:33,4,0,0,4
2021-06-26 20:53:34,0,0,0,0
2021-06-26 20:53:36,0,0,0,0
2021-06-26 20:53:37,2,0,0,2
2021-06-26 20:53:39,0,0,0,0
2021-06-26 20:53:41,0,0,0,0
2021-06-26 20:53:42,13,0,4,17
2021-06-26 20:53:47,0,0,0,0
2021-06-26 20:53:48,3,0,1,4
2021-06-26 20:53:49,329,13,110,452
2021-06-26 20:53:51,0,0,0,0
2021-06-26 20:53:52,1,0,1,2
2021-06-26 20:53:54,0,0,0,0
2021-06-26 20:53:55,0,0,0,0
2021-06-26 20:53:56,0,0,0,0
2021-06-26 20:53:59,0,0,0,0
2021-06-26 20:54:02,3,0,0,3
2021-06-26 20:54:03,1,0,0,1
2021-06-26 20:54:05,0,0,0,0
2021-06-26 20:54:07,1,0,0,1
2021-06-26 20:54:08,0,0,0,0
2021-06-26 20:54:10,0,0,0,0
2021-06-26 20:54:12,1,0,0,1
2021-06-26 20:54:14,0,0,1,1
2021-06-26 20:54:18,0,0,0,0
2021-06-26 20:54:21,0,0,0,0
2021-06-26 20:54:22,0,0,0,0
2021-06-26 20:54:24,0,0,0,0
2021-06-26 20:54:25,1,0,0,1
2021-06-26 20:54:31,24,1,4,29
2021-06-26 20:54:32,7,0,0,7
2021-06-26 20:54:38,0,0,0,0
2021-06-26 20:54:39,35,0,9,44
2021-06-26 20:54:41,0,0,0,0
2021-06-26 20:54:43,1,0,0,1
2021-06-26 20:54:44,1,0,0,1
2021-06-26 20:54:45,22,1,14,37
2021-06-26 20:54:50,12,1,3,16
2021-06-26 20:54:51,0,0,0,0
2021-06-26 20:54:52,0,0,0,0
2021-06-26 20:54:56,4,0,0,4
2021-06-26 20:54:57,1,0,0,1
2021-06-26 20:54:58,0,0,0,0
2021-06-26 20:55:01,0,0,0,0
2021-06-26 20:55:03,0,0,0,0
2021-06-26 20:55:07,0,0,0,0
2021-06-26 20:55:08,2,0,0,2
2021-06-26 20:55:14,0,0,0,0
2021-06-26 20:55:15,0,0,0,0
2021-06-26 20:55:17,13,0,3,16
2021-06-26 20:55:18,0,0,0,0
2021-06-26 20:55:20,1,0,0,1
2021-06-26 20:55:24,0,0,0,0
2021-06-26 20:55:29,0,0,0,0
2021-06-26 20:55:30,0,0,0,0
2021-06-26 20:55:31,0,0,0,0
2021-06-26 20:55:36,1,0,0,1
2021-06-26 20:55:37,5,0,0,5
2021-06-26 20:55:40,0,0,0,0
2021-06-26 20:55:41,0,0,0,0
2021-06-26 20:55:42,6,0,0,6
2021-06-26 20:55:43,3,0,2,5
2021-06-26 20:55:46,0,0,0,0
2021-06-26 20:55:47,0,0,0,0
2021-06-26 20:55:50,0,0,0,0
2021-06-26 20:55:54,2,1,0,3
2021-06-26 20:55:56,1,0,0,1
2021-06-26 20:55:57,25,0,7,32
2021-06-26 20:55:58,0,0,0,0
2021-06-26 20:56:00,0,0,0,0
2021-06-26 20:56:07,62,0,6,68
2021-06-26 20:56:10,0,0,0,0
2021-06-26 20:56:12,0,0,0,0
2021-06-26 20:56:19,0,0,0,0
2021-06-26 20:56:20,0,0,0,0
2021-06-26 20:56:26,1,0,0,1
2021-06-26 20:56:27,5,0,0,5
2021-06-26 20:56:34,0,0,0,0
2021-06-26 20:56:36,0,0,0,0
2021-06-26 20:56:39,9,9,0,18
2021-06-26 20:56:40,0,0,0,0
2021-06-26 20:56:46,1,0,0,1
2021-06-26 20:56:47,2,0,0,2
2021-06-26 20:56:51,0,0,0,0
2021-06-26 20:56:55,0,0,0,0
2021-06-26 20:56:56,0,0,0,0
2021-06-26 20:56:59,1,0,0,1
2021-06-26 20:57:03,0,0,0,0
2021-06-26 20:57:06,0,0,0,0
2021-06-26 20:57:07,1,0,0,1
2021-06-26 20:57:08,0,0,0,0
2021-06-26 20:57:09,0,0,0,0
2021-06-26 20:57:11,5,0,0,5
2021-06-26 20:57:13,4,0,0,4
2021-06-26 20:57:14,1,0,0,1
2021-06-26 20:57:16,5,0,0,5
2021-06-26 20:57:20,0,0,0,0
2021-06-26 20:57:23,8,0,0,8
2021-06-26 20:57:26,1,0,0,1
2021-06-26 20:57:27,2907,99,721,3727
2021-06-26 20:57:30,2,0,0,2
2021-06-26 20:57:31,2,0,0,2
2021-06-26 20:57:38,29,1,13,43
2021-06-26 20:57:39,1,0,0,1
2021-06-26 20:57:40,0,0,0,0
2021-06-26 20:57:46,3,0,0,3
2021-06-26 20:57:49,0,0,0,0
2021-06-26 20:57:51,0,0,0,0
2021-06-26 20:57:55,0,0,0,0
2021-06-26 20:57:56,0,0,0,0
2021-06-26 20:58:01,7,0,5,12
2021-06-26 20:58:04,2,0,0,2
2021-06-26 20:58:05,4,0,0,4
2021-06-26 20:58:06,4,0,1,5
2021-06-26 20:58:16,42,3,9,54
2021-06-26 20:58:23,1,0,1,2
2021-06-26 20:58:25,0,1,0,1
2021-06-26 20:58:31,0,0,0,0
2021-06-26 20:58:38,0,0,0,0
2021-06-26 20:58:39,0,0,0,0
2021-06-26 20:58:41,3,0,0,3
2021-06-26 20:58:42,0,0,0,0
2021-06-26 20:58:46,0,0,0,0
2021-06-26 20:58:54,1,0,0,1
2021-06-26 20:58:55,2,0,2,4
2021-06-26 20:58:59,1,0,0,1
2021-06-26 20:59:00,0,0,0,0
2021-06-26 20:59:01,5467,129,1036,6632
2021-06-26 20:59:02,1,0,0,1
2021-06-26 20:59:04,1,0,0,1
2021-06-26 20:59:08,1,0,0,1
2021-06-26 20:59:14,0,0,0,0
2021-06-26 20:59:19,0,0,0,0
2021-06-26 20:59:24,1,0,0,1
2021-06-26 20:59:26,3,0,1,4
2021-06-26 20:59:28,3,0,0,3
2021-06-26 20:59:33,1,0,0,1
2021-06-26 20:59:35,0,0,0,0
2021-06-26 20:59:40,1,0,0,1
2021-06-26 20:59:45,4,0,1,5
2021-06-26 20:59:46,4,0,1,5
2021-06-26 20:59:49,0,0,0,0
2021-06-26 20:59:51,8,0,4,12
2021-06-26 20:59:57,2,0,0,2
2021-06-26 20:59:59,5,0,0,5
2021-06-26 21:00:07,0,0,0,0
2021-06-26 21:00:08,6,0,1,7
2021-06-26 21:00:11,4,0,2,6
2021-06-26 21:00:14,2,0,0,2
2021-06-26 21:00:16,4,0,1,5
2021-06-26 21:00:18,3,0,1,4
2021-06-26 21:00:19,1,0,0,1
2021-06-26 21:00:22,4,1,0,5
2021-06-26 21:00:24,3,0,0,3
2021-06-26 21:00:25,6,2,0,8
2021-06-26 21:00:33,0,0,0,0
2021-06-26 21:00:35,2,0,0,2
2021-06-26 21:00:38,1,0,0,1
2021-06-26 21:00:48,0,0,0,0
2021-06-26 21:00:49,4,0,0,4
2021-06-26 21:00:51,1,0,0,1
2021-06-26 21:00:55,625,144,199,968
2021-06-26 21:00:57,2,0,1,3
2021-06-26 21:01:00,0,0,0,0
2021-06-26 21:01:01,0,0,0,0
2021-06-26 21:01:11,0,0,0,0
2021-06-26 21:01:17,0,0,0,0
2021-06-26 21:01:18,0,0,0,0
2021-06-26 21:01:19,2,0,0,2
2021-06-26 21:01:20,1,0,0,1
2021-06-26 21:01:25,1,0,0,1
2021-06-26 21:01:28,1,0,0,1
2021-06-26 21:01:29,1,0,0,1
2021-06-26 21:01:33,1,0,0,1
2021-06-26 21:01:35,1,0,0,1
2021-06-26 21:01:39,2,0,0,2
2021-06-26 21:01:40,4,0,0,4
2021-06-26 21:01:44,2,0,0,2
2021-06-26 21:01:53,1,0,0,1
2021-06-26 21:01:54,0,0,0,0
2021-06-26 21:01:56,0,0,0,0
2021-06-26 21:01:58,1,1,1,3
2021-06-26 21:02:00,2,1,0,3
2021-06-26 21:02:07,0,0,0,0
2021-06-26 21:02:09,2,0,2,4
2021-06-26 21:02:10,0,0,0,0
2021-06-26 21:02:15,0,0,0,0
2021-06-26 21:02:17,2,0,0,2
2021-06-26 21:02:18,72,2,27,101
2021-06-26 21:02:24,0,0,0,0
2021-06-26 21:02:29,0,0,0,0
2021-06-26 21:02:30,2,1,1,4
2021-06-26 21:02:31,4,0,2,6
2021-06-26 21:02:33,173,4,69,246
2021-06-26 21:02:34,0,0,0,0
2021-06-26 21:02:39,0,0,0,0
2021-06-26 21:02:40,820,48,254,1122
2021-06-26 21:02:47,2,0,0,2
2021-06-26 21:02:54,0,0,0,0
2021-06-26 21:02:56,1,0,0,1
2021-06-26 21:02:57,11,0,9,20
2021-06-26 21:03:00,0,0,0,0
2021-06-26 21:03:07,0,0,0,0
2021-06-26 21:03:08,0,0,0,0
2021-06-26 21:03:19,0,0,0,0
2021-06-26 21:03:21,4,1,1,6
2021-06-26 21:03:24,1,0,0,1
2021-06-26 21:03:30,1,0,0,1
2021-06-26 21:03:32,1,0,0,1
2021-06-26 21:03:33,174,7,65,246
2021-06-26 21:03:34,2,0,0,2
2021-06-26 21:03:36,8,0,3,11
2021-06-26 21:03:40,0,0,0,0
2021-06-26 21:03:43,0,0,0,0
2021-06-26 21:03:46,1,0,0,1
2021-06-26 21:03:47,0,0,0,0
2021-06-26 21:03:49,3,0,0,3
2021-06-26 21:03:50,0,0,0,0
2021-06-26 21:03:55,0,0,0,0
2021-06-26 21:03:57,9,0,2,11
2021-06-26 21:04:00,0,0,1,1
2021-06-26 21:04:03,0,0,0,0
2021-06-26 21:04:06,1,0,0,1
2021-06-26 21:04:07,0,0,1,1
2021-06-26 21:04:14,1,0,0,1
2021-06-26 21:04:16,4,0,0,4
2021-06-26 21:04:24,3,1,1,5
2021-06-26 21:04:26,0,0,0,0
2021-06-26 21:04:28,0,0,0,0
2021-06-26 21:04:32,1,0,0,1
2021-06-26 21:04:33,9,1,4,14
2021-06-26 21:04:35,1,0,0,1
2021-06-26 21:04:40,2,0,2,4
2021-06-26 21:04:41,6,0,0,6
2021-06-26 21:04:42,1,0,1,2
2021-06-26 21:04:48,3,0,0,3
2021-06-26 21:04:52,2,0,0,2
2021-06-26 21:04:59,0,0,0,0
2021-06-26 21:05:01,2,0,0,2
2021-06-26 21:05:03,0,0,0,0
2021-06-26 21:05:10,1,0,0,1
2021-06-26 21:05:13,1,0,0,1
2021-06-26 21:05:14,12,0,2,14
2021-06-26 21:05:18,0,0,0,0
2021-06-26 21:05:20,0,0,0,0
2021-06-26 21:05:26,1,0,0,1
2021-06-26 21:05:29,7,0,1,8
2021-06-26 21:05:30,1,0,0,1
2021-06-26 21:05:31,0,0,0,0
2021-06-26 21:05:32,9,1,1,11
2021-06-26 21:05:33,51,0,10,61
2021-06-26 21:05:41,0,0,0,0
2021-06-26 21:05:42,2,0,1,3
2021-06-26 21:05:44,5,0,1,6
2021-06-26 21:05:47,0,0,0,0
2021-06-26 21:05:48,0,0,0,0
2021-06-26 21:05:51,6,0,2,8
2021-06-26 21:05:53,0,0,0,0
2021-06-26 21:05:55,1,0,0,1
2021-06-26 21:05:58,105,0,35,140
2021-06-26 21:06:03,0,0,0,0
2021-06-26 21:06:04,0,0,0,0
2021-06-26 21:06:07,0,0,0,0
2021-06-26 21:06:13,0,0,0,0
2021-06-26 21:06:16,2,0,0,2
2021-06-26 21:06:17,0,0,0,0
2021-06-26 21:06:21,0,0,0,0
2021-06-26 21:06:22,17,0,6,23
2021-06-26 21:06:29,1,1,1,3
2021-06-26 21:06:37,1,0,0,1
2021-06-26 21:06:45,0,1,0,1
2021-06-26 21:06:48,0,0,0,0
2021-06-26 21:06:49,0,0,0,0
2021-06-26 21:06:52,3,0,2,5
2021-06-26 21:06:53,2,0,0,2
2021-06-26 21:06:56,1,0,0,1
2021-06-26 21:07:01,8,0,6,14
2021-06-26 21:07:02,0,1,0,1
2021-06-26 21:07:05,3,0,1,4
2021-06-26 21:07:06,1,0,1,2
2021-06-26 21:07:07,1,0,1,2
2021-06-26 21:07:11,1,0,1,2
2021-06-26 21:07:13,0,1,0,1
2021-06-26 21:07:16,1,0,0,1
2021-06-26 21:07:18,8,0,0,8
2021-06-26 21:07:19,0,0,0,0
2021-06-26 21:07:23,0,0,0,0
2021-06-26 21:07:26,2,0,1,3
2021-06-26 21:07:27,0,0,0,0
2021-06-26 21:07:31,3,0,1,4
2021-06-26 21:07:34,59,2,23,84
2021-06-26 21:07:35,6,0,1,7
2021-06-26 21:07:38,4,0,1,5
2021-06-26 21:07:44,1,0,0,1
2021-06-26 21:07:46,0,0,0,0
2021-06-26 21:07:48,0,0,0,0
2021-06-26 21:07:50,1,0,0,1
2021-06-26 21:07:54,4,0,0,4
2021-06-26 21:07:55,0,0,0,0
2021-06-26 21:08:01,1,0,0,1
2021-06-26 21:08:02,3,0,2,5
2021-06-26 21:08:03,47,3,11,61
2021-06-26 21:08:05,4,1,1,6
2021-06-26 21:08:10,4,2,0,6
2021-06-26 21:08:12,3,1,0,4
2021-06-26 21:08:13,1,1,0,2
2021-06-26 21:08:19,0,0,0,0
2021-06-26 21:08:20,1,0,0,1
2021-06-26 21:08:21,1,0,0,1
2021-06-26 21:08:23,1,0,0,1
2021-06-26 21:08:25,1,0,1,2
2021-06-26 21:08:26,1,0,0,1
2021-06-26 21:08:27,0,0,0,0
2021-06-26 21:08:28,1,0,0,1
2021-06-26 21:08:30,1,0,0,1
2021-06-26 21:08:31,0,3,0,3
2021-06-26 21:08:33,2,0,0,2
2021-06-26 21:08:34,38,4,30,72
2021-06-26 21:08:36,1,1,0,2
2021-06-26 21:08:37,0,0,0,0
2021-06-26 21:08:38,1,0,1,2
2021-06-26 21:08:40,6,0,3,9
2021-06-26 21:08:41,0,0,0,0
2021-06-26 21:08:42,3,0,1,4
2021-06-26 21:08:45,1,0,0,1
2021-06-26 21:08:47,15,0,5,20
2021-06-26 21:08:49,0,0,0,0
2021-06-26 21:08:51,1,0,0,1
2021-06-26 21:08:53,0,0,0,0
2021-06-26 21:09:03,7,0,2,9
2021-06-26 21:09:11,0,0,0,0
2021-06-26 21:09:15,0,0,0,0
2021-06-26 21:09:16,0,0,0,0
2021-06-26 21:09:19,4,0,3,7
2021-06-26 21:09:21,0,0,0,0
2021-06-26 21:09:24,0,0,0,0
2021-06-26 21:09:26,1,0,0,1
2021-06-26 21:09:28,0,0,0,0
2021-06-26 21:09:29,0,0,0,0
2021-06-26 21:09:30,31,1,4,36
2021-06-26 21:09:31,7,0,5,12
2021-06-26 21:09:35,0,0,0,0
2021-06-26 21:09:39,0,0,0,0
2021-06-26 21:09:41,0,0,0,0
2021-06-26 21:09:44,0,0,0,0
2021-06-26 21:09:46,0,0,0,0
2021-06-26 21:09:48,7,0,6,13
2021-06-26 21:09:53,0,0,0,0
2021-06-26 21:09:55,2,0,0,2
2021-06-26 21:09:58,0,0,0,0
2021-06-26 21:09:59,0,1,0,1
2021-06-26 21:10:02,20,0,8,28
2021-06-26 21:10:04,5,0,2,7
2021-06-26 21:10:07,19,0,8,27
2021-06-26 21:10:08,2,0,0,2
2021-06-26 21:10:11,0,0,0,0
2021-06-26 21:10:13,10,0,0,10
2021-06-26 21:10:16,1,1,0,2
2021-06-26 21:10:19,0,0,0,0
2021-06-26 21:10:22,0,0,0,0
2021-06-26 21:10:28,1,0,0,1
2021-06-26 21:10:31,1,0,0,1
2021-06-26 21:10:32,5,0,1,6
2021-06-26 21:10:34,1,0,0,1
2021-06-26 21:10:35,0,0,0,0
2021-06-26 21:10:40,1,0,0,1
2021-06-26 21:10:45,1,0,0,1
2021-06-26 21:10:48,0,0,0,0
2021-06-26 21:10:50,0,0,0,0
2021-06-26 21:10:55,8,0,4,12
2021-06-26 21:11:00,0,0,0,0
2021-06-26 21:11:02,1,0,1,2
2021-06-26 21:11:04,0,3,0,3
2021-06-26 21:11:06,553,26,177,756
2021-06-26 21:11:07,0,3,0,3
2021-06-26 21:11:13,3,3,0,6
2021-06-26 21:11:28,0,0,0,0
2021-06-26 21:11:30,6,1,0,7
2021-06-26 21:11:31,4,0,1,5
2021-06-26 21:11:32,1,0,0,1
2021-06-26 21:11:33,2,0,1,3
2021-06-26 21:11:34,1,0,0,1
2021-06-26 21:11:39,0,0,0,0
2021-06-26 21:11:40,1,0,0,1
2021-06-26 21:11:45,23,0,4,27
2021-06-26 21:11:47,0,0,0,0
2021-06-26 21:11:48,6,0,1,7
2021-06-26 21:11:49,0,0,0,0
2021-06-26 21:11:50,2,0,0,2
2021-06-26 21:11:54,0,0,0,0
2021-06-26 21:12:03,2,0,2,4
2021-06-26 21:12:06,0,0,0,0
2021-06-26 21:12:07,0,0,0,0
2021-06-26 21:12:08,0,0,0,0
2021-06-26 21:12:09,3,0,0,3
2021-06-26 21:12:10,0,0,0,0
2021-06-26 21:12:11,0,1,0,1
2021-06-26 21:12:18,0,0,0,0
2021-06-26 21:12:22,0,0,0,0
2021-06-26 21:12:23,0,0,0,0
2021-06-26 21:12:25,0,0,0,0
2021-06-26 21:12:30,0,0,0,0
2021-06-26 21:12:40,1,0,0,1
2021-06-26 21:12:41,1,1,0,2
2021-06-26 21:12:42,1,0,0,1
2021-06-26 21:12:47,1,0,2,3
2021-06-26 21:12:48,9,0,2,11
2021-06-26 21:12:58,5,0,2,7
2021-06-26 21:13:01,0,0,0,0
2021-06-26 21:13:04,1,2,0,3
2021-06-26 21:13:08,0,0,0,0
2021-06-26 21:13:10,1,1,0,2
2021-06-26 21:13:18,4,0,2,6
2021-06-26 21:13:19,1,0,0,1
2021-06-26 21:13:23,2,0,2,4
2021-06-26 21:13:24,0,0,0,0
2021-06-26 21:13:26,7,0,1,8
2021-06-26 21:13:27,4,0,2,6
2021-06-26 21:13:41,1,1,1,3
2021-06-26 21:13:43,0,0,0,0
2021-06-26 21:13:49,2,0,0,2
2021-06-26 21:13:52,0,0,0,0
2021-06-26 21:13:54,0,0,0,0
2021-06-26 21:13:56,3,2,0,5
2021-06-26 21:14:06,38,2,25,65
2021-06-26 21:14:07,2,6,0,8
2021-06-26 21:14:08,1,3,0,4
2021-06-26 21:14:09,1,3,0,4
2021-06-26 21:14:13,2,3,0,5
2021-06-26 21:14:14,7,3,2,12
2021-06-26 21:14:15,626,34,209,869
2021-06-26 21:14:20,2,3,0,5
2021-06-26 21:14:24,0,3,0,3
2021-06-26 21:14:26,3,3,1,7
2021-06-26 21:14:29,0,0,0,0
2021-06-26 21:14:31,1,0,0,1
2021-06-26 21:14:35,3959,53,425,4437
2021-06-26 21:14:36,8,4,4,16
2021-06-26 21:14:39,1,3,0,4
2021-06-26 21:14:40,0,0,0,0
2021-06-26 21:14:42,5,3,0,8
2021-06-26 21:14:48,0,3,0,3
2021-06-26 21:14:58,0,5,0,5
2021-06-26 21:15:01,1,3,0,4
2021-06-26 21:15:08,0,6,0,6
2021-06-26 21:15:10,1,3,1,5
2021-06-26 21:15:14,0,3,0,3
2021-06-26 21:15:17,36,3,5,44
2021-06-26 21:15:22,0,3,0,3
2021-06-26 21:15:25,0,3,0,3
2021-06-26 21:15:26,122,2,44,168
2021-06-26 21:15:28,3,3,1,7
2021-06-26 21:15:34,0,3,0,3
2021-06-26 21:15:41,4,0,0,4
2021-06-26 21:15:45,0,0,0,0
2021-06-26 21:15:48,2,1,0,3
2021-06-26 21:15:50,5,1,1,7
2021-06-26 21:15:54,90,6,17,113
2021-06-26 21:16:03,7,0,3,10
2021-06-26 21:16:05,0,0,0,0
2021-06-26 21:16:07,0,0,0,0
2021-06-26 21:16:11,3,0,2,5
2021-06-26 21:16:13,0,0,0,0
2021-06-26 21:16:14,7,0,4,11
2021-06-26 21:16:16,3,0,1,4
2021-06-26 21:16:17,5,2,1,8
2021-06-26 21:16:19,2,2,1,5
2021-06-26 21:16:20,24,1,10,35
2021-06-26 21:16:23,2,0,1,3
2021-06-26 21:16:28,0,0,0,0
2021-06-26 21:16:30,0,0,0,0
2021-06-26 21:16:32,22,3,10,35
2021-06-26 21:16:37,1,0,1,2
2021-06-26 21:16:46,4,1,3,8
2021-06-26 21:16:49,1,0,1,2
2021-06-26 21:16:51,0,0,0,0
2021-06-26 21:16:53,2612,81,579,3272
2021-06-26 21:17:03,2,0,1,3
2021-06-26 21:17:06,2,0,1,3
2021-06-26 21:17:13,3,0,0,3
2021-06-26 21:17:16,12,0,12,24
2021-06-26 21:17:20,5,0,3,8
2021-06-26 21:17:21,4,0,2,6
2021-06-26 21:17:24,3,0,2,5
2021-06-26 21:17:29,3,0,2,5
2021-06-26 21:17:38,1,0,1,2
2021-06-26 21:17:41,1,0,1,2
2021-06-26 21:17:47,2,0,0,2
2021-06-26 21:17:49,0,0,0,0
2021-06-26 21:17:53,1,1,0,2
2021-06-26 21:17:54,2,0,1,3
2021-06-26 21:18:00,0,0,0,0
2021-06-26 21:18:02,1,0,0,1
2021-06-26 21:18:07,0,0,0,0
2021-06-26 21:18:12,2,0,2,4
2021-06-26 21:18:15,3,0,0,3
2021-06-26 21:18:20,40,0,5,45
2021-06-26 21:18:24,51,0,17,68
2021-06-26 21:18:26,1,0,1,2
2021-06-26 21:18:32,1,0,0,1
2021-06-26 21:18:34,1,0,0,1
2021-06-26 21:18:37,0,0,0,0
2021-06-26 21:18:41,1,0,0,1
2021-06-26 21:18:42,0,0,0,0
2021-06-26 21:18:44,58,2,16,76
2021-06-26 21:18:50,0,0,0,0
2021-06-26 21:18:52,0,0,0,0
2021-06-26 21:18:57,28,3,14,45
2021-06-26 21:18:59,0,0,0,0
2021-06-26 21:19:00,5,0,2,7
2021-06-26 21:19:12,37,3,18,58
2021-06-26 21:19:15,3,1,0,4
2021-06-26 21:19:20,686,27,169,882
2021-06-26 21:19:22,18,0,8,26
2021-06-26 21:19:23,1,0,0,1
2021-06-26 21:19:30,15,0,8,23
2021-06-26 21:19:36,0,0,0,0
2021-06-26 21:19:37,0,0,0,0
2021-06-26 21:19:38,0,0,0,0
2021-06-26 21:19:43,3,0,1,4
2021-06-26 21:19:44,8,2,4,14
2021-06-26 21:19:51,40,2,13,55
2021-06-26 21:19:52,0,0,0,0
2021-06-26 21:19:53,14,0,10,24
2021-06-26 21:19:57,0,0,0,0
2021-06-26 21:19:59,4,0,2,6
2021-06-26 21:20:02,3,0,0,3
2021-06-26 21:20:05,17,0,6,23
2021-06-26 21:20:07,1,1,1,3
2021-06-26 21:20:08,0,0,0,0
2021-06-26 21:20:09,0,0,0,0
2021-06-26 21:20:10,5,0,0,5
2021-06-26 21:20:12,0,0,0,0
2021-06-26 21:20:15,0,0,0,0
2021-06-26 21:20:21,18,1,5,24
2021-06-26 21:20:26,0,0,0,0
2021-06-26 21:20:27,2,0,2,4
2021-06-26 21:20:33,5,0,2,7
2021-06-26 21:20:36,0,0,0,0
2021-06-26 21:20:38,28,1,19,48
2021-06-26 21:20:40,3,0,0,3
2021-06-26 21:20:43,2,0,1,3
2021-06-26 21:20:44,4,0,1,5
2021-06-26 21:20:53,0,0,0,0
2021-06-26 21:20:54,9,2,3,14
2021-06-26 21:21:03,0,0,0,0
2021-06-26 21:21:05,26,0,0,26
2021-06-26 21:21:08,6,0,3,9
2021-06-26 21:21:11,2,0,2,4
2021-06-26 21:21:13,2,0,0,2
2021-06-26 21:21:16,0,1,0,1
2021-06-26 21:21:17,1,0,0,1
2021-06-26 21:21:21,1,0,0,1
2021-06-26 21:21:22,5,0,2,7
2021-06-26 21:21:24,2,0,0,2
2021-06-26 21:21:25,1,0,0,1
2021-06-26 21:21:26,0,0,1,1
2021-06-26 21:21:36,1,0,1,2
2021-06-26 21:21:39,4,0,2,6
2021-06-26 21:21:43,7,0,3,10
2021-06-26 21:21:44,3,0,1,4
2021-06-26 21:21:50,5,0,2,7
2021-06-26 21:21:56,53,5,23,81
2021-06-26 21:21:57,2,0,2,4
2021-06-26 21:21:59,6,0,3,9
2021-06-26 21:22:01,1,0,0,1
2021-06-26 21:22:02,0,0,0,0
2021-06-26 21:22:03,0,0,0,0
2021-06-26 21:22:07,40,1,13,54
2021-06-26 21:22:10,16,0,6,22
2021-06-26 21:22:11,29,0,12,41
2021-06-26 21:22:16,3,0,0,3
2021-06-26 21:22:18,19,1,8,28
2021-06-26 21:22:29,12,1,3,16
2021-06-26 21:22:30,1,0,0,1
2021-06-26 21:22:35,2,0,1,3
2021-06-26 21:22:36,5,0,3,8
2021-06-26 21:22:38,0,0,0,0
2021-06-26 21:22:39,0,0,0,0
2021-06-26 21:22:50,6,0,4,10
2021-06-26 21:22:51,4,0,0,4
2021-06-26 21:22:53,1,0,0,1
2021-06-26 21:22:54,2,0,2,4
2021-06-26 21:22:55,0,0,0,0
2021-06-26 21:22:59,8,0,7,15
2021-06-26 21:23:08,6,0,4,10
2021-06-26 21:23:09,2,0,0,2
2021-06-26 21:23:20,4,0,3,7
2021-06-26 21:23:23,7,1,3,11
2021-06-26 21:23:35,80,1,28,109
2021-06-26 21:23:41,0,0,0,0
2021-06-26 21:23:46,1,0,1,2
2021-06-26 21:23:52,7,0,1,8
2021-06-26 21:23:53,77,0,12,89
2021-06-26 21:23:54,1,0,1,2
2021-06-26 21:23:55,5,1,0,6
2021-06-26 21:23:58,4,0,0,4
2021-06-26 21:24:04,0,0,0,0
2021-06-26 21:24:09,0,0,0,0
2021-06-26 21:24:11,0,0,0,0
2021-06-26 21:24:13,5,0,1,6
2021-06-26 21:24:14,0,0,0,0
2021-06-26 21:24:16,0,0,0,0
2021-06-26 21:24:17,11,0,5,16
2021-06-26 21:24:18,2,0,1,3
2021-06-26 21:24:21,11,1,3,15
2021-06-26 21:24:24,11,0,2,13
2021-06-26 21:24:26,1,0,0,1
2021-06-26 21:24:32,1,0,1,2
2021-06-26 21:24:33,8,2,4,14
2021-06-26 21:24:34,1,0,0,1
2021-06-26 21:24:41,2,0,1,3
2021-06-26 21:24:49,0,0,0,0
2021-06-26 21:24:52,0,0,0,0
2021-06-26 21:25:00,1,0,0,1
2021-06-26 21:25:03,10,2,4,16
2021-06-26 21:25:18,45,0,13,58
2021-06-26 21:25:22,1,0,0,1
2021-06-26 21:25:28,0,0,0,0
2021-06-26 21:25:29,7,0,8,15
2021-06-26 21:25:36,4,0,1,5
2021-06-26 21:25:40,30,0,3,33
2021-06-26 21:25:43,0,0,0,0
2021-06-26 21:25:44,1,0,1,2
2021-06-26 21:25:51,25,1,9,35
2021-06-26 21:25:56,1,0,0,1
2021-06-26 21:25:57,113,1,52,166
2021-06-26 21:25:59,3,0,2,5
2021-06-26 21:26:02,1,0,0,1
2021-06-26 21:26:03,1,0,1,2
2021-06-26 21:26:04,0,1,0,1
2021-06-26 21:26:07,0,0,0,0
2021-06-26 21:26:09,0,0,0,0
2021-06-26 21:26:10,1,0,0,1
2021-06-26 21:26:11,2,0,1,3
2021-06-26 21:26:12,4,0,2,6
2021-06-26 21:26:13,1,0,0,1
2021-06-26 21:26:19,0,0,0,0
2021-06-26 21:26:23,0,0,0,0
2021-06-26 21:26:25,0,0,0,0
2021-06-26 21:26:30,5,0,1,6
2021-06-26 21:26:31,1,0,1,2
2021-06-26 21:26:38,4,0,2,6
2021-06-26 21:26:40,1,0,0,1
2021-06-26 21:26:50,0,0,0,0
2021-06-26 21:26:59,0,0,0,0
2021-06-26 21:27:00,4,0,0,4
2021-06-26 21:27:06,0,0,0,0
2021-06-26 21:27:08,2,0,0,2
2021-06-26 21:27:09,0,0,0,0
2021-06-26 21:27:10,11653,443,973,13069
2021-06-26 21:27:16,109,17,25,151
2021-06-26 21:27:20,23,0,14,37
2021-06-26 21:27:21,2,0,0,2
2021-06-26 21:27:22,1,1,1,3
2021-06-26 21:27:26,1,0,1,2
2021-06-26 21:27:34,11,0,9,20
2021-06-26 21:27:38,0,0,0,0
2021-06-26 21:27:39,2,0,0,2
2021-06-26 21:27:40,1,0,0,1
2021-06-26 21:27:41,1,0,0,1
2021-06-26 21:27:47,1,0,1,2
2021-06-26 21:27:54,0,0,0,0
2021-06-26 21:27:55,0,0,0,0
2021-06-26 21:27:58,0,0,0,0
2021-06-26 21:27:59,4,0,3,7
2021-06-26 21:28:10,0,0,0,0
2021-06-26 21:28:15,3,0,0,3
2021-06-26 21:28:17,0,0,0,0
2021-06-26 21:28:30,0,0,0,0
2021-06-26 21:28:31,1,0,0,1
2021-06-26 21:28:32,1,0,0,1
2021-06-26 21:28:33,0,0,0,0
2021-06-26 21:28:34,0,0,0,0
2021-06-26 21:28:41,26,0,6,32
2021-06-26 21:28:46,0,0,0,0
2021-06-26 21:28:47,0,0,0,0
2021-06-26 21:28:51,1,0,0,1
2021-06-26 21:28:52,3,0,1,4
2021-06-26 21:29:03,0,0,0,0
2021-06-26 21:29:05,1,0,0,1
2021-06-26 21:29:10,1,0,1,2
2021-06-26 21:29:11,0,0,0,0
2021-06-26 21:29:15,3,0,0,3
2021-06-26 21:29:21,3,0,0,3
2021-06-26 21:29:28,2,0,2,4
2021-06-26 21:29:30,1,0,0,1
2021-06-26 21:29:31,2,0,0,2
2021-06-26 21:29:35,256,14,91,361
2021-06-26 21:29:41,1,0,0,1
2021-06-26 21:29:42,0,0,0,0
2021-06-26 21:29:47,0,0,0,0
2021-06-26 21:29:50,26,1,2,29
2021-06-26 21:29:52,0,0,0,0
2021-06-26 21:29:54,0,0,0,0
2021-06-26 21:30:00,586,14,150,750
2021-06-26 21:30:08,1,0,0,1
2021-06-26 21:30:17,0,0,0,0
2021-06-26 21:30:18,1,0,0,1
2021-06-26 21:30:22,2,0,0,2
2021-06-26 21:30:24,2,0,1,3
2021-06-26 21:30:26,0,0,0,0
2021-06-26 21:30:27,0,0,0,0
2021-06-26 21:30:28,6,0,1,7
2021-06-26 21:30:34,0,0,0,0
2021-06-26 21:30:37,4,0,0,4
2021-06-26 21:30:40,3,0,0,3
2021-06-26 21:30:43,746,46,124,916
2021-06-26 21:30:48,0,0,0,0
2021-06-26 21:30:52,0,0,0,0
2021-06-26 21:30:56,0,0,0,0
2021-06-26 21:30:58,0,0,0,0
2021-06-26 21:30:59,0,0,0,0
2021-06-26 21:31:00,8,0,2,10
2021-06-26 21:31:10,0,0,0,0
2021-06-26 21:31:15,0,0,0,0
2021-06-26 21:31:18,4,0,1,5
2021-06-26 21:31:21,0,0,0,0
2021-06-26 21:31:28,0,0,0,0
2021-06-26 21:31:29,0,0,0,0
2021-06-26 21:31:34,0,0,0,0
2021-06-26 21:31:40,1,1,1,3
2021-06-26 21:31:41,0,0,0,0
2021-06-26 21:31:42,3,0,0,3
2021-06-26 21:31:46,4,0,1,5
2021-06-26 21:31:49,5,2,0,7
2021-06-26 21:31:50,2,0,2,4
2021-06-26 21:31:53,1,0,0,1
2021-06-26 21:31:57,1,0,0,1
2021-06-26 21:32:10,1,0,1,2
2021-06-26 21:32:12,0,0,0,0
2021-06-26 21:32:14,1,0,0,1
2021-06-26 21:32:19,0,0,0,0
2021-06-26 21:32:20,1,0,0,1
2021-06-26 21:32:21,2,0,0,2
2021-06-26 21:32:26,1,0,0,1
2021-06-26 21:32:27,5,0,0,5
2021-06-26 21:32:29,1,0,0,1
2021-06-26 21:32:41,9,0,1,10
2021-06-26 21:32:43,3,0,1,4
2021-06-26 21:32:49,1,0,0,1
2021-06-26 21:32:53,78,6,27,111
2021-06-26 21:32:55,4445,474,506,5425
2021-06-26 21:33:00,2,0,0,2
2021-06-26 21:33:02,1,0,0,1
2021-06-26 21:33:07,5,0,2,7
2021-06-26 21:33:11,1,0,0,1
2021-06-26 21:33:13,13,1,6,20
2021-06-26 21:33:23,0,0,0,0
2021-06-26 21:33:25,3,0,0,3
2021-06-26 21:33:27,3,0,0,3
2021-06-26 21:33:30,2,0,0,2
2021-06-26 21:33:31,1,0,0,1
2021-06-26 21:33:32,0,0,0,0
2021-06-26 21:33:33,0,0,1,1
2021-06-26 21:33:34,1,2,0,3
2021-06-26 21:33:35,0,0,0,0
2021-06-26 21:33:38,1,0,0,1
2021-06-26 21:33:40,2,0,0,2
2021-06-26 21:33:41,0,0,0,0
2021-06-26 21:33:44,1,0,0,1
2021-06-26 21:33:45,106,2,46,154
2021-06-26 21:33:49,0,0,0,0
2021-06-26 21:33:53,0,0,0,0
2021-06-26 21:33:54,0,0,0,0
2021-06-26 21:33:57,0,0,0,0
2021-06-26 21:33:59,0,0,0,0
2021-06-26 21:34:04,12,0,3,15
2021-06-26 21:34:06,0,1,0,1
2021-06-26 21:34:08,1,0,0,1
2021-06-26 21:34:09,0,0,0,0
2021-06-26 21:34:12,4,1,3,8
2021-06-26 21:34:13,0,0,0,0
2021-06-26 21:34:15,0,0,0,0
2021-06-26 21:34:18,0,0,0,0
2021-06-26 21:34:21,1,0,0,1
2021-06-26 21:34:22,0,0,0,0
2021-06-26 21:34:24,0,0,0,0
2021-06-26 21:34:28,0,0,0,0
2021-06-26 21:34:37,0,0,0,0
2021-06-26 21:34:40,1,0,1,2
2021-06-26 21:34:43,0,0,0,0
2021-06-26 21:34:45,3,0,2,5
2021-06-26 21:34:46,0,0,0,0
2021-06-26 21:34:47,0,0,0,0
2021-06-26 21:34:48,2,0,1,3
2021-06-26 21:34:51,82,2,38,122
2021-06-26 21:34:55,1,0,0,1
2021-06-26 21:34:58,0,2,0,2
2021-06-26 21:35:01,0,0,0,0
2021-06-26 21:35:02,1,0,1,2
2021-06-26 21:35:04,4,0,0,4
2021-06-26 21:35:05,0,0,0,0
2021-06-26 21:35:08,1,0,1,2
2021-06-26 21:35:12,0,0,0,0
2021-06-26 21:35:16,0,0,0,0
2021-06-26 21:35:25,0,0,0,0
2021-06-26 21:35:27,1,0,1,2
2021-06-26 21:35:32,1,0,1,2
2021-06-26 21:35:33,1,0,1,2
2021-06-26 21:35:35,8,0,5,13
2021-06-26 21:35:40,0,0,0,0
2021-06-26 21:35:41,1,0,1,2
2021-06-26 21:35:43,0,0,0,0
2021-06-26 21:35:45,0,0,0,0
2021-06-26 21:35:47,2,0,1,3
2021-06-26 21:35:52,0,0,0,0
2021-06-26 21:35:55,1,0,1,2
2021-06-26 21:35:59,3,0,1,4
2021-06-26 21:36:03,1,0,0,1
2021-06-26 21:36:12,2,1,0,3
2021-06-26 21:36:18,0,0,0,0
2021-06-26 21:36:21,4,2,0,6
2021-06-26 21:36:22,1,0,0,1
2021-06-26 21:36:26,7,0,0,7
2021-06-26 21:36:33,1,0,0,1
2021-06-26 21:36:34,0,0,0,0
2021-06-26 21:36:36,7,0,1,8
2021-06-26 21:36:39,1,0,0,1
2021-06-26 21:36:45,0,0,0,0
2021-06-26 21:36:46,0,0,0,0
2021-06-26 21:36:48,0,0,0,0
2021-06-26 21:36:49,0,0,0,0
2021-06-26 21:36:58,4,0,1,5
2021-06-26 21:37:01,12,0,5,17
2021-06-26 21:37:11,0,0,1,1
2021-06-26 21:37:13,27,1,9,37
2021-06-26 21:37:15,0,0,0,0
2021-06-26 21:37:18,47,0,19,66
2021-06-26 21:37:23,6,0,0,6
2021-06-26 21:37:25,0,0,0,0
2021-06-26 21:37:27,2,0,0,2
2021-06-26 21:37:32,0,0,0,0
2021-06-26 21:37:35,1,0,0,1
2021-06-26 21:37:36,2,0,0,2
2021-06-26 21:37:37,0,0,0,0
2021-06-26 21:37:46,0,0,0,0
2021-06-26 21:37:51,0,0,0,0
2021-06-26 21:37:53,122,4,17,143
2021-06-26 21:38:04,0,0,0,0
2021-06-26 21:38:05,0,0,0,0
2021-06-26 21:38:07,1,0,0,1
2021-06-26 21:38:14,3,1,0,4
2021-06-26 21:38:18,1,0,1,2
2021-06-26 21:38:20,0,0,0,0
2021-06-26 21:38:25,0,0,0,0
2021-06-26 21:38:26,0,0,0,0
2021-06-26 21:38:30,0,0,0,0
2021-06-26 21:38:34,0,0,0,0
2021-06-26 21:38:39,0,0,0,0
2021-06-26 21:38:51,1,0,0,1
2021-06-26 21:38:53,1,1,0,2
2021-06-26 21:38:54,0,0,0,0
2021-06-26 21:38:55,1,0,0,1
2021-06-26 21:38:57,10,0,2,12
2021-06-26 21:39:00,0,0,0,0
2021-06-26 21:39:01,7,0,4,11
2021-06-26 21:39:03,0,0,0,0
2021-06-26 21:39:17,13,0,3,16
2021-06-26 21:39:23,12,0,3,15
2021-06-26 21:39:24,1,0,0,1
2021-06-26 21:39:34,0,0,1,1
2021-06-26 21:39:38,1,0,1,2
2021-06-26 21:39:41,1,0,1,2
2021-06-26 21:39:50,1,1,0,2
2021-06-26 21:39:51,1,0,1,2
2021-06-26 21:39:53,0,0,0,0
2021-06-26 21:39:57,0,0,0,0
2021-06-26 21:39:58,4,0,2,6
2021-06-26 21:40:01,1,0,1,2
2021-06-26 21:40:09,0,0,0,0
2021-06-26 21:40:10,1,0,1,2
2021-06-26 21:40:12,1,0,0,1
2021-06-26 21:40:13,0,0,0,0
2021-06-26 21:40:20,1,0,1,2
2021-06-26 21:40:23,0,0,0,0
2021-06-26 21:40:27,0,0,0,0
2021-06-26 21:40:28,1,0,0,1
2021-06-26 21:40:38,0,0,0,0
2021-06-26 21:40:39,1,0,0,1
2021-06-26 21:40:41,3,0,2,5
2021-06-26 21:40:42,0,0,0,0
2021-06-26 21:40:45,47,1,13,61
2021-06-26 21:40:47,1,0,1,2
2021-06-26 21:40:54,0,0,0,0
2021-06-26 21:40:59,0,0,1,1
2021-06-26 21:41:00,0,0,0,0
2021-06-26 21:41:05,1,0,0,1
2021-06-26 21:41:08,1,0,0,1
2021-06-26 21:41:16,71,0,33,104
2021-06-26 21:41:17,4,0,0,4
2021-06-26 21:41:35,0,0,0,0
2021-06-26 21:41:47,0,0,0,0
2021-06-26 21:41:48,1,1,0,2
2021-06-26 21:41:52,0,0,0,0
2021-06-26 21:41:56,0,0,0,0
2021-06-26 21:42:00,0,0,0,0
2021-06-26 21:42:02,3,1,1,5
2021-06-26 21:42:06,0,0,0,0
2021-06-26 21:42:07,7,0,3,10
2021-06-26 21:42:13,0,0,0,0
2021-06-26 21:42:18,0,0,0,0
2021-06-26 21:42:31,2,0,1,3
2021-06-26 21:42:35,0,0,0,0
2021-06-26 21:42:38,0,0,0,0
2021-06-26 21:42:40,1,0,1,2
2021-06-26 21:42:45,4,0,0,4
2021-06-26 21:42:46,0,0,0,0
2021-06-26 21:42:49,0,0,0,0
2021-06-26 21:42:54,0,0,0,0
2021-06-26 21:42:58,3,0,0,3
2021-06-26 21:43:06,0,0,0,0
2021-06-26 21:43:11,7,0,5,12
2021-06-26 21:43:12,0,0,0,0
2021-06-26 21:43:13,0,0,0,0
2021-06-26 21:43:15,0,0,0,0
2021-06-26 21:43:17,108,3,37,148
2021-06-26 21:43:19,0,0,0,0
2021-06-26 21:43:21,16,0,9,25
2021-06-26 21:43:26,0,0,0,0
2021-06-26 21:43:29,0,0,0,0
2021-06-26 21:43:30,1,0,0,1
2021-06-26 21:43:35,3,0,1,4
2021-06-26 21:43:37,0,0,0,0
2021-06-26 21:43:41,0,0,0,0
2021-06-26 21:43:46,0,0,0,0
2021-06-26 21:43:49,1,0,1,2
2021-06-26 21:43:55,1,0,1,2
2021-06-26 21:43:58,13,1,9,23
2021-06-26 21:44:13,0,0,0,0
2021-06-26 21:44:19,5,0,5,10
2021-06-26 21:44:21,5,0,4,9
2021-06-26 21:44:26,6,0,3,9
2021-06-26 21:44:30,0,0,0,0
2021-06-26 21:44:37,7,5,0,12
2021-06-26 21:44:38,7,0,4,11
2021-06-26 21:44:40,1,1,0,2
2021-06-26 21:44:41,18,2,7,27
2021-06-26 21:44:49,0,0,0,0
2021-06-26 21:44:55,0,0,0,0
2021-06-26 21:44:56,3,0,2,5
2021-06-26 21:44:58,0,0,0,0
2021-06-26 21:44:59,0,0,0,0
2021-06-26 21:45:03,2,1,0,3
2021-06-26 21:45:07,1,0,0,1
2021-06-26 21:45:10,1,0,1,2
2021-06-26 21:45:12,2,0,1,3
2021-06-26 21:45:15,2,0,0,2
2021-06-26 21:45:22,1,0,0,1
2021-06-26 21:45:26,2,1,0,3
2021-06-26 21:45:31,0,0,0,0
2021-06-26 21:45:41,10,2,6,18
2021-06-26 21:45:42,1,0,0,1
2021-06-26 21:45:43,5,0,1,6
2021-06-26 21:45:49,7,0,2,9
2021-06-26 21:45:51,1,0,0,1
2021-06-26 21:45:53,0,0,0,0
2021-06-26 21:45:55,487,8,64,559
2021-06-26 21:45:57,1,0,0,1
2021-06-26 21:46:02,0,0,0,0
2021-06-26 21:46:04,0,0,0,0
2021-06-26 21:46:05,0,0,0,0
2021-06-26 21:46:06,33,0,20,53
2021-06-26 21:46:07,0,0,0,0
2021-06-26 21:46:10,0,0,0,0
2021-06-26 21:46:17,0,0,0,0
2021-06-26 21:46:18,0,0,0,0
2021-06-26 21:46:19,382,14,109,505
2021-06-26 21:46:22,0,0,0,0
2021-06-26 21:46:43,2,0,0,2
2021-06-26 21:46:44,1,0,0,1
2021-06-26 21:46:47,5,0,3,8
2021-06-26 21:46:52,1,0,0,1
2021-06-26 21:46:56,1,0,0,1
2021-06-26 21:46:59,2,0,1,3
2021-06-26 21:47:14,0,2,0,2
2021-06-26 21:47:19,0,0,0,0
2021-06-26 21:47:30,0,0,0,0
2021-06-26 21:47:33,1,0,0,1
2021-06-26 21:47:35,0,0,0,0
2021-06-26 21:47:39,40,5,16,61
2021-06-26 21:47:47,1,0,0,1
2021-06-26 21:48:04,1,0,2,3
2021-06-26 21:48:07,22,0,15,37
2021-06-26 21:48:16,221,7,68,296
2021-06-26 21:48:17,2,0,0,2
2021-06-26 21:48:21,1,0,0,1
2021-06-26 21:48:32,30,0,0,30
2021-06-26 21:48:42,1,0,0,1
2021-06-26 21:48:43,3,0,0,3
2021-06-26 21:48:44,0,0,0,0
2021-06-26 21:48:48,4,3,1,8
2021-06-26 21:48:51,1,0,0,1
2021-06-26 21:48:52,0,0,0,0
2021-06-26 21:48:54,2,0,0,2
2021-06-26 21:49:06,4,1,3,8
2021-06-26 21:49:12,2,0,1,3
2021-06-26 21:49:16,3,0,0,3
2021-06-26 21:49:24,9,0,2,11
2021-06-26 21:49:25,0,0,0,0
2021-06-26 21:49:28,0,0,0,0
2021-06-26 21:49:35,0,0,0,0
2021-06-26 21:49:37,1,0,1,2
2021-06-26 21:49:45,0,0,0,0
2021-06-26 21:49:46,4,0,0,4
2021-06-26 21:49:47,8,0,4,12
2021-06-26 21:49:57,1,1,0,2
2021-06-26 21:49:59,2,0,0,2
2021-06-26 21:50:03,1,0,0,1
2021-06-26 21:50:04,2,0,0,2
2021-06-26 21:50:05,2,1,1,4
2021-06-26 21:50:09,1,0,0,1
2021-06-26 21:50:23,0,0,0,0
2021-06-26 21:50:25,0,0,0,0
2021-06-26 21:50:31,0,0,0,0
2021-06-26 21:50:33,1,0,1,2
2021-06-26 21:50:36,2,0,2,4
2021-06-26 21:50:41,1,0,1,2
2021-06-26 21:50:46,18,0,16,34
2021-06-26 21:50:49,1956,56,620,2632
2021-06-26 21:50:53,3,1,1,5
2021-06-26 21:50:55,11,0,4,15
2021-06-26 21:51:02,1,0,1,2
2021-06-26 21:51:06,0,0,0,0
2021-06-26 21:51:10,2,0,1,3
2021-06-26 21:51:21,1,0,0,1
2021-06-26 21:51:28,33,2,19,54
2021-06-26 21:51:37,0,0,0,0
2021-06-26 21:51:40,2,0,1,3
2021-06-26 21:51:49,0,0,0,0
2021-06-26 21:51:56,0,0,0,0
2021-06-26 21:52:01,0,0,0,0
2021-06-26 21:52:05,0,0,0,0
2021-06-26 21:52:11,16,1,2,19
2021-06-26 21:52:13,1,0,1,2
2021-06-26 21:52:15,0,0,0,0
2021-06-26 21:52:17,0,0,0,0
2021-06-26 21:52:20,0,0,0,0
2021-06-26 21:52:24,8,0,3,11
2021-06-26 21:52:31,1,0,0,1
2021-06-26 21:52:37,1,0,0,1
2021-06-26 21:52:40,0,0,0,0
2021-06-26 21:52:42,0,1,0,1
2021-06-26 21:53:02,1,0,0,1
2021-06-26 21:53:06,0,0,0,0
2021-06-26 21:53:07,1,0,0,1
2021-06-26 21:53:19,0,0,0,0
2021-06-26 21:53:28,0,0,0,0
2021-06-26 21:53:37,0,0,0,0
2021-06-26 21:53:40,13,0,0,13
2021-06-26 21:53:45,8,1,3,12
2021-06-26 21:53:46,0,0,0,0
2021-06-26 21:53:53,0,0,0,0
2021-06-26 21:53:54,1,0,0,1
2021-06-26 21:53:58,1,0,1,2
2021-06-26 21:53:59,0,0,0,0
2021-06-26 21:54:01,0,0,0,0
2021-06-26 21:54:04,0,0,0,0
2021-06-26 21:54:08,0,0,0,0
2021-06-26 21:54:09,8,0,2,10
2021-06-26 21:54:11,3,0,0,3
2021-06-26 21:54:13,14,0,4,18
2021-06-26 21:54:14,5,1,2,8
2021-06-26 21:54:16,4,0,1,5
2021-06-26 21:54:20,3,1,1,5
2021-06-26 21:54:23,1,0,1,2
2021-06-26 21:54:24,0,0,0,0
2021-06-26 21:54:29,0,0,0,0
2021-06-26 21:54:32,0,0,0,0
2021-06-26 21:54:35,0,0,0,0
2021-06-26 21:54:37,0,0,0,0
2021-06-26 21:54:40,0,0,0,0
2021-06-26 21:54:43,307,6,109,422
2021-06-26 21:54:44,0,0,0,0
2021-06-26 21:54:46,1,0,0,1
2021-06-26 21:54:47,0,0,0,0
2021-06-26 21:54:51,0,0,0,0
2021-06-26 21:54:53,0,0,0,0
2021-06-26 21:54:56,0,0,0,0
2021-06-26 21:54:59,2,0,0,2
2021-06-26 21:55:04,0,0,0,0
2021-06-26 21:55:06,0,0,0,0
2021-06-26 21:55:07,0,0,0,0
2021-06-26 21:55:11,2,0,0,2
2021-06-26 21:55:12,0,0,0,0
2021-06-26 21:55:15,0,0,0,0
2021-06-26 21:55:19,1,0,0,1
2021-06-26 21:55:20,2,0,0,2
2021-06-26 21:55:24,10,4,1,15
2021-06-26 21:55:26,0,0,0,0
2021-06-26 21:55:28,1,0,1,2
2021-06-26 21:55:31,0,0,0,0
2021-06-26 21:55:32,0,0,0,0
2021-06-26 21:55:39,0,0,0,0
2021-06-26 21:55:40,0,0,0,0
2021-06-26 21:55:41,0,0,0,0
2021-06-26 21:55:42,1,0,0,1
2021-06-26 21:55:44,0,0,0,0
2021-06-26 21:55:50,0,0,0,0
2021-06-26 21:55:56,0,0,0,0
2021-06-26 21:56:02,1,0,0,1
2021-06-26 21:56:03,0,0,0,0
2021-06-26 21:56:05,1,0,0,1
2021-06-26 21:56:08,0,0,0,0
2021-06-26 21:56:09,0,1,0,1
2021-06-26 21:56:12,5,0,1,6
2021-06-26 21:56:13,0,0,0,0
2021-06-26 21:56:18,0,0,0,0
2021-06-26 21:56:19,0,0,0,0
2021-06-26 21:56:21,0,0,0,0
2021-06-26 21:56:26,2,0,0,2
2021-06-26 21:56:28,1,0,0,1
2021-06-26 21:56:32,1,0,0,1
2021-06-26 21:56:40,1,0,0,1
2021-06-26 21:56:42,0,0,0,0
2021-06-26 21:56:43,3,1,0,4
2021-06-26 21:56:44,52,1,21,74
2021-06-26 21:56:46,0,0,0,0
2021-06-26 21:56:48,1,0,0,1
2021-06-26 21:56:52,1,0,0,1
2021-06-26 21:56:56,1,0,0,1
2021-06-26 21:56:58,0,0,0,0
2021-06-26 21:57:00,4,0,3,7
2021-06-26 21:57:04,4,0,0,4
2021-06-26 21:57:05,1,0,0,1
2021-06-26 21:57:08,2,0,0,2
2021-06-26 21:57:09,3,0,0,3
2021-06-26 21:57:12,0,0,0,0
2021-06-26 21:57:14,1,0,0,1
2021-06-26 21:57:21,862,220,176,1258
2021-06-26 21:57:25,1,0,0,1
2021-06-26 21:57:29,0,0,0,0
2021-06-26 21:57:37,0,0,0,0
2021-06-26 21:57:41,2,0,0,2
2021-06-26 21:57:43,0,0,0,0
2021-06-26 21:57:45,2,0,0,2
2021-06-26 21:57:54,5,0,0,5
2021-06-26 21:57:56,2,0,0,2
2021-06-26 21:57:57,1,0,0,1
2021-06-26 21:57:59,0,0,0,0
2021-06-26 21:58:08,2,0,0,2
2021-06-26 21:58:10,3,0,0,3
2021-06-26 21:58:14,4,0,0,4
2021-06-26 21:58:22,7,0,3,10
2021-06-26 21:58:24,1,0,1,2
2021-06-26 21:58:41,2,1,1,4
2021-06-26 21:58:45,1,0,0,1
2021-06-26 21:58:47,5,0,0,5
2021-06-26 21:58:49,4,0,1,5
2021-06-26 21:58:57,1,0,1,2
2021-06-26 21:59:01,1,0,0,1
2021-06-26 21:59:09,4,0,0,4
2021-06-26 21:59:17,0,0,0,0
2021-06-26 21:59:20,0,0,0,0
2021-06-26 21:59:26,0,0,0,0
2021-06-26 21:59:30,0,0,0,0
2021-06-26 21:59:34,2,4,0,6
2021-06-26 21:59:36,0,0,1,1
2021-06-26 21:59:39,8,1,0,9
2021-06-26 21:59:40,0,0,0,0
2021-06-26 21:59:45,0,0,0,0
2021-06-26 21:59:47,0,0,0,0
2021-06-26 21:59:48,0,0,0,0
2021-06-26 21:59:49,9,0,2,11
2021-06-26 21:59:52,1,0,0,1
2021-06-26 22:00:00,1,0,1,2
2021-06-26 22:00:01,9,0,2,11
2021-06-26 22:00:03,0,0,0,0
2021-06-26 22:00:05,3,0,0,3
2021-06-26 22:00:08,46,1,22,69
2021-06-26 22:00:09,0,0,1,1
2021-06-26 22:00:15,406,13,152,571
2021-06-26 22:00:19,1,0,1,2
2021-06-26 22:00:28,2,0,0,2
2021-06-26 22:00:50,2,0,0,2
2021-06-26 22:00:54,3,0,2,5
2021-06-26 22:00:56,5,0,0,5
2021-06-26 22:01:04,0,0,0,0
2021-06-26 22:01:09,9,0,10,19
2021-06-26 22:01:23,1,0,0,1
2021-06-26 22:01:39,3,0,0,3
2021-06-26 22:01:41,0,0,0,0
2021-06-26 22:01:51,2,0,0,2
2021-06-26 22:01:52,1,0,0,1
2021-06-26 22:02:03,0,0,0,0
2021-06-26 22:02:04,0,0,0,0
2021-06-26 22:02:06,1,0,0,1
2021-06-26 22:02:08,0,0,0,0
2021-06-26 22:02:17,1,0,0,1
2021-06-26 22:02:25,1,0,0,1
2021-06-26 22:02:27,0,0,0,0
2021-06-26 22:02:32,2,0,0,2
2021-06-26 22:02:34,0,0,0,0
2021-06-26 22:02:39,1,0,0,1
2021-06-26 22:02:40,15,0,0,15
2021-06-26 22:02:44,3,0,3,6
2021-06-26 22:02:45,2,0,0,2
2021-06-26 22:02:46,22,2,16,40
2021-06-26 22:02:48,0,0,0,0
2021-06-26 22:02:49,10,0,0,10
2021-06-26 22:02:51,1,0,1,2
2021-06-26 22:02:52,0,0,0,0
2021-06-26 22:02:53,1,0,0,1
2021-06-26 22:02:56,0,0,0,0
2021-06-26 22:03:03,0,0,0,0
2021-06-26 22:03:12,6,0,2,8
2021-06-26 22:03:13,12,0,10,22
2021-06-26 22:03:14,10,0,7,17
2021-06-26 22:03:15,0,0,0,0
2021-06-26 22:03:18,0,0,0,0
2021-06-26 22:03:20,1,0,0,1
2021-06-26 22:03:23,0,0,0,0
2021-06-26 22:03:27,7,1,2,10
2021-06-26 22:03:30,0,0,0,0
2021-06-26 22:03:34,2,0,1,3
2021-06-26 22:03:41,1,0,1,2
2021-06-26 22:03:52,0,0,0,0
2021-06-26 22:03:56,1,0,0,1
2021-06-26 22:03:58,1,0,0,1
2021-06-26 22:04:02,2,0,3,5
2021-06-26 22:04:05,3,1,2,6
2021-06-26 22:04:08,0,0,0,0
2021-06-26 22:04:17,1,0,0,1
2021-06-26 22:04:18,0,0,0,0
2021-06-26 22:04:22,0,0,0,0
2021-06-26 22:04:23,1,0,0,1
2021-06-26 22:04:26,0,0,0,0
2021-06-26 22:04:29,1,0,0,1
2021-06-26 22:04:31,1,0,0,1
2021-06-26 22:04:35,0,0,1,1
2021-06-26 22:04:37,2,0,0,2
2021-06-26 22:04:38,24,2,12,38
2021-06-26 22:04:46,0,0,0,0
2021-06-26 22:04:51,12,4,9,25
2021-06-26 22:04:52,3,0,1,4
2021-06-26 22:04:57,0,0,0,0
2021-06-26 22:05:01,1,0,0,1
2021-06-26 22:05:02,4,0,0,4
2021-06-26 22:05:11,0,0,0,0
2021-06-26 22:05:14,3,0,1,4
2021-06-26 22:05:16,0,0,1,1
2021-06-26 22:05:17,0,0,0,0
2021-06-26 22:05:25,3,0,1,4
2021-06-26 22:05:33,0,0,0,0
2021-06-26 22:05:39,15,0,5,20
2021-06-26 22:05:44,0,0,0,0
2021-06-26 22:05:52,1,0,0,1
2021-06-26 22:05:53,0,1,0,1
2021-06-26 22:05:54,3,0,0,3
2021-06-26 22:06:05,0,0,1,1
2021-06-26 22:06:16,2,0,0,2
2021-06-26 22:06:23,2,0,1,3
2021-06-26 22:06:24,0,0,1,1
2021-06-26 22:06:34,2,0,0,2
2021-06-26 22:06:35,2,0,1,3
2021-06-26 22:06:38,0,0,0,0
2021-06-26 22:07:00,0,0,0,0
2021-06-26 22:07:03,13,0,0,13
2021-06-26 22:07:08,1,0,1,2
2021-06-26 22:07:30,4,0,0,4
2021-06-26 22:07:32,5,0,1,6
2021-06-26 22:07:35,2,0,0,2
2021-06-26 22:07:42,2,0,0,2
2021-06-26 22:07:48,2,0,0,2
2021-06-26 22:07:57,3,1,0,4
2021-06-26 22:07:59,2,1,0,3
2021-06-26 22:08:04,5,0,1,6
2021-06-26 22:08:14,0,0,0,0
2021-06-26 22:08:17,0,0,0,0
2021-06-26 22:08:19,0,0,0,0
2021-06-26 22:08:23,1,0,1,2
2021-06-26 22:08:24,1,0,0,1
2021-06-26 22:08:39,20,0,2,22
2021-06-26 22:08:42,0,0,0,0
2021-06-26 22:08:46,3,0,0,3
2021-06-26 22:08:53,6,0,2,8
2021-06-26 22:08:54,0,0,0,0
2021-06-26 22:08:55,2,0,0,2
2021-06-26 22:09:05,0,0,0,0
2021-06-26 22:09:06,2,0,0,2
2021-06-26 22:09:10,2,0,1,3
2021-06-26 22:09:16,0,0,0,0
2021-06-26 22:09:19,0,0,0,0
2021-06-26 22:09:23,1,0,0,1
2021-06-26 22:09:29,0,0,0,0
2021-06-26 22:09:33,1,0,0,1
2021-06-26 22:09:39,0,0,1,1
2021-06-26 22:09:42,2,0,2,4
2021-06-26 22:09:50,3,0,2,5
2021-06-26 22:09:51,3,0,1,4
2021-06-26 22:09:56,4,2,0,6
2021-06-26 22:09:57,2,1,0,3
2021-06-26 22:10:02,0,0,0,0
2021-06-26 22:10:04,1,0,1,2
2021-06-26 22:10:15,1,0,0,1
2021-06-26 22:10:17,2,0,0,2
2021-06-26 22:10:24,0,0,0,0
2021-06-26 22:10:25,0,0,0,0
2021-06-26 22:10:28,1,0,0,1
2021-06-26 22:10:29,32,0,17,49
2021-06-26 22:10:30,7,0,2,9
2021-06-26 22:10:41,1,0,0,1
2021-06-26 22:10:42,3,0,0,3
2021-06-26 22:10:49,0,0,0,0
2021-06-26 22:10:51,9,0,7,16
2021-06-26 22:10:55,1,0,0,1
2021-06-26 22:11:06,1,0,0,1
2021-06-26 22:11:11,0,0,0,0
2021-06-26 22:11:13,4,0,0,4
2021-06-26 22:11:14,1,0,0,1
2021-06-26 22:11:22,2,0,0,2
2021-06-26 22:11:24,4,1,2,7
2021-06-26 22:11:25,0,0,0,0
2021-06-26 22:11:36,0,0,1,1
2021-06-26 22:11:39,1,1,1,3
2021-06-26 22:11:46,0,0,0,0
2021-06-26 22:11:48,1,1,1,3
2021-06-26 22:11:51,6,2,2,10
2021-06-26 22:11:53,1,0,1,2
2021-06-26 22:11:57,2,0,3,5
2021-06-26 22:11:59,14,0,6,20
2021-06-26 22:12:06,0,0,0,0
2021-06-26 22:12:07,11,0,2,13
2021-06-26 22:12:12,0,0,0,0
2021-06-26 22:12:25,0,0,0,0
2021-06-26 22:12:26,0,0,1,1
2021-06-26 22:12:27,0,0,0,0
2021-06-26 22:12:30,0,0,0,0
2021-06-26 22:12:34,1,1,0,2
2021-06-26 22:12:36,0,0,0,0
2021-06-26 22:12:39,33,0,4,37
2021-06-26 22:12:42,0,0,0,0
2021-06-26 22:12:46,1,0,0,1
2021-06-26 22:12:49,4,0,1,5
2021-06-26 22:12:58,1,0,0,1
2021-06-26 22:13:02,0,0,0,0
2021-06-26 22:13:09,1,0,0,1
2021-06-26 22:13:13,7,0,2,9
2021-06-26 22:13:16,1,0,0,1
2021-06-26 22:13:18,3,0,1,4
2021-06-26 22:13:20,0,0,0,0
2021-06-26 22:13:30,3,0,0,3
2021-06-26 22:13:39,0,0,0,0
2021-06-26 22:13:42,5,0,3,8
2021-06-26 22:13:45,0,0,0,0
2021-06-26 22:13:47,0,0,0,0
2021-06-26 22:13:52,1,0,0,1
2021-06-26 22:14:09,0,0,0,0
2021-06-26 22:14:15,0,0,0,0
2021-06-26 22:14:25,0,0,0,0
2021-06-26 22:14:27,13,1,4,18
2021-06-26 22:14:29,1,0,0,1
2021-06-26 22:14:38,5,0,3,8
2021-06-26 22:14:41,0,0,0,0
2021-06-26 22:14:43,9,0,6,15
2021-06-26 22:15:04,0,0,0,0
2021-06-26 22:15:21,0,0,0,0
2021-06-26 22:15:26,14,2,0,16
2021-06-26 22:15:37,0,0,0,0
2021-06-26 22:15:40,2,0,0,2
2021-06-26 22:15:42,4,0,1,5
2021-06-26 22:15:52,0,0,0,0
2021-06-26 22:15:58,2,0,0,2
2021-06-26 22:16:00,0,0,0,0
2021-06-26 22:16:07,0,1,0,1
2021-06-26 22:16:16,0,0,0,0
2021-06-26 22:16:17,1,0,0,1
2021-06-26 22:16:35,0,0,0,0
2021-06-26 22:16:43,34,0,12,46
2021-06-26 22:16:49,1261,65,295,1621
2021-06-26 22:16:53,1,0,0,1
2021-06-26 22:17:02,0,0,0,0
2021-06-26 22:17:03,0,0,2,2
2021-06-26 22:17:06,21,0,11,32
2021-06-26 22:17:16,1,0,0,1
2021-06-26 22:17:17,23,0,3,26
2021-06-26 22:17:20,0,0,0,0
2021-06-26 22:17:22,0,0,0,0
2021-06-26 22:17:31,0,0,0,0
2021-06-26 22:17:34,27,0,9,36
2021-06-26 22:17:36,17,0,6,23
2021-06-26 22:17:41,0,0,0,0
2021-06-26 22:17:53,1,0,0,1
2021-06-26 22:18:01,0,0,0,0
2021-06-26 22:18:04,1,0,0,1
2021-06-26 22:18:09,2,0,1,3
2021-06-26 22:18:10,17,1,4,22
2021-06-26 22:18:14,0,0,0,0
2021-06-26 22:18:16,0,0,0,0
2021-06-26 22:18:17,0,0,0,0
2021-06-26 22:18:19,0,0,0,0
2021-06-26 22:18:25,15,0,5,20
2021-06-26 22:18:29,4,0,2,6
2021-06-26 22:18:31,1,0,1,2
2021-06-26 22:18:33,1,0,0,1
2021-06-26 22:18:34,0,0,0,0
2021-06-26 22:18:37,4,0,1,5
2021-06-26 22:18:42,5,0,0,5
2021-06-26 22:18:45,0,0,0,0
2021-06-26 22:18:47,0,0,0,0
2021-06-26 22:18:48,0,0,0,0
2021-06-26 22:18:49,0,0,0,0
2021-06-26 22:18:51,1,0,0,1
2021-06-26 22:19:00,0,0,0,0
2021-06-26 22:19:01,0,0,0,0
2021-06-26 22:19:02,0,0,0,0
2021-06-26 22:19:06,13,1,2,16
2021-06-26 22:19:09,2,0,0,2
2021-06-26 22:19:14,0,0,0,0
2021-06-26 22:19:20,0,0,0,0
2021-06-26 22:19:22,0,0,0,0
2021-06-26 22:19:24,0,0,0,0
2021-06-26 22:19:25,1,0,0,1
2021-06-26 22:19:26,0,0,0,0
2021-06-26 22:19:30,1,0,0,1
2021-06-26 22:19:32,1,0,0,1
2021-06-26 22:19:33,2,0,0,2
2021-06-26 22:19:39,0,0,0,0
2021-06-26 22:19:44,1,0,0,1
2021-06-26 22:19:52,0,0,1,1
2021-06-26 22:19:58,1,0,0,1
2021-06-26 22:20:04,0,0,0,0
2021-06-26 22:20:10,2,0,0,2
2021-06-26 22:20:14,0,0,0,0
2021-06-26 22:20:15,0,0,0,0
2021-06-26 22:20:19,1,0,0,1
2021-06-26 22:20:37,0,0,0,0
2021-06-26 22:20:48,0,0,0,0
2021-06-26 22:20:51,7,0,3,10
2021-06-26 22:21:05,0,0,0,0
2021-06-26 22:21:11,2,0,1,3
2021-06-26 22:21:13,0,0,0,0
2021-06-26 22:21:32,0,0,0,0
2021-06-26 22:21:35,3,0,1,4
2021-06-26 22:21:43,1,0,0,1
2021-06-26 22:21:49,0,0,0,0
2021-06-26 22:21:50,0,0,0,0
2021-06-26 22:21:59,1,0,1,2
2021-06-26 22:22:02,0,0,0,0
2021-06-26 22:22:06,1,1,0,2
2021-06-26 22:22:14,0,0,0,0
2021-06-26 22:22:17,3,0,0,3
2021-06-26 22:22:23,0,1,0,1
2021-06-26 22:22:33,3,0,2,5
2021-06-26 22:22:38,0,0,0,0
2021-06-26 22:22:42,0,0,0,0
2021-06-26 22:22:50,1,0,0,1
2021-06-26 22:22:51,0,0,0,0
2021-06-26 22:22:56,0,0,0,0
2021-06-26 22:22:57,13,0,6,19
2021-06-26 22:23:03,0,0,0,0
2021-06-26 22:23:06,11,2,5,18
2021-06-26 22:23:15,2,1,0,3
2021-06-26 22:23:17,0,0,0,0
2021-06-26 22:23:21,3,0,0,3
2021-06-26 22:23:22,1,1,2,4
2021-06-26 22:23:23,19,0,2,21
2021-06-26 22:23:26,0,0,0,0
2021-06-26 22:23:27,0,0,0,0
2021-06-26 22:23:32,0,0,0,0
2021-06-26 22:23:33,1,0,0,1
2021-06-26 22:23:36,1,0,0,1
2021-06-26 22:23:46,0,0,0,0
2021-06-26 22:24:04,0,0,0,0
2021-06-26 22:24:15,2,0,0,2
2021-06-26 22:24:26,15,0,5,20
2021-06-26 22:24:32,0,0,0,0
2021-06-26 22:24:33,0,0,0,0
2021-06-26 22:24:36,10,1,0,11
2021-06-26 22:24:50,0,0,0,0
2021-06-26 22:24:53,18,0,7,25
2021-06-26 22:24:54,2,0,0,2
2021-06-26 22:24:56,0,0,0,0
2021-06-26 22:24:59,3,3,0,6
2021-06-26 22:25:06,0,0,0,0
2021-06-26 22:25:09,0,0,0,0
2021-06-26 22:25:16,68,6,9,83
2021-06-26 22:25:17,3,0,0,3
2021-06-26 22:25:29,1,0,0,1
2021-06-26 22:25:35,0,0,0,0
2021-06-26 22:25:39,3,0,0,3
2021-06-26 22:25:47,2,1,0,3
2021-06-26 22:25:51,0,0,0,0
2021-06-26 22:25:56,1,0,0,1
2021-06-26 22:26:03,6,0,1,7
2021-06-26 22:26:04,0,0,0,0
2021-06-26 22:26:11,0,0,1,1
2021-06-26 22:26:22,0,0,0,0
2021-06-26 22:26:30,0,1,0,1
2021-06-26 22:26:40,0,0,0,0
2021-06-26 22:26:42,1,0,0,1
2021-06-26 22:26:44,58,3,21,82
2021-06-26 22:26:49,1,0,0,1
2021-06-26 22:26:58,0,1,0,1
2021-06-26 22:26:59,1,0,0,1
2021-06-26 22:27:09,3,1,0,4
2021-06-26 22:27:14,8,0,1,9
2021-06-26 22:27:16,1,0,0,1
2021-06-26 22:27:21,0,0,0,0
2021-06-26 22:27:22,3,0,0,3
2021-06-26 22:27:29,1,1,0,2
2021-06-26 22:27:40,6,2,2,10
2021-06-26 22:27:45,1,0,0,1
2021-06-26 22:27:48,117,18,64,199
2021-06-26 22:27:49,0,0,0,0
2021-06-26 22:27:50,1,0,0,1
2021-06-26 22:27:54,1,0,0,1
2021-06-26 22:27:58,1,0,0,1
2021-06-26 22:27:59,0,0,0,0
2021-06-26 22:28:01,0,0,0,0
2021-06-26 22:28:05,0,0,0,0
2021-06-26 22:28:12,0,0,0,0
2021-06-26 22:28:14,0,0,0,0
2021-06-26 22:28:21,4,3,1,8
2021-06-26 22:28:29,1,0,0,1
2021-06-26 22:28:31,18,0,0,18
2021-06-26 22:28:34,0,0,0,0
2021-06-26 22:28:35,0,0,0,0
2021-06-26 22:28:39,0,0,0,0
2021-06-26 22:28:47,0,0,0,0
2021-06-26 22:28:49,0,0,0,0
2021-06-26 22:28:51,0,0,0,0
2021-06-26 22:28:54,15,1,6,22
2021-06-26 22:28:57,2,0,0,2
2021-06-26 22:29:00,1,0,1,2
2021-06-26 22:29:09,0,0,0,0
2021-06-26 22:29:19,0,0,0,0
2021-06-26 22:29:22,1,0,0,1
2021-06-26 22:29:32,0,0,0,0
2021-06-26 22:29:37,3,0,0,3
2021-06-26 22:29:38,0,0,0,0
2021-06-26 22:29:47,0,0,0,0
2021-06-26 22:29:48,2,1,0,3
2021-06-26 22:29:52,0,0,0,0
2021-06-26 22:30:05,0,0,0,0
2021-06-26 22:30:14,2,1,0,3
2021-06-26 22:30:19,17,1,4,22
2021-06-26 22:30:21,0,0,0,0
2021-06-26 22:30:26,1,0,0,1
2021-06-26 22:30:28,0,0,0,0
2021-06-26 22:30:33,1,0,0,1
2021-06-26 22:30:46,0,0,0,0
2021-06-26 22:30:47,6,0,1,7
2021-06-26 22:30:48,1,0,0,1
2021-06-26 22:30:49,0,0,0,0
2021-06-26 22:30:55,2,0,1,3
2021-06-26 22:30:58,1,0,0,1
2021-06-26 22:30:59,19,0,8,27
2021-06-26 22:31:03,0,0,0,0
2021-06-26 22:31:06,3,0,2,5
2021-06-26 22:31:13,0,0,0,0
2021-06-26 22:31:17,1,0,1,2
2021-06-26 22:31:19,6,0,2,8
2021-06-26 22:31:24,0,0,0,0
2021-06-26 22:31:28,2,0,0,2
2021-06-26 22:31:31,1,0,0,1
2021-06-26 22:31:46,7,2,2,11
2021-06-26 22:31:50,6,1,1,8
2021-06-26 22:31:51,0,0,0,0
2021-06-26 22:31:55,6,0,2,8
2021-06-26 22:31:59,0,0,0,0
2021-06-26 22:32:04,2,0,0,2
2021-06-26 22:32:09,3,0,0,3
2021-06-26 22:32:10,1,0,0,1
2021-06-26 22:32:12,3,0,1,4
2021-06-26 22:32:18,3,0,2,5
2021-06-26 22:32:20,3,0,2,5
2021-06-26 22:32:25,2,0,0,2
2021-06-26 22:32:33,3,0,2,5
2021-06-26 22:32:36,465,11,52,528
2021-06-26 22:32:43,1,0,0,1
2021-06-26 22:32:56,2,0,0,2
2021-06-26 22:33:10,1,0,0,1
2021-06-26 22:33:12,1,0,0,1
2021-06-26 22:33:21,1,0,0,1
2021-06-26 22:33:34,3,0,2,5
2021-06-26 22:33:54,1,1,0,2
2021-06-26 22:34:04,0,0,0,0
2021-06-26 22:34:06,9,0,3,12
2021-06-26 22:34:08,2,0,0,2
2021-06-26 22:34:09,2,0,0,2
2021-06-26 22:34:17,6,0,3,9
2021-06-26 22:34:21,0,0,0,0
2021-06-26 22:34:29,0,0,0,0
2021-06-26 22:34:45,0,0,0,0
2021-06-26 22:34:49,24,0,3,27
2021-06-26 22:35:03,0,0,0,0
2021-06-26 22:35:05,0,0,0,0
2021-06-26 22:35:17,1484,33,263,1780
2021-06-26 22:35:19,0,0,0,0
2021-06-26 22:35:20,0,0,0,0
2021-06-26 22:35:21,1,0,0,1
2021-06-26 22:35:22,1,0,0,1
2021-06-26 22:35:31,0,0,0,0
2021-06-26 22:35:36,0,0,0,0
2021-06-26 22:35:37,1,0,1,2
2021-06-26 22:35:42,11,1,1,13
2021-06-26 22:35:46,0,0,0,0
2021-06-26 22:35:48,2,1,2,5
2021-06-26 22:35:53,1,0,1,2
2021-06-26 22:36:02,2,0,2,4
2021-06-26 22:36:06,0,0,0,0
2021-06-26 22:36:10,0,0,0,0
2021-06-26 22:36:12,15,1,0,16
2021-06-26 22:36:13,0,0,0,0
2021-06-26 22:36:19,1,0,0,1
2021-06-26 22:36:20,0,0,0,0
2021-06-26 22:36:22,0,0,0,0
2021-06-26 22:36:25,2,0,0,2
2021-06-26 22:36:28,0,0,0,0
2021-06-26 22:36:32,0,0,0,0
2021-06-26 22:36:36,0,0,0,0
2021-06-26 22:36:42,0,0,0,0
2021-06-26 22:36:48,0,0,0,0
2021-06-26 22:36:54,0,0,0,0
2021-06-26 22:36:55,1,0,0,1
2021-06-26 22:36:56,0,0,1,1
2021-06-26 22:36:59,0,0,0,0
2021-06-26 22:37:04,0,0,0,0
2021-06-26 22:37:14,3,0,2,5
2021-06-26 22:37:16,0,0,0,0
2021-06-26 22:37:18,0,1,0,1
2021-06-26 22:37:26,0,0,0,0
2021-06-26 22:37:27,2,0,2,4
2021-06-26 22:37:33,0,0,0,0
2021-06-26 22:37:36,0,0,0,0
2021-06-26 22:37:37,0,0,0,0
2021-06-26 22:37:38,0,0,0,0
2021-06-26 22:37:43,0,0,0,0
2021-06-26 22:37:48,0,0,0,0
2021-06-26 22:37:49,0,0,0,0
2021-06-26 22:37:51,0,0,0,0
2021-06-26 22:37:55,0,0,0,0
2021-06-26 22:37:57,0,0,0,0
2021-06-26 22:37:58,2514,57,547,3118
2021-06-26 22:37:59,0,0,1,1
2021-06-26 22:38:02,0,0,0,0
2021-06-26 22:38:07,0,0,0,0
2021-06-26 22:38:08,1,0,1,2
2021-06-26 22:38:11,0,0,0,0
2021-06-26 22:38:16,0,0,0,0
2021-06-26 22:38:18,0,0,0,0
2021-06-26 22:38:30,0,0,0,0
2021-06-26 22:38:31,3,1,0,4
2021-06-26 22:38:35,7,0,4,11
2021-06-26 22:38:38,0,0,0,0
2021-06-26 22:38:42,0,0,0,0
2021-06-26 22:38:43,5,0,1,6
2021-06-26 22:38:44,5,0,4,9
2021-06-26 22:38:46,0,0,0,0
2021-06-26 22:38:47,2,1,2,5
2021-06-26 22:38:48,0,0,0,0
2021-06-26 22:38:49,0,0,0,0
2021-06-26 22:38:50,2,0,2,4
2021-06-26 22:38:56,0,0,0,0
2021-06-26 22:39:01,0,0,0,0
2021-06-26 22:39:05,2,0,2,4
2021-06-26 22:39:06,3,0,2,5
2021-06-26 22:39:08,0,0,0,0
2021-06-26 22:39:13,0,0,0,0
2021-06-26 22:39:21,5,0,3,8
2021-06-26 22:39:23,3,0,0,3
2021-06-26 22:39:25,1,0,1,2
2021-06-26 22:39:32,1,0,0,1
2021-06-26 22:39:40,1,0,0,1
2021-06-26 22:39:44,1,0,0,1
2021-06-26 22:40:08,4,0,0,4
2021-06-26 22:40:17,1,0,0,1
2021-06-26 22:40:19,0,0,0,0
2021-06-26 22:40:25,1,0,0,1
2021-06-26 22:40:35,8,0,3,11
2021-06-26 22:41:00,0,0,0,0
2021-06-26 22:41:01,1,0,1,2
2021-06-26 22:41:07,2,0,0,2
2021-06-26 22:41:09,0,0,0,0
2021-06-26 22:41:10,0,0,0,0
2021-06-26 22:41:25,6,0,1,7
2021-06-26 22:41:31,572,13,90,675
2021-06-26 22:41:35,436,122,102,660
2021-06-26 22:41:38,2,1,0,3
2021-06-26 22:41:40,19,3,12,34
2021-06-26 22:41:44,2,1,0,3
2021-06-26 22:41:52,3,0,1,4
2021-06-26 22:42:06,1,0,0,1
2021-06-26 22:42:10,0,0,0,0
2021-06-26 22:42:22,0,0,0,0
2021-06-26 22:42:50,1,0,1,2
2021-06-26 22:42:59,1,0,0,1
2021-06-26 22:43:11,0,0,0,0
2021-06-26 22:43:20,0,0,0,0
2021-06-26 22:43:34,1,0,0,1
2021-06-26 22:43:50,1,0,0,1
2021-06-26 22:43:54,0,0,0,0
2021-06-26 22:43:55,2,0,0,2
2021-06-26 22:43:56,0,0,0,0
2021-06-26 22:44:12,1,1,0,2
2021-06-26 22:44:24,6,0,2,8
2021-06-26 22:44:40,2,0,1,3
2021-06-26 22:44:42,1,0,0,1
2021-06-26 22:44:45,1,0,1,2
2021-06-26 22:44:48,10,1,1,12
2021-06-26 22:44:52,1,0,0,1
2021-06-26 22:44:53,0,0,0,0
2021-06-26 22:44:54,0,0,0,0
2021-06-26 22:44:58,0,0,0,0
2021-06-26 22:45:00,0,0,1,1
2021-06-26 22:45:03,8,1,0,9
2021-06-26 22:45:07,0,0,0,0
2021-06-26 22:45:23,42,5,1,48
2021-06-26 22:45:26,5,0,2,7
2021-06-26 22:45:28,0,0,0,0
2021-06-26 22:45:29,0,0,0,0
2021-06-26 22:45:35,0,0,0,0
2021-06-26 22:45:45,1,0,1,2
2021-06-26 22:45:50,0,0,0,0
2021-06-26 22:45:53,0,0,0,0
2021-06-26 22:45:54,1,0,1,2
2021-06-26 22:45:55,0,0,0,0
2021-06-26 22:45:59,0,0,0,0
2021-06-26 22:46:01,1,0,0,1
2021-06-26 22:46:13,0,0,0,0
2021-06-26 22:46:17,4,0,3,7
2021-06-26 22:46:30,1,0,0,1
2021-06-26 22:46:31,4,2,0,6
2021-06-26 22:46:37,0,0,0,0
2021-06-26 22:46:41,4,0,2,6
2021-06-26 22:46:46,1,0,0,1
2021-06-26 22:46:51,2,0,2,4
2021-06-26 22:46:55,0,0,0,0
2021-06-26 22:47:10,5,2,0,7
2021-06-26 22:47:14,5,0,0,5
2021-06-26 22:47:24,2,0,0,2
2021-06-26 22:47:28,11,2,5,18
2021-06-26 22:47:29,3,0,3,6
2021-06-26 22:47:37,18,1,6,25
2021-06-26 22:47:40,16,0,4,20
2021-06-26 22:47:47,0,0,0,0
2021-06-26 22:47:48,0,0,0,0
2021-06-26 22:47:56,0,0,0,0
2021-06-26 22:48:00,0,0,0,0
2021-06-26 22:48:01,0,0,0,0
2021-06-26 22:48:04,24,0,1,25
2021-06-26 22:48:14,2,0,0,2
2021-06-26 22:48:24,0,0,0,0
2021-06-26 22:48:31,2,0,0,2
2021-06-26 22:48:40,1,0,0,1
2021-06-26 22:48:41,0,0,0,0
2021-06-26 22:48:48,3,1,0,4
2021-06-26 22:48:58,13,0,4,17
2021-06-26 22:49:01,3,0,0,3
2021-06-26 22:49:13,3,1,4,8
2021-06-26 22:49:17,0,0,0,0
2021-06-26 22:49:30,6,0,3,9
2021-06-26 22:49:39,1,0,0,1
2021-06-26 22:49:44,0,0,0,0
2021-06-26 22:49:51,0,0,0,0
2021-06-26 22:49:52,6,0,0,6
2021-06-26 22:49:57,0,0,0,0
2021-06-26 22:50:05,0,0,0,0
2021-06-26 22:50:20,303,6,146,455
2021-06-26 22:50:26,2,0,0,2
2021-06-26 22:50:37,2,0,0,2
2021-06-26 22:50:41,0,1,0,1
2021-06-26 22:50:52,0,0,0,0
2021-06-26 22:51:19,1,0,0,1
2021-06-26 22:51:21,4,0,0,4
2021-06-26 22:51:27,0,0,0,0
2021-06-26 22:51:57,34,0,9,43
2021-06-26 22:52:10,1,0,0,1
2021-06-26 22:52:14,3,0,0,3
2021-06-26 22:52:21,1,0,2,3
2021-06-26 22:52:24,0,0,0,0
2021-06-26 22:52:27,2,0,0,2
2021-06-26 22:52:30,3,1,0,4
2021-06-26 22:52:52,1,1,0,2
2021-06-26 22:53:06,0,0,0,0
2021-06-26 22:53:07,0,0,0,0
2021-06-26 22:53:14,0,0,0,0
2021-06-26 22:53:19,0,0,0,0
2021-06-26 22:53:23,1,0,0,1
2021-06-26 22:53:26,0,0,0,0
2021-06-26 22:53:34,2,0,0,2
2021-06-26 22:53:39,9,0,4,13
2021-06-26 22:53:46,2,0,1,3
2021-06-26 22:53:54,0,0,0,0
2021-06-26 22:53:58,0,0,0,0
2021-06-26 22:54:00,0,0,0,0
2021-06-26 22:54:06,4,0,0,4
2021-06-26 22:54:15,6,0,4,10
2021-06-26 22:54:27,1,0,1,2
2021-06-26 22:54:38,1,0,0,1
2021-06-26 22:54:59,3,1,1,5
2021-06-26 22:55:01,8,1,6,15
2021-06-26 22:55:03,12,0,0,12
2021-06-26 22:55:19,2,0,0,2
2021-06-26 22:55:25,0,0,0,0
2021-06-26 22:55:35,2,0,0,2
2021-06-26 22:55:40,0,0,0,0
2021-06-26 22:55:43,2,1,0,3
2021-06-26 22:55:51,0,0,0,0
2021-06-26 22:55:54,0,0,0,0
2021-06-26 22:56:00,5,0,1,6
2021-06-26 22:56:12,3,0,0,3
2021-06-26 22:56:17,1,0,0,1
2021-06-26 22:56:18,0,0,0,0
2021-06-26 22:56:24,1,0,0,1
2021-06-26 22:56:25,0,0,0,0
2021-06-26 22:56:34,0,0,0,0
2021-06-26 22:56:38,24,4,13,41
2021-06-26 22:56:39,0,0,0,0
2021-06-26 22:56:40,4,0,1,5
2021-06-26 22:56:42,4,0,1,5
2021-06-26 22:56:45,0,0,0,0
2021-06-26 22:56:46,7,0,1,8
2021-06-26 22:56:51,13,1,4,18
2021-06-26 22:56:55,0,0,0,0
2021-06-26 22:57:01,1,0,0,1
2021-06-26 22:57:03,1,0,0,1
2021-06-26 22:57:08,1,0,0,1
2021-06-26 22:57:11,3,0,0,3
2021-06-26 22:57:25,8,1,0,9
2021-06-26 22:57:53,1,0,1,2
2021-06-26 22:58:00,1,0,0,1
2021-06-26 22:58:06,1,0,0,1
2021-06-26 22:58:07,0,0,0,0
2021-06-26 22:58:20,14,0,6,20
2021-06-26 22:58:23,1,0,0,1
2021-06-26 22:58:26,0,0,0,0
2021-06-26 22:58:33,1,0,1,2
2021-06-26 22:58:40,4,0,2,6
2021-06-26 22:58:42,1,0,0,1
2021-06-26 22:58:48,0,0,0,0
2021-06-26 22:58:49,0,0,0,0
2021-06-26 22:58:56,7,0,1,8
2021-06-26 22:58:59,1,0,1,2
2021-06-26 22:59:05,1,0,1,2
2021-06-26 22:59:07,2,0,1,3
2021-06-26 22:59:11,1,0,1,2
2021-06-26 22:59:17,0,0,1,1
2021-06-26 22:59:18,3,3,1,7
2021-06-26 22:59:19,7,0,0,7
2021-06-26 22:59:21,43,1,4,48
2021-06-26 22:59:23,0,0,0,0
2021-06-26 22:59:28,0,0,0,0
2021-06-26 22:59:33,1,0,1,2
2021-06-26 22:59:34,0,0,0,0
2021-06-26 22:59:40,0,0,0,0
2021-06-26 22:59:44,0,0,0,0
2021-06-26 22:59:50,0,0,0,0
2021-06-26 22:59:56,1,0,0,1
2021-06-26 22:59:58,3,0,0,3
2021-06-26 22:59:59,0,0,0,0
2021-06-26 23:00:04,0,0,0,0
2021-06-26 23:00:07,3,1,1,5
2021-06-26 23:00:10,2,0,1,3
2021-06-26 23:00:13,0,0,0,0
2021-06-26 23:00:14,3,0,0,3
2021-06-26 23:00:15,1,0,0,1
2021-06-26 23:00:21,5,0,0,5
2021-06-26 23:00:27,0,0,0,0
2021-06-26 23:00:30,1,0,0,1
2021-06-26 23:00:32,46,5,9,60
2021-06-26 23:00:46,0,0,0,0
2021-06-26 23:00:53,0,0,0,0
2021-06-26 23:00:58,0,0,0,0
2021-06-26 23:01:06,0,0,0,0
2021-06-26 23:01:44,0,0,0,0
2021-06-26 23:01:51,2,0,0,2
2021-06-26 23:01:58,16,0,6,22
2021-06-26 23:02:02,1,0,0,1
2021-06-26 23:02:14,1,0,0,1
2021-06-26 23:02:16,5,1,3,9
2021-06-26 23:02:17,527,30,143,700
2021-06-26 23:02:18,0,0,0,0
2021-06-26 23:02:20,3,0,0,3
2021-06-26 23:02:24,1,0,1,2
2021-06-26 23:02:26,1,0,1,2
2021-06-26 23:02:29,3,0,1,4
2021-06-26 23:02:31,4,0,2,6
2021-06-26 23:02:39,2,2,0,4
2021-06-26 23:02:50,1,0,1,2
2021-06-26 23:02:57,1,0,1,2
2021-06-26 23:03:02,5,0,5,10
2021-06-26 23:03:04,3,0,2,5
2021-06-26 23:03:13,3,0,1,4
2021-06-26 23:03:14,2,0,1,3
2021-06-26 23:03:18,3,0,1,4
2021-06-26 23:03:21,7,0,3,10
2021-06-26 23:03:24,2,0,1,3
2021-06-26 23:03:25,1,0,1,2
2021-06-26 23:03:26,1,0,1,2
2021-06-26 23:03:35,84,3,33,120
2021-06-26 23:03:41,2,0,1,3
2021-06-26 23:03:46,1,0,1,2
2021-06-26 23:03:47,1,0,1,2
2021-06-26 23:03:52,0,0,0,0
2021-06-26 23:03:53,1,0,1,2
2021-06-26 23:03:54,7,0,1,8
2021-06-26 23:03:57,2,0,1,3
2021-06-26 23:03:59,1,0,1,2
2021-06-26 23:04:06,0,0,0,0
2021-06-26 23:04:10,2,0,0,2
2021-06-26 23:04:12,2,0,0,2
2021-06-26 23:04:19,0,0,0,0
2021-06-26 23:04:21,0,0,0,0
2021-06-26 23:04:24,0,0,0,0
2021-06-26 23:04:28,1,0,0,1
2021-06-26 23:04:30,0,0,0,0
2021-06-26 23:04:39,0,0,0,0
2021-06-26 23:04:46,3,0,0,3
2021-06-26 23:04:48,42,0,12,54
2021-06-26 23:04:58,0,0,0,0
2021-06-26 23:05:04,3,0,1,4
2021-06-26 23:05:12,2,0,0,2
2021-06-26 23:05:16,0,0,0,0
2021-06-26 23:05:34,0,0,0,0
2021-06-26 23:05:37,0,0,0,0
2021-06-26 23:05:38,0,0,0,0
2021-06-26 23:05:39,2,0,0,2
2021-06-26 23:05:44,0,0,0,0
2021-06-26 23:05:45,0,0,0,0
2021-06-26 23:05:47,3,0,0,3
2021-06-26 23:05:51,0,0,0,0
2021-06-26 23:05:56,0,0,0,0
2021-06-26 23:06:01,0,0,0,0
2021-06-26 23:06:09,1,0,0,1
2021-06-26 23:06:11,0,0,0,0
2021-06-26 23:06:12,2,0,2,4
2021-06-26 23:06:32,0,0,1,1
2021-06-26 23:06:44,0,0,1,1
2021-06-26 23:06:51,2,0,4,6
2021-06-26 23:07:02,1,0,2,3
2021-06-26 23:07:12,0,1,1,2
2021-06-26 23:07:28,0,0,0,0
2021-06-26 23:07:31,2,1,0,3
2021-06-26 23:07:32,0,0,0,0
2021-06-26 23:07:37,1,0,0,1
2021-06-26 23:07:38,1,0,0,1
2021-06-26 23:07:41,0,0,0,0
2021-06-26 23:07:49,0,0,0,0
2021-06-26 23:07:58,8,1,0,9
2021-06-26 23:08:01,0,0,0,0
2021-06-26 23:08:11,0,0,0,0
2021-06-26 23:08:14,3,1,0,4
2021-06-26 23:08:19,0,0,0,0
2021-06-26 23:08:22,6,0,1,7
2021-06-26 23:08:29,1,0,0,1
2021-06-26 23:08:34,0,0,0,0
2021-06-26 23:08:37,1,1,0,2
2021-06-26 23:08:39,0,0,0,0
2021-06-26 23:08:43,4,1,0,5
2021-06-26 23:08:50,0,0,0,0
2021-06-26 23:09:05,0,1,0,1
2021-06-26 23:09:12,1,0,0,1
2021-06-26 23:09:18,16,0,5,21
2021-06-26 23:09:21,0,0,0,0
2021-06-26 23:09:22,1,0,1,2
2021-06-26 23:09:39,2,0,0,2
2021-06-26 23:09:41,1,0,0,1
2021-06-26 23:09:45,2,0,0,2
2021-06-26 23:09:50,2,0,0,2
2021-06-26 23:09:52,0,0,0,0
2021-06-26 23:09:57,5,0,0,5
2021-06-26 23:10:28,2,0,0,2
2021-06-26 23:10:45,1,0,0,1
2021-06-26 23:10:57,3,0,0,3
2021-06-26 23:11:01,0,0,1,1
2021-06-26 23:11:08,0,1,0,1
2021-06-26 23:11:09,0,0,0,0
2021-06-26 23:11:11,0,0,0,0
2021-06-26 23:11:28,1,0,1,2
2021-06-26 23:11:31,1,0,1,2
2021-06-26 23:11:34,53,3,25,81
2021-06-26 23:11:43,1,0,1,2
2021-06-26 23:11:46,1,0,2,3
2021-06-26 23:11:48,0,0,1,1
2021-06-26 23:11:53,1,0,2,3
2021-06-26 23:11:58,1,0,2,3
2021-06-26 23:12:02,3,0,1,4
2021-06-26 23:12:05,1,0,2,3
2021-06-26 23:12:07,1,0,3,4
2021-06-26 23:12:21,1,0,2,3
2021-06-26 23:12:57,1,0,2,3
2021-06-26 23:13:08,1,0,2,3
2021-06-26 23:13:09,17,0,4,21
2021-06-26 23:13:10,4,0,6,10
2021-06-26 23:13:30,237,44,12,293
2021-06-26 23:13:37,2,0,2,4
2021-06-26 23:13:40,3,0,1,4
2021-06-26 23:13:43,6,0,6,12
2021-06-26 23:13:46,271,0,35,306
2021-06-26 23:13:47,7,0,3,10
2021-06-26 23:13:58,1,0,1,2
2021-06-26 23:14:03,3,0,1,4
2021-06-26 23:14:15,1,0,1,2
2021-06-26 23:14:19,0,0,0,0
2021-06-26 23:14:22,1,0,0,1
2021-06-26 23:14:28,1,0,1,2
2021-06-26 23:14:31,2,0,1,3
2021-06-26 23:14:41,1,0,2,3
2021-06-26 23:14:49,1,0,1,2
2021-06-26 23:14:51,3,1,1,5
2021-06-26 23:14:57,1,0,1,2
2021-06-26 23:15:02,4,0,2,6
2021-06-26 23:15:04,3,0,1,4
2021-06-26 23:15:05,1,0,2,3
2021-06-26 23:15:22,0,0,0,0
2021-06-26 23:15:25,0,0,0,0
2021-06-26 23:15:35,0,0,0,0
2021-06-26 23:15:48,0,0,1,1
2021-06-26 23:15:50,0,0,1,1
2021-06-26 23:16:05,0,0,0,0
2021-06-26 23:16:07,0,0,0,0
2021-06-26 23:16:19,0,0,0,0
2021-06-26 23:16:22,1,0,0,1
2021-06-26 23:16:29,4,1,0,5
2021-06-26 23:16:50,0,0,0,0
2021-06-26 23:16:59,20,3,4,27
2021-06-26 23:17:32,3,0,1,4
2021-06-26 23:17:40,58,1,7,66
2021-06-26 23:17:42,6,0,2,8
2021-06-26 23:17:52,1,0,0,1
2021-06-26 23:17:56,0,1,0,1
2021-06-26 23:17:57,0,0,0,0
2021-06-26 23:17:59,2,0,0,2
2021-06-26 23:18:03,2,0,1,3
2021-06-26 23:18:15,1,0,0,1
2021-06-26 23:18:17,2,0,0,2
2021-06-26 23:18:22,0,0,0,0
2021-06-26 23:18:34,4,0,3,7
2021-06-26 23:18:45,4,0,1,5
2021-06-26 23:18:53,1,0,0,1
2021-06-26 23:18:54,1,0,0,1
2021-06-26 23:19:07,1,0,0,1
2021-06-26 23:19:08,2,0,0,2
2021-06-26 23:19:09,2,1,0,3
2021-06-26 23:19:14,3,0,0,3
2021-06-26 23:19:18,7,0,3,10
2021-06-26 23:19:21,1,0,0,1
2021-06-26 23:19:23,1,0,0,1
2021-06-26 23:19:45,0,0,0,0
2021-06-26 23:19:46,2,0,0,2
2021-06-26 23:19:54,0,0,0,0
2021-06-26 23:19:57,0,0,0,0
2021-06-26 23:20:01,0,0,0,0
2021-06-26 23:20:02,2,0,1,3
2021-06-26 23:20:03,3,1,0,4
2021-06-26 23:20:06,0,0,0,0
2021-06-26 23:20:08,1,0,1,2
2021-06-26 23:20:09,6,0,2,8
2021-06-26 23:20:16,1,0,0,1
2021-06-26 23:20:18,21,2,4,27
2021-06-26 23:20:20,0,0,0,0
2021-06-26 23:20:23,2,0,1,3
2021-06-26 23:20:38,0,0,0,0
2021-06-26 23:20:42,2,0,1,3
2021-06-26 23:20:43,3,0,1,4
2021-06-26 23:20:53,1,0,0,1
2021-06-26 23:20:54,0,0,0,0
2021-06-26 23:21:08,1,0,1,2
2021-06-26 23:21:09,2,0,1,3
2021-06-26 23:21:10,3,0,2,5
2021-06-26 23:21:11,2,0,1,3
2021-06-26 23:21:16,1,0,1,2
2021-06-26 23:21:23,2,0,1,3
2021-06-26 23:21:41,0,0,0,0
2021-06-26 23:22:06,0,0,0,0
2021-06-26 23:22:23,0,0,0,0
2021-06-26 23:22:28,2,1,0,3
2021-06-26 23:22:36,0,0,1,1
2021-06-26 23:22:40,2,0,0,2
2021-06-26 23:22:41,5,0,0,5
2021-06-26 23:22:46,0,0,0,0
2021-06-26 23:22:55,14,1,8,23
2021-06-26 23:23:09,0,0,0,0
2021-06-26 23:23:16,2,0,1,3
2021-06-26 23:23:24,0,0,0,0
2021-06-26 23:23:26,1,0,0,1
2021-06-26 23:23:28,0,0,0,0
2021-06-26 23:23:33,117,3,40,160
2021-06-26 23:23:47,2,0,0,2
2021-06-26 23:23:49,1,0,0,1
2021-06-26 23:23:53,1,0,0,1
2021-06-26 23:23:55,0,0,0,0
2021-06-26 23:23:59,1,0,1,2
2021-06-26 23:24:05,0,0,0,0
2021-06-26 23:24:06,0,0,0,0
2021-06-26 23:24:07,4,0,1,5
2021-06-26 23:24:14,2,0,0,2
2021-06-26 23:24:15,0,0,0,0
2021-06-26 23:24:18,1,0,0,1
2021-06-26 23:24:20,0,0,0,0
2021-06-26 23:24:21,1,0,0,1
2021-06-26 23:24:27,0,0,0,0
2021-06-26 23:24:28,1,0,0,1
2021-06-26 23:24:34,0,0,0,0
2021-06-26 23:24:40,0,0,0,0
2021-06-26 23:24:43,0,0,0,0
2021-06-26 23:24:44,1,0,1,2
2021-06-26 23:24:45,0,0,0,0
2021-06-26 23:24:48,2,0,0,2
2021-06-26 23:24:49,3,0,1,4
2021-06-26 23:24:54,0,0,0,0
2021-06-26 23:25:07,0,0,0,0
2021-06-26 23:25:11,0,0,0,0
2021-06-26 23:25:25,10,1,2,13
2021-06-26 23:25:40,1,0,0,1
2021-06-26 23:25:43,2,0,0,2
2021-06-26 23:25:55,1,0,0,1
2021-06-26 23:26:03,1,0,0,1
2021-06-26 23:26:06,2,0,0,2
2021-06-26 23:26:09,1,0,0,1
2021-06-26 23:26:12,0,0,0,0
2021-06-26 23:26:14,34,0,8,42
2021-06-26 23:26:16,4,0,0,4
2021-06-26 23:26:18,0,0,0,0
2021-06-26 23:26:19,0,0,0,0
2021-06-26 23:26:21,4,0,0,4
2021-06-26 23:26:23,0,0,0,0
2021-06-26 23:26:27,0,0,0,0
2021-06-26 23:26:29,0,0,0,0
2021-06-26 23:26:30,1,0,0,1
2021-06-26 23:26:36,1,0,0,1
2021-06-26 23:26:41,0,0,0,0
2021-06-26 23:26:46,0,0,0,0
2021-06-26 23:26:50,0,0,0,0
2021-06-26 23:26:52,8,0,0,8
2021-06-26 23:26:53,1,0,0,1
2021-06-26 23:26:56,0,0,0,0
2021-06-26 23:26:58,0,1,0,1
2021-06-26 23:27:01,0,0,0,0
2021-06-26 23:27:08,0,0,0,0
2021-06-26 23:27:13,0,0,0,0
2021-06-26 23:27:16,3,0,0,3
2021-06-26 23:27:19,0,1,0,1
2021-06-26 23:27:20,0,0,0,0
2021-06-26 23:27:22,0,0,0,0
2021-06-26 23:27:24,0,0,0,0
2021-06-26 23:27:34,0,0,0,0
2021-06-26 23:27:35,3,1,0,4
2021-06-26 23:27:43,0,0,0,0
2021-06-26 23:27:53,0,1,0,1
2021-06-26 23:27:56,148,13,38,199
2021-06-26 23:27:57,0,0,0,0
2021-06-26 23:28:02,0,0,0,0
2021-06-26 23:28:21,3,1,2,6
2021-06-26 23:28:45,2,0,0,2
2021-06-26 23:28:53,0,0,0,0
2021-06-26 23:28:58,0,0,0,0
2021-06-26 23:29:02,1,0,0,1
2021-06-26 23:29:06,5,0,2,7
2021-06-26 23:29:10,0,0,0,0
2021-06-26 23:29:11,0,0,0,0
2021-06-26 23:29:20,1,0,0,1
2021-06-26 23:29:22,0,0,0,0
2021-06-26 23:29:37,3,0,0,3
2021-06-26 23:29:39,0,0,0,0
2021-06-26 23:29:40,22,1,7,30
2021-06-26 23:29:41,2,0,1,3
2021-06-26 23:29:49,1,0,0,1
2021-06-26 23:29:59,1,0,0,1
2021-06-26 23:30:07,0,0,0,0
2021-06-26 23:30:13,20,1,6,27
2021-06-26 23:30:20,0,0,0,0
2021-06-26 23:30:24,0,0,0,0
2021-06-26 23:30:25,1,1,0,2
2021-06-26 23:30:34,0,0,0,0
2021-06-26 23:30:35,1,0,0,1
2021-06-26 23:30:45,0,0,0,0
2021-06-26 23:30:48,6,2,4,12
2021-06-26 23:30:52,5,0,0,5
2021-06-26 23:31:04,9,0,5,14
2021-06-26 23:31:07,0,0,0,0
2021-06-26 23:31:19,1,0,0,1
2021-06-26 23:31:41,3,0,0,3
2021-06-26 23:31:48,2,2,0,4
2021-06-26 23:31:54,28,0,5,33
2021-06-26 23:32:00,6,0,2,8
2021-06-26 23:32:09,0,0,0,0
2021-06-26 23:32:21,9,0,5,14
2021-06-26 23:32:22,2,0,1,3
2021-06-26 23:32:26,0,0,0,0
2021-06-26 23:32:34,9,0,0,9
2021-06-26 23:32:43,2,0,0,2
2021-06-26 23:32:48,2,1,1,4
2021-06-26 23:32:57,1,0,0,1
2021-06-26 23:33:03,2,0,0,2
2021-06-26 23:33:07,0,0,0,0
2021-06-26 23:33:10,0,1,0,1
2021-06-26 23:33:18,3,0,0,3
2021-06-26 23:33:19,1,0,0,1
2021-06-26 23:33:50,2,0,1,3
2021-06-26 23:33:55,0,0,0,0
2021-06-26 23:34:07,8,0,4,12
2021-06-26 23:34:21,0,0,0,0
2021-06-26 23:34:34,11,0,7,18
2021-06-26 23:34:51,19,0,5,24
2021-06-26 23:34:52,1,0,0,1
2021-06-26 23:35:08,0,0,0,0
2021-06-26 23:35:10,3,0,2,5
2021-06-26 23:35:16,0,0,0,0
2021-06-26 23:35:21,0,0,0,0
2021-06-26 23:35:29,0,0,0,0
2021-06-26 23:35:30,0,0,0,0
2021-06-26 23:35:31,2,0,0,2
2021-06-26 23:35:35,0,0,0,0
2021-06-26 23:35:48,0,1,0,1
2021-06-26 23:35:53,2,1,0,3
2021-06-26 23:36:04,1,0,0,1
2021-06-26 23:36:09,0,1,0,1
2021-06-26 23:36:12,45,13,18,76
2021-06-26 23:36:25,3,1,1,5
2021-06-26 23:36:37,1,1,0,2
2021-06-26 23:36:41,0,0,0,0
2021-06-26 23:36:48,1,2,0,3
2021-06-26 23:36:50,2,1,0,3
2021-06-26 23:36:53,8,2,1,11
2021-06-26 23:36:54,1,1,0,2
2021-06-26 23:36:58,5,2,1,8
2021-06-26 23:37:03,0,0,0,0
2021-06-26 23:37:09,0,1,0,1
2021-06-26 23:37:14,1,1,0,2
2021-06-26 23:37:17,2,1,0,3
2021-06-26 23:37:21,2,1,2,5
2021-06-26 23:37:24,4,2,2,8
2021-06-26 23:37:29,0,1,0,1
2021-06-26 23:37:30,1,1,0,2
2021-06-26 23:37:36,2,1,0,3
2021-06-26 23:37:56,0,0,0,0
2021-06-26 23:38:08,1,2,0,3
2021-06-26 23:38:10,0,1,0,1
2021-06-26 23:38:27,2,2,0,4
2021-06-26 23:38:33,1,1,0,2
2021-06-26 23:38:48,6,2,2,10
2021-06-26 23:39:15,9,1,5,15
2021-06-26 23:39:17,0,1,0,1
2021-06-26 23:39:20,8,3,5,16
2021-06-26 23:39:24,4,0,0,4
2021-06-26 23:39:26,2,1,0,3
2021-06-26 23:39:36,1,1,0,2
2021-06-26 23:39:42,0,1,0,1
2021-06-26 23:39:53,2,2,0,4
2021-06-26 23:39:56,0,1,0,1
2021-06-26 23:39:57,0,1,0,1
2021-06-26 23:40:10,1,1,0,2
2021-06-26 23:40:18,8,2,0,10
2021-06-26 23:40:24,0,1,0,1
2021-06-26 23:40:27,1,2,0,3
2021-06-26 23:40:28,1,1,0,2
2021-06-26 23:40:32,27,1,0,28
2021-06-26 23:40:52,1,1,0,2
2021-06-26 23:41:00,2,0,0,2
2021-06-26 23:41:17,1,0,0,1
2021-06-26 23:41:18,0,1,0,1
2021-06-26 23:41:21,2,0,0,2
2021-06-26 23:41:33,15,0,0,15
2021-06-26 23:41:46,2,0,0,2
2021-06-26 23:41:48,1,0,0,1
2021-06-26 23:42:14,1,0,0,1
2021-06-26 23:42:18,46,2,7,55
2021-06-26 23:42:26,0,0,0,0
2021-06-26 23:42:59,0,1,0,1
2021-06-26 23:43:10,0,0,0,0
2021-06-26 23:43:22,0,0,0,0
2021-06-26 23:43:24,1,1,0,2
2021-06-26 23:43:45,0,1,0,1
2021-06-26 23:44:05,0,0,0,0
2021-06-26 23:44:25,0,0,0,0
2021-06-26 23:44:29,2,0,0,2
2021-06-26 23:44:36,0,0,0,0
2021-06-26 23:44:47,0,0,0,0
2021-06-26 23:44:53,467,13,150,630
2021-06-26 23:45:00,0,0,0,0
2021-06-26 23:45:04,1,0,0,1
2021-06-26 23:45:06,1,3,0,4
2021-06-26 23:45:09,0,0,0,0
2021-06-26 23:45:12,0,0,0,0
2021-06-26 23:45:25,64,0,7,71
2021-06-26 23:45:28,0,0,0,0
2021-06-26 23:45:51,0,0,0,0
2021-06-26 23:45:57,0,0,0,0
2021-06-26 23:46:00,0,0,0,0
2021-06-26 23:46:03,1,0,0,1
2021-06-26 23:46:07,3,0,2,5
2021-06-26 23:46:14,2,1,0,3
2021-06-26 23:46:15,3,0,0,3
2021-06-26 23:46:23,2,0,1,3
2021-06-26 23:46:26,1,0,0,1
2021-06-26 23:46:31,1,2,0,3
2021-06-26 23:46:36,0,0,0,0
2021-06-26 23:46:38,0,0,0,0
2021-06-26 23:47:18,0,0,0,0
2021-06-26 23:47:36,2,0,0,2
2021-06-26 23:47:50,0,0,0,0
2021-06-26 23:47:52,0,0,0,0
2021-06-26 23:48:05,0,0,0,0
2021-06-26 23:48:08,0,0,0,0
2021-06-26 23:48:16,0,0,0,0
2021-06-26 23:48:38,0,0,0,0
2021-06-26 23:48:51,0,0,0,0
2021-06-26 23:49:11,1,0,0,1
2021-06-26 23:49:17,1,0,1,2
2021-06-26 23:49:23,0,1,0,1
2021-06-26 23:49:28,2,1,0,3
2021-06-26 23:49:30,0,0,0,0
2021-06-26 23:49:37,2,1,2,5
2021-06-26 23:49:40,1,0,0,1
2021-06-26 23:49:43,0,1,0,1
2021-06-26 23:49:47,4,1,1,6
2021-06-26 23:49:57,14,2,9,25
2021-06-26 23:49:59,0,0,0,0
2021-06-26 23:50:11,24,2,2,28
2021-06-26 23:50:20,0,0,0,0
2021-06-26 23:50:25,0,0,0,0
2021-06-26 23:50:37,0,0,0,0
2021-06-26 23:50:47,3,1,0,4
2021-06-26 23:50:49,13,0,7,20
2021-06-26 23:50:52,1,0,0,1
2021-06-26 23:51:00,42,3,16,61
2021-06-26 23:51:01,1,0,0,1
2021-06-26 23:51:11,0,1,0,1
2021-06-26 23:51:18,0,0,0,0
2021-06-26 23:51:22,5,1,0,6
2021-06-26 23:51:35,0,0,0,0
2021-06-26 23:51:38,5,0,0,5
2021-06-26 23:52:09,0,0,0,0
2021-06-26 23:52:10,0,1,0,1
2021-06-26 23:52:12,0,0,0,0
2021-06-26 23:52:14,0,0,0,0
2021-06-26 23:52:24,0,0,0,0
2021-06-26 23:52:28,1,2,0,3
2021-06-26 23:52:29,0,0,0,0
2021-06-26 23:52:43,0,0,0,0
2021-06-26 23:52:48,0,0,1,1
2021-06-26 23:52:53,1,0,0,1
2021-06-26 23:52:55,1,1,0,2
2021-06-26 23:52:57,0,0,0,0
2021-06-26 23:52:59,0,0,0,0
2021-06-26 23:53:00,0,0,0,0
2021-06-26 23:53:02,8,1,5,14
2021-06-26 23:53:10,1,0,0,1
2021-06-26 23:53:18,2,0,0,2
2021-06-26 23:53:42,0,0,0,0
2021-06-26 23:53:47,0,0,0,0
2021-06-26 23:53:54,0,0,0,0
2021-06-26 23:53:56,0,0,0,0
2021-06-26 23:54:10,1,1,0,2
2021-06-26 23:54:11,1,0,0,1
2021-06-26 23:54:23,0,0,0,0
2021-06-26 23:54:26,1,0,0,1
2021-06-26 23:54:41,2,0,0,2
2021-06-26 23:54:48,1,0,1,2
2021-06-26 23:54:50,1,0,0,1
2021-06-26 23:54:54,0,0,0,0
2021-06-26 23:55:00,0,0,0,0
2021-06-26 23:55:34,4,0,1,5
2021-06-26 23:55:45,5,1,1,7
2021-06-26 23:55:54,1,0,0,1
2021-06-26 23:56:06,1,0,1,2
2021-06-26 23:56:07,2,0,2,4
2021-06-26 23:56:37,1,0,0,1
2021-06-26 23:56:39,4,2,1,7
2021-06-26 23:56:54,0,0,0,0
2021-06-26 23:56:55,1,0,1,2
2021-06-26 23:57:09,0,0,0,0
2021-06-26 23:57:11,2,0,0,2
2021-06-26 23:57:13,0,0,0,0
2021-06-26 23:57:14,1,1,0,2
2021-06-26 23:57:36,0,0,0,0
2021-06-26 23:57:55,0,0,0,0
2021-06-26 23:57:56,1,0,0,1
2021-06-26 23:58:07,119,0,8,127
2021-06-26 23:58:09,0,0,0,0
2021-06-26 23:58:10,1,0,0,1
2021-06-26 23:58:23,0,1,0,1
2021-06-26 23:58:27,0,0,0,0
2021-06-26 23:58:30,0,0,0,0
2021-06-26 23:58:36,0,0,0,0
2021-06-26 23:59:04,0,0,0,0
2021-06-26 23:59:05,0,0,0,0
2021-06-26 23:59:35,0,0,0,0
2021-06-26 23:59:45,0,0,0,0
2021-06-27 00:00:00,0,0,0,0
2021-06-27 00:00:29,1,1,1,3
2021-06-27 00:00:44,0,0,0,0
2021-06-27 00:00:53,0,0,0,0
2021-06-27 00:01:44,2,0,0,2
2021-06-27 00:02:00,1,0,0,1
2021-06-27 00:02:41,0,0,0,0
2021-06-27 00:02:46,1,0,0,1
2021-06-27 00:03:24,11,0,1,12
2021-06-27 00:03:32,4,0,0,4
2021-06-27 00:03:46,1,0,1,2
2021-06-27 00:03:48,0,0,0,0
2021-06-27 00:04:01,1,0,1,2
2021-06-27 00:04:29,0,0,0,0
2021-06-27 00:04:49,3,0,0,3
2021-06-27 00:05:03,1,0,0,1
2021-06-27 00:05:08,1,0,0,1
2021-06-27 00:05:38,0,0,0,0
2021-06-27 00:06:13,2,1,0,3
2021-06-27 00:06:35,2,2,0,4
2021-06-27 00:06:46,3,0,0,3
2021-06-27 00:07:49,3,0,2,5
2021-06-27 00:07:51,31,1,4,36
2021-06-27 00:07:54,0,0,0,0
2021-06-27 00:07:57,2,0,0,2
2021-06-27 00:07:58,2,0,0,2
2021-06-27 00:08:32,5,0,0,5
2021-06-27 00:08:36,2,0,0,2
2021-06-27 00:08:50,1,0,0,1
2021-06-27 00:09:06,1,0,0,1
2021-06-27 00:09:44,0,0,0,0
2021-06-27 00:09:56,2,0,0,2
2021-06-27 00:10:08,0,0,0,0
2021-06-27 00:10:22,0,0,0,0
2021-06-27 00:10:39,0,1,0,1
2021-06-27 00:10:43,2,0,0,2
2021-06-27 00:10:44,2,0,4,6
2021-06-27 00:10:51,1,0,0,1
2021-06-27 00:11:17,3,0,1,4
2021-06-27 00:11:20,1,0,0,1
2021-06-27 00:11:28,0,0,0,0
2021-06-27 00:11:34,0,0,0,0
2021-06-27 00:11:41,0,0,0,0
2021-06-27 00:11:59,1,0,1,2
2021-06-27 00:12:09,0,0,0,0
2021-06-27 00:12:15,1,0,0,1
2021-06-27 00:12:39,0,0,0,0
2021-06-27 00:12:40,1,0,0,1
2021-06-27 00:12:47,1,0,0,1
2021-06-27 00:12:58,1,0,0,1
2021-06-27 00:13:20,4,1,0,5
2021-06-27 00:13:32,30,0,21,51
2021-06-27 00:13:39,2,0,0,2
2021-06-27 00:14:21,0,1,0,1
2021-06-27 00:15:05,3,1,0,4
2021-06-27 00:15:06,8,0,2,10
2021-06-27 00:15:18,1,1,0,2
2021-06-27 00:15:38,4,2,2,8
2021-06-27 00:15:54,3,1,0,4
2021-06-27 00:16:00,5,1,4,10
2021-06-27 00:16:13,0,1,0,1
2021-06-27 00:17:01,0,1,1,2
2021-06-27 00:17:02,2,1,1,4
2021-06-27 00:17:20,0,1,0,1
2021-06-27 00:17:43,0,1,0,1
2021-06-27 00:18:01,5,3,0,8
2021-06-27 00:18:15,0,0,0,0
2021-06-27 00:19:05,1,1,0,2
2021-06-27 00:19:07,0,1,0,1
2021-06-27 00:19:18,2,1,0,3
2021-06-27 00:19:26,1,1,0,2
2021-06-27 00:19:36,0,0,0,0
2021-06-27 00:19:40,0,1,0,1
2021-06-27 00:19:42,2,1,0,3
2021-06-27 00:19:47,0,0,0,0
2021-06-27 00:19:53,0,0,0,0
2021-06-27 00:19:56,0,0,0,0
2021-06-27 00:20:00,2,0,0,2
2021-06-27 00:20:05,26,0,4,30
2021-06-27 00:20:32,2,3,0,5
2021-06-27 00:20:44,0,0,0,0
2021-06-27 00:20:57,0,0,0,0
2021-06-27 00:21:12,3,1,0,4
2021-06-27 00:21:20,2,0,0,2
2021-06-27 00:21:26,0,0,0,0
2021-06-27 00:21:35,0,0,0,0
2021-06-27 00:21:48,1,0,0,1
2021-06-27 00:21:52,0,0,0,0
2021-06-27 00:22:12,0,0,0,0
2021-06-27 00:22:16,0,0,1,1
2021-06-27 00:22:27,0,0,0,0
2021-06-27 00:22:30,0,0,0,0
2021-06-27 00:22:37,0,0,0,0
2021-06-27 00:23:07,0,0,0,0
2021-06-27 00:23:54,1,0,0,1
2021-06-27 00:23:58,1,0,0,1
2021-06-27 00:24:05,0,0,0,0
2021-06-27 00:24:08,0,0,0,0
2021-06-27 00:24:13,0,0,0,0
2021-06-27 00:24:20,0,0,0,0
2021-06-27 00:24:25,1,0,0,1
2021-06-27 00:24:27,0,0,0,0
2021-06-27 00:24:36,0,0,0,0
2021-06-27 00:24:44,0,0,0,0
2021-06-27 00:24:53,0,0,0,0
2021-06-27 00:25:00,0,0,0,0
2021-06-27 00:25:12,0,0,0,0
2021-06-27 00:25:27,1,0,0,1
2021-06-27 00:25:31,1,0,0,1
2021-06-27 00:25:35,0,0,0,0
2021-06-27 00:25:38,11,0,3,14
2021-06-27 00:25:43,0,0,0,0
2021-06-27 00:25:48,0,0,0,0
2021-06-27 00:25:52,0,0,0,0
2021-06-27 00:26:01,0,0,0,0
2021-06-27 00:26:22,0,0,0,0
2021-06-27 00:26:23,0,0,0,0
2021-06-27 00:26:24,0,0,0,0
2021-06-27 00:26:39,0,0,0,0
2021-06-27 00:26:43,3,0,1,4
2021-06-27 00:27:01,0,0,0,0
2021-06-27 00:27:10,0,0,0,0
2021-06-27 00:27:11,0,0,0,0
2021-06-27 00:27:17,0,0,0,0
2021-06-27 00:27:25,4,4,3,11
2021-06-27 00:27:50,2,0,0,2
2021-06-27 00:28:08,0,0,0,0
2021-06-27 00:28:10,0,0,0,0
2021-06-27 00:28:17,2,0,1,3
2021-06-27 00:28:20,0,0,0,0
2021-06-27 00:28:27,0,0,0,0
2021-06-27 00:28:41,0,0,0,0
2021-06-27 00:28:43,2,0,0,2
2021-06-27 00:28:44,0,0,0,0
2021-06-27 00:28:50,1,0,0,1
2021-06-27 00:28:51,0,0,0,0
2021-06-27 00:29:26,0,0,0,0
2021-06-27 00:29:45,0,0,0,0
2021-06-27 00:30:16,0,0,0,0
2021-06-27 00:30:18,1,0,0,1
2021-06-27 00:30:33,46,0,5,51
2021-06-27 00:30:44,1,0,0,1
2021-06-27 00:30:56,2,0,1,3
2021-06-27 00:31:36,30,0,8,38
2021-06-27 00:31:42,0,0,0,0
2021-06-27 00:31:48,0,0,0,0
2021-06-27 00:31:53,0,0,0,0
2021-06-27 00:32:04,0,0,0,0
2021-06-27 00:32:08,0,0,0,0
2021-06-27 00:32:15,0,0,0,0
2021-06-27 00:32:16,0,0,0,0
2021-06-27 00:32:34,4,4,0,8
2021-06-27 00:32:56,0,0,0,0
2021-06-27 00:33:11,2,0,0,2
2021-06-27 00:33:20,2,0,2,4
2021-06-27 00:33:40,0,0,0,0
2021-06-27 00:33:46,0,0,0,0
2021-06-27 00:34:02,1,0,0,1
2021-06-27 00:34:21,0,0,0,0
2021-06-27 00:34:32,4,0,2,6
2021-06-27 00:34:59,1,0,0,1
2021-06-27 00:35:00,14,0,2,16
2021-06-27 00:35:07,7,0,2,9
2021-06-27 00:35:42,2,0,0,2
2021-06-27 00:35:52,3,2,0,5
2021-06-27 00:36:07,1,0,0,1
2021-06-27 00:36:22,223,9,55,287
2021-06-27 00:36:51,1,0,0,1
2021-06-27 00:37:29,1,0,0,1
2021-06-27 00:37:34,4,1,1,6
2021-06-27 00:37:42,3,1,0,4
2021-06-27 00:37:56,1,0,0,1
2021-06-27 00:37:58,2,0,0,2
2021-06-27 00:38:07,6,0,0,6
2021-06-27 00:38:32,0,0,0,0
2021-06-27 00:38:54,862,5,74,941
2021-06-27 00:39:01,1,0,0,1
2021-06-27 00:39:16,0,0,0,0
2021-06-27 00:39:22,6,2,1,9
2021-06-27 00:40:06,1,0,0,1
2021-06-27 00:40:10,6,0,2,8
2021-06-27 00:40:18,2,0,0,2
2021-06-27 00:40:41,1,0,0,1
2021-06-27 00:40:47,0,0,0,0
2021-06-27 00:41:05,0,0,0,0
2021-06-27 00:41:15,3,0,0,3
2021-06-27 00:41:17,1,0,0,1
2021-06-27 00:41:50,0,0,0,0
2021-06-27 00:42:06,1,1,0,2
2021-06-27 00:42:30,0,0,0,0
2021-06-27 00:42:32,0,0,0,0
2021-06-27 00:42:40,6,0,2,8
2021-06-27 00:42:53,0,0,0,0
2021-06-27 00:43:04,1,0,0,1
2021-06-27 00:43:20,1,0,0,1
2021-06-27 00:43:47,1,0,0,1
2021-06-27 00:43:50,0,0,0,0
2021-06-27 00:44:14,9,0,3,12
2021-06-27 00:44:15,0,0,0,0
2021-06-27 00:44:18,4,0,2,6
2021-06-27 00:44:52,1,0,0,1
2021-06-27 00:44:53,2,0,0,2
2021-06-27 00:45:12,1,0,0,1
2021-06-27 00:45:24,825,33,190,1048
2021-06-27 00:45:29,2,0,0,2
2021-06-27 00:45:30,11,1,4,16
2021-06-27 00:45:53,6,0,1,7
2021-06-27 00:46:01,1,0,0,1
2021-06-27 00:46:06,0,0,0,0
2021-06-27 00:46:13,0,0,0,0
2021-06-27 00:46:30,1,0,0,1
2021-06-27 00:46:37,56,0,14,70
2021-06-27 00:46:54,0,0,0,0
2021-06-27 00:47:10,2,0,0,2
2021-06-27 00:47:11,0,0,0,0
2021-06-27 00:47:36,0,0,0,0
2021-06-27 00:47:58,0,0,0,0
2021-06-27 00:48:06,0,0,0,0
2021-06-27 00:48:07,0,0,0,0
2021-06-27 00:48:34,1,0,0,1
2021-06-27 00:48:44,0,0,0,0
2021-06-27 00:48:59,1,0,0,1
2021-06-27 00:49:03,1,0,0,1
2021-06-27 00:49:11,1,0,0,1
2021-06-27 00:49:13,0,0,0,0
2021-06-27 00:49:19,1,0,0,1
2021-06-27 00:49:33,8,0,3,11
2021-06-27 00:49:41,0,0,0,0
2021-06-27 00:50:06,0,0,0,0
2021-06-27 00:50:09,22,2,4,28
2021-06-27 00:50:15,0,0,0,0
2021-06-27 00:50:27,0,0,0,0
2021-06-27 00:50:30,0,0,0,0
2021-06-27 00:50:34,0,0,0,0
2021-06-27 00:50:37,0,0,0,0
2021-06-27 00:50:56,0,0,0,0
2021-06-27 00:51:00,0,0,0,0
2021-06-27 00:51:10,0,0,0,0
2021-06-27 00:51:16,0,0,0,0
2021-06-27 00:51:28,0,0,0,0
2021-06-27 00:51:32,2,0,2,4
2021-06-27 00:51:34,0,0,0,0
2021-06-27 00:51:39,1,0,0,1
2021-06-27 00:51:42,0,0,0,0
2021-06-27 00:51:56,2,0,1,3
2021-06-27 00:51:57,0,0,0,0
2021-06-27 00:52:05,3,0,0,3
2021-06-27 00:52:22,0,0,0,0
2021-06-27 00:52:35,3,3,0,6
2021-06-27 00:53:15,1,0,1,2
2021-06-27 00:53:40,0,0,0,0
2021-06-27 00:54:05,0,0,0,0
2021-06-27 00:54:11,0,0,0,0
2021-06-27 00:54:15,0,0,0,0
2021-06-27 00:54:23,3,0,1,4
2021-06-27 00:54:35,3,0,0,3
2021-06-27 00:54:36,6,1,0,7
2021-06-27 00:54:51,16,0,7,23
2021-06-27 00:54:54,1,0,0,1
2021-06-27 00:55:44,11,0,4,15
2021-06-27 00:55:47,1,0,0,1
2021-06-27 00:55:48,12,1,0,13
2021-06-27 00:56:13,152,7,23,182
2021-06-27 00:56:23,4,0,2,6
2021-06-27 00:56:35,3,0,2,5
2021-06-27 00:56:36,4,0,0,4
2021-06-27 00:56:37,1,0,0,1
2021-06-27 00:56:39,1,0,0,1
2021-06-27 00:57:29,1,0,0,1
2021-06-27 00:58:47,1,0,0,1
2021-06-27 00:58:48,1,1,0,2
2021-06-27 00:59:00,0,0,0,0
2021-06-27 00:59:24,1,1,0,2
2021-06-27 00:59:30,2,1,0,3
2021-06-27 00:59:41,3,0,1,4
2021-06-27 01:00:07,0,2,0,2
2021-06-27 01:00:23,1,1,0,2
2021-06-27 01:00:47,0,0,0,0
2021-06-27 01:00:56,15,1,6,22
2021-06-27 01:01:04,0,0,0,0
2021-06-27 01:01:29,0,0,0,0
2021-06-27 01:02:00,4,1,2,7
2021-06-27 01:02:04,1,0,0,1
2021-06-27 01:02:10,3,1,2,6
2021-06-27 01:02:13,2,1,0,3
2021-06-27 01:02:42,0,0,0,0
2021-06-27 01:02:49,1,1,2,4
2021-06-27 01:02:59,1,1,0,2
2021-06-27 01:03:07,0,1,0,1
2021-06-27 01:03:08,1,0,0,1
2021-06-27 01:03:20,0,0,0,0
2021-06-27 01:03:33,1,0,0,1
2021-06-27 01:04:10,0,1,0,1
2021-06-27 01:04:16,0,1,0,1
2021-06-27 01:04:59,0,0,0,0
2021-06-27 01:05:03,1,0,0,1
2021-06-27 01:05:13,0,0,0,0
2021-06-27 01:05:29,0,0,0,0
2021-06-27 01:06:16,0,5,0,5
2021-06-27 01:06:36,18,4,14,36
2021-06-27 01:06:38,0,4,0,4
2021-06-27 01:06:52,0,5,0,5
2021-06-27 01:07:26,5,4,1,10
2021-06-27 01:07:34,1,5,0,6
2021-06-27 01:08:13,0,0,0,0
2021-06-27 01:08:25,0,0,0,0
2021-06-27 01:08:39,2,0,0,2
2021-06-27 01:08:43,0,0,0,0
2021-06-27 01:08:57,1,0,0,1
2021-06-27 01:09:10,4,0,0,4
2021-06-27 01:09:20,2,0,0,2
2021-06-27 01:09:28,7,0,0,7
2021-06-27 01:09:53,8,0,2,10
2021-06-27 01:09:54,0,0,0,0
2021-06-27 01:10:35,0,0,0,0
2021-06-27 01:10:45,2,1,1,4
2021-06-27 01:11:40,1,0,0,1
2021-06-27 01:12:07,0,0,0,0
2021-06-27 01:13:00,2,0,0,2
2021-06-27 01:13:16,0,0,0,0
2021-06-27 01:13:54,0,0,0,0
2021-06-27 01:14:18,3,0,5,8
2021-06-27 01:14:25,1,0,0,1
2021-06-27 01:14:51,1,0,0,1
2021-06-27 01:15:52,3,0,1,4
2021-06-27 01:16:43,7,0,4,11
2021-06-27 01:17:29,80,0,2,82
2021-06-27 01:17:31,0,0,0,0
2021-06-27 01:17:55,14,0,2,16
2021-06-27 01:18:24,19,6,0,25
2021-06-27 01:18:28,1,0,0,1
2021-06-27 01:18:32,0,0,0,0
2021-06-27 01:19:03,7,1,3,11
2021-06-27 01:21:11,1,0,0,1
2021-06-27 01:22:16,2,0,0,2
2021-06-27 01:23:33,2,0,1,3
2021-06-27 01:23:48,3,0,0,3
2021-06-27 01:23:58,604,30,133,767
2021-06-27 01:25:20,0,0,0,0
2021-06-27 01:27:50,1,0,0,1
2021-06-27 01:28:11,0,0,0,0
2021-06-27 01:29:08,4,0,0,4
2021-06-27 01:29:25,0,0,0,0
2021-06-27 01:29:36,0,0,0,0
2021-06-27 01:30:13,1,1,0,2
2021-06-27 01:31:48,0,0,0,0
2021-06-27 01:32:08,0,0,0,0
2021-06-27 01:32:44,0,1,0,1
2021-06-27 01:34:58,1,0,0,1
2021-06-27 01:35:16,1,0,0,1
2021-06-27 01:35:23,8,0,1,9
2021-06-27 01:36:14,0,0,0,0
2021-06-27 01:36:51,4,0,2,6
2021-06-27 01:37:28,0,0,0,0
2021-06-27 01:37:32,8,0,0,8
2021-06-27 01:37:45,1,0,0,1
2021-06-27 01:38:21,0,0,0,0
2021-06-27 01:39:00,0,0,0,0
2021-06-27 01:41:40,0,0,0,0
2021-06-27 01:42:18,12,0,5,17
2021-06-27 01:42:28,1,0,0,1
2021-06-27 01:43:39,7,2,1,10
2021-06-27 01:43:50,19,1,3,23
2021-06-27 01:43:57,0,0,0,0
2021-06-27 01:44:27,0,0,0,0
2021-06-27 01:44:52,0,0,0,0
2021-06-27 01:45:07,0,0,0,0
2021-06-27 01:45:28,1,0,0,1
2021-06-27 01:45:34,0,0,0,0
2021-06-27 01:45:42,2,1,0,3
2021-06-27 01:46:00,3,0,1,4
2021-06-27 01:46:17,0,0,0,0
2021-06-27 01:46:37,1,0,0,1
2021-06-27 01:46:41,3,0,4,7
2021-06-27 01:46:50,0,0,0,0
2021-06-27 01:47:19,0,0,0,0
2021-06-27 01:47:37,0,0,0,0
2021-06-27 01:48:01,0,0,0,0
2021-06-27 01:48:14,0,0,0,0
2021-06-27 01:48:23,1,0,0,1
2021-06-27 01:48:34,15,0,2,17
2021-06-27 01:49:07,0,0,0,0
2021-06-27 01:49:10,0,0,0,0
2021-06-27 01:49:36,1,0,0,1
2021-06-27 01:50:29,4,0,2,6
2021-06-27 01:50:31,22,0,5,27
2021-06-27 01:51:17,2,0,0,2
2021-06-27 01:52:13,1,0,0,1
2021-06-27 01:55:20,0,0,0,0
2021-06-27 01:55:34,0,0,0,0
2021-06-27 01:56:17,5,0,1,6
2021-06-27 01:57:36,1,0,0,1
2021-06-27 01:58:09,2,0,0,2
2021-06-27 01:58:37,0,0,0,0
2021-06-27 01:58:40,0,0,0,0
2021-06-27 01:59:40,0,0,0,0
2021-06-27 01:59:51,1,0,0,1
2021-06-27 02:00:26,3,0,0,3
2021-06-27 02:00:28,0,0,0,0
2021-06-27 02:01:08,0,0,0,0
2021-06-27 02:02:09,0,0,0,0
2021-06-27 02:03:46,5,1,0,6
2021-06-27 02:04:54,0,0,0,0
2021-06-27 02:05:50,1,1,0,2
2021-06-27 02:09:00,0,0,0,0
2021-06-27 02:09:12,0,0,0,0
2021-06-27 02:09:24,2,0,0,2
2021-06-27 02:09:42,0,0,0,0
2021-06-27 02:09:54,0,0,0,0
2021-06-27 02:10:11,0,0,0,0
2021-06-27 02:10:21,0,0,0,0
2021-06-27 02:10:24,0,0,0,0
2021-06-27 02:10:43,0,0,0,0
2021-06-27 02:10:51,0,0,0,0
2021-06-27 02:11:03,0,0,0,0
2021-06-27 02:11:09,0,0,0,0
2021-06-27 02:11:27,0,0,0,0
2021-06-27 02:11:52,8,0,2,10
2021-06-27 02:12:05,0,0,0,0
2021-06-27 02:13:16,0,0,0,0
2021-06-27 02:13:47,2,0,0,2
2021-06-27 02:17:31,4,1,0,5
2021-06-27 02:22:12,1,0,0,1
2021-06-27 02:22:16,2,0,1,3
2021-06-27 02:25:08,2,0,1,3
2021-06-27 02:25:17,1,0,1,2
2021-06-27 02:25:21,10,0,2,12
2021-06-27 02:26:55,6,1,0,7
2021-06-27 02:26:59,3,1,1,5
2021-06-27 02:27:07,0,0,0,0
2021-06-27 02:28:35,1,0,0,1
2021-06-27 02:29:42,1,0,0,1
2021-06-27 02:29:52,0,0,0,0
2021-06-27 02:30:11,0,0,1,1
2021-06-27 02:30:39,1,0,0,1
2021-06-27 02:31:21,0,0,0,0
2021-06-27 02:32:11,2,0,0,2
2021-06-27 02:32:43,2,0,1,3
2021-06-27 02:33:35,1,0,0,1
2021-06-27 02:36:51,29,1,8,38
2021-06-27 02:37:01,1,1,0,2
2021-06-27 02:39:14,0,0,0,0
2021-06-27 02:40:26,1,0,0,1
2021-06-27 02:40:58,2,3,1,6
2021-06-27 02:41:51,2,0,1,3
2021-06-27 02:42:17,5,0,3,8
2021-06-27 02:42:57,0,0,0,0
2021-06-27 02:44:55,0,0,0,0
2021-06-27 02:50:40,0,0,0,0
2021-06-27 02:55:19,3,0,0,3
2021-06-27 03:02:07,2,0,1,3
2021-06-27 03:02:49,0,0,0,0
2021-06-27 03:03:27,0,0,0,0
2021-06-27 03:09:01,8,0,1,9
2021-06-27 03:09:48,1,0,0,1
2021-06-27 03:11:12,1,0,0,1
2021-06-27 03:12:33,35,1,14,50
2021-06-27 03:13:33,6,0,0,6
2021-06-27 03:16:21,0,0,0,0
2021-06-27 03:16:22,0,0,0,0
2021-06-27 03:18:27,1,0,1,2
2021-06-27 03:24:48,2,0,0,2
2021-06-27 03:25:06,3,0,0,3
2021-06-27 03:28:19,1,0,0,1
2021-06-27 03:29:17,3,0,1,4
2021-06-27 03:34:04,1,0,0,1
2021-06-27 03:36:48,22,0,4,26
2021-06-27 03:39:56,1,0,0,1
2021-06-27 03:47:32,0,0,0,0
2021-06-27 03:49:20,1,0,0,1
2021-06-27 03:51:36,0,1,0,1
2021-06-27 03:53:46,2,1,0,3
2021-06-27 03:54:39,0,0,0,0
2021-06-27 03:55:00,1,1,0,2
2021-06-27 04:00:43,3,0,1,4
2021-06-27 04:04:00,0,0,0,0
2021-06-27 04:07:11,0,0,0,0
2021-06-27 04:08:00,9,0,4,13
2021-06-27 04:09:39,3,0,1,4
2021-06-27 04:12:12,1,0,0,1
2021-06-27 04:15:39,1,0,0,1
2021-06-27 04:15:56,0,0,0,0
2021-06-27 04:16:07,15,1,2,18
2021-06-27 04:16:30,1,0,1,2
2021-06-27 04:16:55,0,0,0,0
2021-06-27 04:23:33,1,0,0,1
2021-06-27 04:24:14,0,0,0,0
2021-06-27 04:28:40,1,0,0,1
2021-06-27 04:29:21,2,0,2,4
2021-06-27 04:29:39,0,0,0,0
2021-06-27 04:31:08,1,0,0,1
2021-06-27 04:33:59,1,0,1,2
2021-06-27 04:36:47,0,0,0,0
2021-06-27 04:45:10,1,1,1,3
2021-06-27 04:45:47,0,0,0,0
2021-06-27 04:47:06,1,0,1,2
2021-06-27 04:48:47,0,0,0,0
2021-06-27 04:50:28,2,0,0,2
2021-06-27 04:52:01,1,0,0,1
2021-06-27 04:52:13,0,0,0,0
2021-06-27 04:52:58,19,0,6,25
2021-06-27 04:54:37,0,0,0,0
2021-06-27 04:55:45,1,0,1,2
2021-06-27 04:56:52,3,1,0,4
2021-06-27 04:56:59,0,0,0,0
2021-06-27 04:59:12,3,0,0,3
2021-06-27 04:59:38,2,0,0,2
2021-06-27 05:00:05,1,1,1,3
2021-06-27 05:00:20,0,0,0,0
2021-06-27 05:01:13,3,2,1,6
2021-06-27 05:01:49,0,0,0,0
2021-06-27 05:03:04,2,1,0,3
2021-06-27 05:03:06,1,0,0,1
2021-06-27 05:03:09,18,0,6,24
2021-06-27 05:07:31,1,0,1,2
2021-06-27 05:09:04,0,0,0,0
2021-06-27 05:09:26,7,2,4,13
2021-06-27 05:10:05,1,0,0,1
2021-06-27 05:11:53,0,0,0,0
2021-06-27 05:12:20,1,0,0,1
2021-06-27 05:12:52,1,0,0,1
2021-06-27 05:14:26,0,0,0,0
2021-06-27 05:15:18,0,0,0,0
2021-06-27 05:15:28,2,0,0,2
2021-06-27 05:17:13,0,0,0,0
2021-06-27 05:18:29,0,0,0,0
2021-06-27 05:19:36,1,0,1,2
2021-06-27 05:20:06,6,0,0,6
2021-06-27 05:21:21,0,0,0,0
2021-06-27 05:24:40,1,0,0,1
2021-06-27 05:25:14,0,0,0,0
2021-06-27 05:25:27,0,0,0,0
2021-06-27 05:26:07,0,0,0,0
2021-06-27 05:28:14,1,0,0,1
2021-06-27 05:29:46,4,0,3,7
2021-06-27 05:30:52,1,0,0,1
2021-06-27 05:31:22,1,0,0,1
2021-06-27 05:35:49,3,0,2,5
2021-06-27 05:36:15,0,0,0,0
2021-06-27 05:37:42,2,0,0,2
2021-06-27 05:38:58,4,0,0,4
2021-06-27 05:39:59,4,1,0,5
2021-06-27 05:41:49,6,0,0,6
2021-06-27 05:44:20,0,0,0,0
2021-06-27 05:44:56,2,0,0,2
2021-06-27 05:45:10,0,0,0,0
2021-06-27 05:45:19,2,0,2,4
2021-06-27 05:49:06,2,0,0,2
2021-06-27 05:49:09,2,0,0,2
2021-06-27 05:50:45,3,0,0,3
2021-06-27 05:53:54,1,0,0,1
2021-06-27 05:54:07,1,0,0,1
2021-06-27 05:54:45,1,0,0,1
2021-06-27 05:55:31,0,0,0,0
2021-06-27 05:56:32,1,0,2,3
2021-06-27 05:57:08,3,0,0,3
2021-06-27 05:57:21,1,0,0,1
2021-06-27 05:57:49,2,0,0,2
2021-06-27 05:58:51,2,0,0,2
2021-06-27 05:59:32,1,1,0,2
2021-06-27 05:59:37,1,1,0,2
2021-06-27 05:59:56,7,0,1,8
2021-06-27 06:00:10,4,0,0,4
2021-06-27 06:01:05,2,1,1,4
2021-06-27 06:01:13,0,0,0,0
2021-06-27 06:01:50,0,0,0,0
2021-06-27 06:03:09,2,1,0,3
2021-06-27 06:03:10,3,0,0,3
2021-06-27 06:03:56,2,1,1,4
2021-06-27 06:05:07,0,0,0,0
2021-06-27 06:06:22,0,0,0,0
2021-06-27 06:07:43,0,0,0,0
2021-06-27 06:10:44,0,0,0,0
2021-06-27 06:11:50,4,0,0,4
2021-06-27 06:12:33,0,0,0,0
2021-06-27 06:13:17,1,0,0,1
2021-06-27 06:13:18,8,2,2,12
2021-06-27 06:13:23,0,0,0,0
2021-06-27 06:14:09,0,0,0,0
2021-06-27 06:15:39,0,0,0,0
2021-06-27 06:17:06,0,0,0,0
2021-06-27 06:17:16,0,0,0,0
2021-06-27 06:17:27,0,1,0,1
2021-06-27 06:18:16,0,0,0,0
2021-06-27 06:18:39,3,1,0,4
2021-06-27 06:18:55,0,0,0,0
2021-06-27 06:19:15,0,0,0,0
2021-06-27 06:19:17,0,0,0,0
2021-06-27 06:19:22,0,0,0,0
2021-06-27 06:19:40,0,0,0,0
2021-06-27 06:19:56,0,0,0,0
2021-06-27 06:20:18,0,0,0,0
2021-06-27 06:20:37,0,0,0,0
2021-06-27 06:20:45,0,0,0,0
2021-06-27 06:21:14,1,0,0,1
2021-06-27 06:22:00,0,0,0,0
2021-06-27 06:22:29,2,0,0,2
2021-06-27 06:23:23,1,0,0,1
2021-06-27 06:27:04,0,0,0,0
2021-06-27 06:27:30,4,0,0,4
2021-06-27 06:27:33,0,0,0,0
2021-06-27 06:27:38,0,0,0,0
2021-06-27 06:27:59,0,0,0,0
2021-06-27 06:28:45,2,0,0,2
2021-06-27 06:29:21,0,0,0,0
2021-06-27 06:30:18,1,0,0,1
2021-06-27 06:31:41,10,0,8,18
2021-06-27 06:32:18,31,2,9,42
2021-06-27 06:32:26,0,0,0,0
2021-06-27 06:32:42,0,0,0,0
2021-06-27 06:34:11,0,0,0,0
2021-06-27 06:34:50,1,0,0,1
2021-06-27 06:36:00,0,0,0,0
2021-06-27 06:36:49,0,0,0,0
2021-06-27 06:37:16,0,0,0,0
2021-06-27 06:39:28,2,1,0,3
2021-06-27 06:41:20,1,0,0,1
2021-06-27 06:42:27,1,0,0,1
2021-06-27 06:45:26,33,11,3,47
2021-06-27 06:45:56,3,0,2,5
2021-06-27 06:47:10,0,0,0,0
2021-06-27 06:47:12,1,0,0,1
2021-06-27 06:48:34,0,0,0,0
2021-06-27 06:48:43,2,0,0,2
2021-06-27 06:50:23,1,1,0,2
2021-06-27 06:50:55,1,0,0,1
2021-06-27 06:51:16,3,0,1,4
2021-06-27 06:53:06,0,0,0,0
2021-06-27 06:53:14,0,0,0,0
2021-06-27 06:53:25,16,0,4,20
2021-06-27 06:53:55,0,0,0,0
2021-06-27 06:53:59,2,0,0,2
2021-06-27 06:55:06,0,0,0,0
2021-06-27 06:55:44,0,1,0,1
2021-06-27 06:57:19,0,0,0,0
2021-06-27 06:57:47,1,0,0,1
2021-06-27 06:58:46,1,0,0,1
2021-06-27 06:58:56,0,0,0,0
2021-06-27 06:58:58,2,0,0,2
2021-06-27 07:01:45,0,0,0,0
2021-06-27 07:01:53,1,0,0,1
2021-06-27 07:04:42,0,1,0,1
2021-06-27 07:06:30,3,0,2,5
2021-06-27 07:08:13,2,0,0,2
2021-06-27 07:08:48,1,0,0,1
2021-06-27 07:08:50,2,0,0,2
2021-06-27 07:09:45,0,0,0,0
2021-06-27 07:10:14,2,0,0,2
2021-06-27 07:10:32,0,0,0,0
2021-06-27 07:10:54,0,0,0,0
2021-06-27 07:11:17,0,2,0,2
2021-06-27 07:11:26,49,0,3,52
2021-06-27 07:11:34,4,2,1,7
2021-06-27 07:12:07,0,0,0,0
2021-06-27 07:12:24,0,0,0,0
2021-06-27 07:12:46,0,0,0,0
2021-06-27 07:14:15,6,0,1,7
2021-06-27 07:15:22,79,1,12,92
2021-06-27 07:16:23,0,0,0,0
2021-06-27 07:17:05,0,0,0,0
2021-06-27 07:19:04,1,0,0,1
2021-06-27 07:19:37,0,0,0,0
2021-06-27 07:20:17,0,0,0,0
2021-06-27 07:22:22,189,39,18,246
2021-06-27 07:22:49,0,0,0,0
2021-06-27 07:22:55,2,0,0,2
2021-06-27 07:23:18,1,0,0,1
2021-06-27 07:23:23,0,0,0,0
2021-06-27 07:23:35,1,0,0,1
2021-06-27 07:24:22,6,0,2,8
2021-06-27 07:24:50,2,0,0,2
2021-06-27 07:25:23,6,0,1,7
2021-06-27 07:25:35,1,0,0,1
2021-06-27 07:26:02,7,0,0,7
2021-06-27 07:26:56,2,0,0,2
2021-06-27 07:27:07,2,1,0,3
2021-06-27 07:27:51,1,0,0,1
2021-06-27 07:28:02,7,1,0,8
2021-06-27 07:28:19,3,0,1,4
2021-06-27 07:28:52,2,0,0,2
2021-06-27 07:29:00,3,0,1,4
2021-06-27 07:29:16,10,1,4,15
2021-06-27 07:29:27,2,0,1,3
2021-06-27 07:29:43,2,0,0,2
2021-06-27 07:30:05,24,4,14,42
2021-06-27 07:30:29,8,0,4,12
2021-06-27 07:31:22,1,0,1,2
2021-06-27 07:31:34,3,0,2,5
2021-06-27 07:31:42,6,0,2,8
2021-06-27 07:31:54,13,2,3,18
2021-06-27 07:31:58,1,0,0,1
2021-06-27 07:33:03,15,0,1,16
2021-06-27 07:34:45,0,0,0,0
2021-06-27 07:35:15,67,1,11,79
2021-06-27 07:35:26,1783,85,296,2164
2021-06-27 07:36:29,35,1,6,42
2021-06-27 07:36:34,0,0,0,0
2021-06-27 07:37:06,17,0,3,20
2021-06-27 07:37:08,1,0,0,1
2021-06-27 07:37:09,1,0,0,1
2021-06-27 07:38:42,0,0,0,0
2021-06-27 07:38:53,2,0,0,2
2021-06-27 07:39:24,14,0,4,18
2021-06-27 07:39:52,1,0,0,1
2021-06-27 07:40:59,1,0,0,1
2021-06-27 07:41:09,1,0,0,1
2021-06-27 07:41:10,5,0,1,6
2021-06-27 07:41:15,2,0,1,3
2021-06-27 07:41:51,3,0,0,3
2021-06-27 07:41:53,0,0,0,0
2021-06-27 07:44:20,6,1,1,8
2021-06-27 07:44:28,4,0,1,5
2021-06-27 07:45:30,6,2,0,8
2021-06-27 07:45:32,161,36,32,229
2021-06-27 07:45:42,3,0,1,4
2021-06-27 07:46:32,0,0,0,0
2021-06-27 07:47:02,0,0,0,0
2021-06-27 07:47:04,14,2,3,19
2021-06-27 07:47:32,0,0,0,0
2021-06-27 07:47:48,2,0,0,2
2021-06-27 07:47:53,46,1,14,61
2021-06-27 07:48:11,10,0,1,11
2021-06-27 07:48:28,0,0,0,0
2021-06-27 07:48:41,1,0,0,1
2021-06-27 07:49:04,7,0,2,9
2021-06-27 07:49:13,10,1,2,13
2021-06-27 07:50:19,0,0,0,0
2021-06-27 07:50:50,2,0,0,2
2021-06-27 07:51:24,1,0,0,1
2021-06-27 07:51:27,5,0,0,5
2021-06-27 07:51:36,0,0,0,0
2021-06-27 07:51:54,14,1,2,17
2021-06-27 07:52:08,1,0,0,1
2021-06-27 07:52:42,0,0,0,0
2021-06-27 07:52:54,0,0,0,0
2021-06-27 07:53:03,3771,90,596,4457
2021-06-27 07:53:12,1,0,0,1
2021-06-27 07:53:42,6,0,1,7
2021-06-27 07:54:32,0,0,0,0
2021-06-27 07:55:03,0,0,0,0
2021-06-27 07:55:09,0,0,0,0
2021-06-27 07:55:15,1,0,0,1
2021-06-27 07:55:19,2,0,0,2
2021-06-27 07:55:41,1,0,0,1
2021-06-27 07:55:52,0,0,0,0
2021-06-27 07:56:32,0,1,0,1
2021-06-27 07:56:35,3,0,0,3
2021-06-27 07:56:41,1,1,0,2
2021-06-27 07:56:53,0,0,0,0
2021-06-27 07:57:00,2,1,0,3
2021-06-27 07:57:19,0,0,0,0
2021-06-27 07:57:21,0,0,0,0
2021-06-27 07:57:43,0,0,0,0
2021-06-27 07:57:50,0,0,0,0
2021-06-27 07:57:52,2,1,1,4
2021-06-27 07:58:38,1,0,0,1
2021-06-27 07:59:09,0,0,0,0
2021-06-27 07:59:10,0,0,0,0
2021-06-27 07:59:16,1,0,0,1
2021-06-27 07:59:29,0,0,0,0
2021-06-27 07:59:35,0,0,0,0
2021-06-27 08:00:00,26,1,5,32
2021-06-27 08:00:01,2,0,1,3
2021-06-27 08:00:03,2,0,1,3
2021-06-27 08:00:39,1,0,1,2
2021-06-27 08:00:56,1,0,0,1
2021-06-27 08:01:04,1,0,1,2
2021-06-27 08:01:12,0,0,0,0
2021-06-27 08:01:16,0,0,1,1
2021-06-27 08:01:26,0,0,0,0
2021-06-27 08:01:36,0,0,1,1
2021-06-27 08:01:40,2,1,0,3
2021-06-27 08:01:49,0,0,0,0
2021-06-27 08:01:51,0,0,0,0
2021-06-27 08:01:56,0,0,0,0
2021-06-27 08:01:57,2,0,0,2
2021-06-27 08:03:24,0,0,0,0
2021-06-27 08:03:29,69,1,10,80
2021-06-27 08:03:36,470,30,96,596
2021-06-27 08:03:45,3,0,0,3
2021-06-27 08:03:49,18,0,2,20
2021-06-27 08:03:58,2,0,0,2
2021-06-27 08:04:15,4,0,0,4
2021-06-27 08:04:21,9,0,2,11
2021-06-27 08:04:23,2,0,0,2
2021-06-27 08:04:32,0,0,0,0
2021-06-27 08:04:56,0,0,0,0
2021-06-27 08:05:04,0,0,0,0
2021-06-27 08:05:32,0,0,0,0
2021-06-27 08:05:33,6,1,0,7
2021-06-27 08:05:34,0,0,0,0
2021-06-27 08:05:35,0,0,0,0
2021-06-27 08:05:49,0,0,0,0
2021-06-27 08:05:50,20,1,3,24
2021-06-27 08:06:04,0,0,0,0
2021-06-27 08:06:10,1,0,0,1
2021-06-27 08:06:12,0,0,0,0
2021-06-27 08:06:16,1,0,0,1
2021-06-27 08:06:22,0,0,0,0
2021-06-27 08:06:24,2,0,1,3
2021-06-27 08:06:44,0,0,0,0
2021-06-27 08:06:45,0,0,0,0
2021-06-27 08:06:59,0,0,0,0
2021-06-27 08:07:03,0,0,0,0
2021-06-27 08:07:14,2,0,0,2
2021-06-27 08:07:43,0,0,0,0
2021-06-27 08:07:45,1,0,0,1
2021-06-27 08:07:54,1,0,0,1
2021-06-27 08:08:01,0,0,0,0
2021-06-27 08:08:06,0,0,0,0
2021-06-27 08:08:14,5,0,3,8
2021-06-27 08:08:26,0,0,0,0
2021-06-27 08:08:35,8,0,3,11
2021-06-27 08:08:51,29,0,8,37
2021-06-27 08:08:53,1,0,0,1
2021-06-27 08:09:12,0,0,0,0
2021-06-27 08:09:28,0,0,0,0
2021-06-27 08:09:34,32,0,5,37
2021-06-27 08:09:54,1,0,0,1
2021-06-27 08:10:05,0,0,0,0
2021-06-27 08:10:17,0,0,0,0
2021-06-27 08:10:25,6,0,0,6
2021-06-27 08:10:34,1,0,0,1
2021-06-27 08:10:39,0,0,1,1
2021-06-27 08:10:50,0,0,1,1
2021-06-27 08:10:51,11,0,1,12
2021-06-27 08:10:52,0,0,1,1
2021-06-27 08:10:54,0,0,1,1
2021-06-27 08:10:59,0,0,1,1
2021-06-27 08:11:05,0,0,1,1
2021-06-27 08:11:33,0,0,2,2
2021-06-27 08:11:57,1,0,1,2
2021-06-27 08:12:14,0,0,0,0
2021-06-27 08:12:16,2,0,2,4
2021-06-27 08:12:19,0,0,1,1
2021-06-27 08:12:35,1,0,1,2
2021-06-27 08:12:43,17,1,7,25
2021-06-27 08:12:52,0,0,1,1
2021-06-27 08:12:53,2,0,1,3
2021-06-27 08:12:57,1,1,1,3
2021-06-27 08:12:59,0,0,1,1
2021-06-27 08:13:00,0,0,1,1
2021-06-27 08:13:11,0,0,1,1
2021-06-27 08:13:29,1,0,2,3
2021-06-27 08:13:39,0,0,1,1
2021-06-27 08:13:44,2,0,1,3
2021-06-27 08:13:47,0,0,1,1
2021-06-27 08:14:26,4,0,2,6
2021-06-27 08:14:56,0,0,0,0
2021-06-27 08:15:00,0,0,1,1
2021-06-27 08:15:13,10,0,9,19
2021-06-27 08:15:16,0,0,0,0
2021-06-27 08:15:24,5,1,1,7
2021-06-27 08:15:35,1,0,1,2
2021-06-27 08:15:49,3,1,2,6
2021-06-27 08:15:50,0,0,1,1
2021-06-27 08:16:12,1,0,0,1
2021-06-27 08:16:16,1,0,0,1
2021-06-27 08:16:19,1,0,0,1
2021-06-27 08:16:21,0,0,0,0
2021-06-27 08:16:23,1,0,0,1
2021-06-27 08:16:26,1,0,0,1
2021-06-27 08:16:30,1,0,0,1
2021-06-27 08:16:33,1,0,1,2
2021-06-27 08:16:36,1,0,1,2
2021-06-27 08:16:41,1,0,2,3
2021-06-27 08:16:44,1,0,1,2
2021-06-27 08:16:47,1,0,1,2
2021-06-27 08:16:50,1,0,1,2
2021-06-27 08:16:54,1,0,1,2
2021-06-27 08:16:59,1,0,1,2
2021-06-27 08:17:03,1,0,1,2
2021-06-27 08:17:07,1,0,1,2
2021-06-27 08:17:10,1,0,1,2
2021-06-27 08:17:14,1,0,0,1
2021-06-27 08:17:18,1,0,0,1
2021-06-27 08:17:21,1,0,0,1
2021-06-27 08:17:24,1,0,0,1
2021-06-27 08:17:27,1,0,0,1
2021-06-27 08:17:40,1,0,0,1
2021-06-27 08:17:45,4,1,2,7
2021-06-27 08:17:46,1,0,0,1
2021-06-27 08:17:47,1,0,0,1
2021-06-27 08:17:50,1,0,0,1
2021-06-27 08:18:02,1,0,0,1
2021-06-27 08:18:03,3,0,0,3
2021-06-27 08:18:05,0,0,0,0
2021-06-27 08:18:22,0,0,0,0
2021-06-27 08:18:33,0,0,0,0
2021-06-27 08:18:44,3,0,1,4
2021-06-27 08:19:12,0,0,0,0
2021-06-27 08:19:21,0,0,0,0
2021-06-27 08:19:59,1,0,1,2
2021-06-27 08:20:01,1,0,0,1
2021-06-27 08:20:09,0,0,0,0
2021-06-27 08:20:26,0,0,0,0
2021-06-27 08:20:42,22,1,3,26
2021-06-27 08:21:11,0,0,0,0
2021-06-27 08:21:29,3,0,0,3
2021-06-27 08:21:55,0,0,0,0
2021-06-27 08:21:59,3614,177,441,4232
2021-06-27 08:22:19,1,0,0,1
2021-06-27 08:22:21,3,0,0,3
2021-06-27 08:22:27,3,0,0,3
2021-06-27 08:22:41,1,0,0,1
2021-06-27 08:22:42,3,0,0,3
2021-06-27 08:22:45,2,0,0,2
2021-06-27 08:22:58,7,2,6,15
2021-06-27 08:23:12,3,0,0,3
2021-06-27 08:23:28,0,0,0,0
2021-06-27 08:23:40,0,0,0,0
2021-06-27 08:23:49,0,0,0,0
2021-06-27 08:23:55,12,0,3,15
2021-06-27 08:24:13,0,0,0,0
2021-06-27 08:24:20,1,0,0,1
2021-06-27 08:25:01,1,0,0,1
2021-06-27 08:25:26,0,0,0,0
2021-06-27 08:25:35,0,0,0,0
2021-06-27 08:25:45,18,0,5,23
2021-06-27 08:25:55,2,0,1,3
2021-06-27 08:26:32,0,0,0,0
2021-06-27 08:26:37,1,0,1,2
2021-06-27 08:26:41,0,0,0,0
2021-06-27 08:26:50,0,0,0,0
2021-06-27 08:27:08,2,0,1,3
2021-06-27 08:27:16,2,0,0,2
2021-06-27 08:27:44,2,0,1,3
2021-06-27 08:27:54,0,0,0,0
2021-06-27 08:28:04,23,0,7,30
2021-06-27 08:28:34,0,0,0,0
2021-06-27 08:28:40,9,0,3,12
2021-06-27 08:28:52,0,0,0,0
2021-06-27 08:28:56,0,3,0,3
2021-06-27 08:29:05,2,0,0,2
2021-06-27 08:29:47,5,1,3,9
2021-06-27 08:29:49,0,0,0,0
2021-06-27 08:29:53,0,0,0,0
2021-06-27 08:30:54,0,0,0,0
2021-06-27 08:30:55,1,1,0,2
2021-06-27 08:30:57,2,0,1,3
2021-06-27 08:31:20,0,0,0,0
2021-06-27 08:31:23,0,0,0,0
2021-06-27 08:31:40,67,2,7,76
2021-06-27 08:32:07,2,0,1,3
2021-06-27 08:32:18,17,1,5,23
2021-06-27 08:32:27,3,1,1,5
2021-06-27 08:32:47,27,1,11,39
2021-06-27 08:33:03,4,0,1,5
2021-06-27 08:33:47,3,0,1,4
2021-06-27 08:34:26,3,0,0,3
2021-06-27 08:34:39,5,0,1,6
2021-06-27 08:34:43,3,0,2,5
2021-06-27 08:35:22,4159,123,657,4939
2021-06-27 08:35:23,3,0,1,4
2021-06-27 08:35:26,5,2,0,7
2021-06-27 08:35:31,1,0,0,1
2021-06-27 08:35:36,3,0,1,4
2021-06-27 08:36:07,6,0,0,6
2021-06-27 08:36:18,1,0,0,1
2021-06-27 08:36:34,1,0,1,2
2021-06-27 08:36:50,9,0,4,13
2021-06-27 08:37:10,0,0,0,0
2021-06-27 08:37:11,0,0,0,0
2021-06-27 08:37:21,0,0,0,0
2021-06-27 08:37:26,0,0,0,0
2021-06-27 08:38:00,4,0,0,4
2021-06-27 08:38:07,1,0,0,1
2021-06-27 08:38:45,0,0,0,0
2021-06-27 08:38:47,0,0,0,0
2021-06-27 08:38:56,1,0,0,1
2021-06-27 08:39:09,0,0,0,0
2021-06-27 08:39:13,1,0,0,1
2021-06-27 08:39:16,0,0,1,1
2021-06-27 08:39:23,1,0,0,1
2021-06-27 08:39:38,0,0,0,0
2021-06-27 08:39:55,1,0,1,2
2021-06-27 08:40:20,0,0,0,0
2021-06-27 08:40:32,0,0,0,0
2021-06-27 08:40:48,1,1,0,2
2021-06-27 08:41:44,0,0,0,0
2021-06-27 08:41:51,7,0,4,11
2021-06-27 08:41:55,7,0,2,9
2021-06-27 08:42:15,0,0,0,0
2021-06-27 08:42:18,0,0,0,0
2021-06-27 08:42:28,7,0,4,11
2021-06-27 08:42:29,2,0,0,2
2021-06-27 08:42:30,0,1,0,1
2021-06-27 08:42:35,2,2,0,4
2021-06-27 08:42:41,11,0,8,19
2021-06-27 08:42:43,4,0,1,5
2021-06-27 08:42:54,2,0,0,2
2021-06-27 08:43:05,1,0,0,1
2021-06-27 08:43:12,1,0,1,2
2021-06-27 08:43:24,0,0,0,0
2021-06-27 08:43:37,1,0,0,1
2021-06-27 08:43:58,1,0,0,1
2021-06-27 08:44:11,0,0,0,0
2021-06-27 08:44:14,5,2,0,7
2021-06-27 08:44:16,1,1,0,2
2021-06-27 08:44:20,0,0,0,0
2021-06-27 08:44:21,1,0,0,1
2021-06-27 08:44:22,0,0,0,0
2021-06-27 08:44:42,0,0,0,0
2021-06-27 08:44:52,0,0,0,0
2021-06-27 08:44:59,1,0,0,1
2021-06-27 08:45:05,1,0,0,1
2021-06-27 08:45:22,0,0,0,0
2021-06-27 08:45:30,0,0,0,0
2021-06-27 08:45:36,0,0,0,0
2021-06-27 08:45:41,1,0,0,1
2021-06-27 08:45:50,0,0,0,0
2021-06-27 08:45:55,0,0,0,0
2021-06-27 08:46:11,4,0,1,5
2021-06-27 08:46:20,0,0,0,0
2021-06-27 08:46:25,0,0,0,0
2021-06-27 08:46:38,0,0,0,0
2021-06-27 08:46:44,1,0,0,1
2021-06-27 08:46:49,8,7,1,16
2021-06-27 08:47:01,0,0,0,0
2021-06-27 08:47:14,0,0,1,1
2021-06-27 08:47:22,0,0,0,0
2021-06-27 08:47:44,0,0,0,0
2021-06-27 08:48:00,0,0,0,0
2021-06-27 08:48:30,0,0,0,0
2021-06-27 08:48:45,1,0,0,1
2021-06-27 08:48:57,16,4,3,23
2021-06-27 08:49:05,1,0,0,1
2021-06-27 08:49:28,1,0,0,1
2021-06-27 08:49:39,0,0,0,0
2021-06-27 08:49:56,0,0,0,0
2021-06-27 08:50:28,0,0,0,0
2021-06-27 08:50:56,0,0,0,0
2021-06-27 08:51:06,0,0,0,0
2021-06-27 08:51:22,2,0,3,5
2021-06-27 08:51:23,0,0,0,0
2021-06-27 08:51:27,0,0,0,0
2021-06-27 08:51:48,2,0,2,4
2021-06-27 08:52:15,0,0,0,0
2021-06-27 08:52:17,4,2,1,7
2021-06-27 08:52:25,4,0,2,6
2021-06-27 08:52:32,1,0,0,1
2021-06-27 08:52:36,3,0,1,4
2021-06-27 08:52:46,0,0,0,0
2021-06-27 08:52:55,6,3,0,9
2021-06-27 08:52:56,10,2,1,13
2021-06-27 08:53:06,3,0,1,4
2021-06-27 08:53:26,0,0,0,0
2021-06-27 08:53:30,0,0,0,0
2021-06-27 08:53:44,1,0,0,1
2021-06-27 08:53:56,0,0,0,0
2021-06-27 08:54:05,0,0,0,0
2021-06-27 08:54:33,1,0,0,1
2021-06-27 08:54:39,4,0,2,6
2021-06-27 08:54:43,5,0,2,7
2021-06-27 08:54:49,1,0,0,1
2021-06-27 08:55:04,10,0,0,10
2021-06-27 08:55:09,1,0,0,1
2021-06-27 08:55:10,0,0,0,0
2021-06-27 08:55:26,0,0,0,0
2021-06-27 08:55:28,0,0,0,0
2021-06-27 08:55:38,0,0,0,0
2021-06-27 08:56:11,367,15,93,475
2021-06-27 08:56:20,0,0,0,0
2021-06-27 08:56:25,1,0,0,1
2021-06-27 08:56:43,0,0,0,0
2021-06-27 08:56:57,0,1,0,1
2021-06-27 08:57:01,0,1,0,1
2021-06-27 08:57:05,1,0,0,1
2021-06-27 08:57:22,0,0,0,0
2021-06-27 08:57:28,6,1,1,8
2021-06-27 08:57:34,0,0,0,0
2021-06-27 08:57:35,0,0,0,0
2021-06-27 08:57:50,0,0,0,0
2021-06-27 08:58:16,0,1,0,1
2021-06-27 08:58:21,0,0,0,0
2021-06-27 08:58:22,4,0,1,5
2021-06-27 08:58:33,3,1,0,4
2021-06-27 08:58:34,0,1,0,1
2021-06-27 08:58:39,34,2,18,54
2021-06-27 08:58:59,6,1,1,8
2021-06-27 08:59:38,0,0,0,0
2021-06-27 08:59:39,23,1,12,36
2021-06-27 08:59:44,0,0,0,0
2021-06-27 08:59:48,10,0,1,11
2021-06-27 08:59:56,0,0,0,0
2021-06-27 09:00:07,1,0,0,1
2021-06-27 09:00:12,46,3,6,55
2021-06-27 09:00:22,1,1,0,2
2021-06-27 09:00:30,0,0,0,0
2021-06-27 09:00:38,0,0,0,0
2021-06-27 09:00:48,0,0,1,1
2021-06-27 09:00:55,0,0,0,0
2021-06-27 09:01:01,0,0,0,0
2021-06-27 09:01:06,0,0,0,0
2021-06-27 09:01:11,0,0,0,0
2021-06-27 09:01:23,0,0,0,0
2021-06-27 09:01:28,23,0,1,24
2021-06-27 09:01:53,0,0,0,0
2021-06-27 09:01:56,0,0,0,0
2021-06-27 09:02:15,1218,57,356,1631
2021-06-27 09:02:22,1,1,0,2
2021-06-27 09:02:29,0,0,0,0
2021-06-27 09:02:34,0,0,0,0
2021-06-27 09:02:36,0,0,0,0
2021-06-27 09:02:49,45,1,10,56
2021-06-27 09:02:56,0,0,0,0
2021-06-27 09:02:58,1,1,0,2
2021-06-27 09:03:25,9,1,2,12
2021-06-27 09:03:40,0,0,0,0
2021-06-27 09:03:41,0,0,0,0
2021-06-27 09:03:46,4,2,0,6
2021-06-27 09:04:05,0,0,0,0
2021-06-27 09:04:22,0,0,0,0
2021-06-27 09:04:31,1,0,0,1
2021-06-27 09:04:42,0,0,0,0
2021-06-27 09:04:51,1,1,0,2
2021-06-27 09:05:15,1,1,0,2
2021-06-27 09:06:07,29,0,11,40
2021-06-27 09:06:32,3,1,1,5
2021-06-27 09:06:57,3,0,1,4
2021-06-27 09:07:07,1,2,2,5
2021-06-27 09:07:10,2,0,0,2
2021-06-27 09:07:33,1,0,0,1
2021-06-27 09:07:41,1,0,0,1
2021-06-27 09:07:50,0,0,0,0
2021-06-27 09:08:10,0,0,0,0
2021-06-27 09:08:17,1,0,2,3
2021-06-27 09:08:37,22,3,9,34
2021-06-27 09:08:41,1,1,1,3
2021-06-27 09:08:57,1,1,1,3
2021-06-27 09:09:07,5,1,2,8
2021-06-27 09:09:11,1,0,0,1
2021-06-27 09:09:20,14,3,1,18
2021-06-27 09:09:55,1,0,1,2
2021-06-27 09:10:07,1,0,3,4
2021-06-27 09:10:08,0,0,1,1
2021-06-27 09:10:27,0,0,1,1
2021-06-27 09:10:38,1,0,2,3
2021-06-27 09:10:51,1,1,1,3
2021-06-27 09:11:12,0,0,0,0
2021-06-27 09:11:17,0,1,0,1
2021-06-27 09:11:22,0,0,0,0
2021-06-27 09:12:06,0,0,0,0
2021-06-27 09:12:32,2,1,0,3
2021-06-27 09:12:55,0,0,0,0
2021-06-27 09:13:23,5,0,2,7
2021-06-27 09:13:44,2,0,0,2
2021-06-27 09:14:23,1,0,1,2
2021-06-27 09:14:26,1,1,0,2
2021-06-27 09:14:42,1,0,0,1
2021-06-27 09:14:51,1,0,0,1
2021-06-27 09:14:52,1,0,0,1
2021-06-27 09:15:03,0,0,0,0
2021-06-27 09:15:18,0,0,0,0
2021-06-27 09:15:46,0,0,0,0
2021-06-27 09:16:03,2,1,1,4
2021-06-27 09:16:04,1,0,2,3
2021-06-27 09:16:30,0,0,1,1
2021-06-27 09:16:57,1,0,2,3
2021-06-27 09:17:03,3,0,2,5
2021-06-27 09:17:10,1,0,1,2
2021-06-27 09:18:09,2,0,0,2
2021-06-27 09:18:22,2,0,1,3
2021-06-27 09:18:54,2,0,1,3
2021-06-27 09:19:03,2,0,1,3
2021-06-27 09:19:20,2,0,1,3
2021-06-27 09:19:47,1,0,1,2
2021-06-27 09:20:12,0,0,1,1
2021-06-27 09:20:15,3,0,2,5
2021-06-27 09:20:26,1,0,0,1
2021-06-27 09:20:35,4,0,3,7
2021-06-27 09:20:38,851,53,164,1068
2021-06-27 09:21:52,0,0,1,1
2021-06-27 09:21:55,1,0,1,2
2021-06-27 09:21:59,2,1,1,4
2021-06-27 09:22:02,0,0,0,0
2021-06-27 09:22:11,0,0,0,0
2021-06-27 09:22:14,12,0,3,15
2021-06-27 09:22:19,0,0,1,1
2021-06-27 09:22:47,2,0,0,2
2021-06-27 09:22:57,3,0,0,3
2021-06-27 09:23:07,1,0,1,2
2021-06-27 09:23:23,1,0,0,1
2021-06-27 09:24:02,0,0,0,0
2021-06-27 09:24:04,1,0,0,1
2021-06-27 09:24:08,27,1,4,32
2021-06-27 09:24:18,0,0,0,0
2021-06-27 09:24:19,0,0,0,0
2021-06-27 09:24:20,0,0,0,0
2021-06-27 09:24:23,2,0,0,2
2021-06-27 09:24:24,2,0,0,2
2021-06-27 09:24:33,1,0,0,1
2021-06-27 09:24:35,1,0,0,1
2021-06-27 09:24:41,0,0,0,0
2021-06-27 09:24:44,1,0,0,1
2021-06-27 09:24:54,0,0,0,0
2021-06-27 09:24:57,0,0,0,0
2021-06-27 09:25:00,0,0,0,0
2021-06-27 09:25:05,0,0,0,0
2021-06-27 09:25:06,0,0,0,0
2021-06-27 09:25:16,0,0,0,0
2021-06-27 09:25:22,1,0,0,1
2021-06-27 09:25:29,2,0,0,2
2021-06-27 09:25:33,2,0,0,2
2021-06-27 09:25:37,0,0,0,0
2021-06-27 09:25:53,0,0,0,0
2021-06-27 09:26:04,3,0,0,3
2021-06-27 09:26:07,0,0,0,0
2021-06-27 09:26:20,6,0,0,6
2021-06-27 09:26:21,0,1,0,1
2021-06-27 09:26:42,1,0,0,1
2021-06-27 09:26:53,3,0,0,3
2021-06-27 09:26:58,2,0,2,4
2021-06-27 09:26:59,9,0,5,14
2021-06-27 09:27:11,4,1,0,5
2021-06-27 09:27:12,0,0,0,0
2021-06-27 09:27:21,6,0,0,6
2021-06-27 09:27:48,1,0,0,1
2021-06-27 09:28:11,1,0,0,1
2021-06-27 09:28:23,3,0,2,5
2021-06-27 09:28:38,0,0,0,0
2021-06-27 09:28:39,0,0,0,0
2021-06-27 09:28:44,7,2,2,11
2021-06-27 09:29:01,0,0,0,0
2021-06-27 09:29:02,0,0,0,0
2021-06-27 09:29:03,0,0,0,0
2021-06-27 09:29:04,0,1,0,1
2021-06-27 09:29:06,0,0,0,0
2021-06-27 09:29:16,2,0,0,2
2021-06-27 09:29:18,5,0,1,6
2021-06-27 09:29:20,1,0,1,2
2021-06-27 09:29:22,418,11,57,486
2021-06-27 09:29:30,2,0,2,4
2021-06-27 09:29:40,20,3,3,26
2021-06-27 09:29:46,7553,162,498,8213
2021-06-27 09:30:06,4,1,1,6
2021-06-27 09:30:10,1448,55,169,1672
2021-06-27 09:30:24,11,0,7,18
2021-06-27 09:30:25,9,0,3,12
2021-06-27 09:30:32,0,0,0,0
2021-06-27 09:31:00,1,0,1,2
2021-06-27 09:31:04,1,0,0,1
2021-06-27 09:31:05,1,0,1,2
2021-06-27 09:31:15,8,1,3,12
2021-06-27 09:31:16,6,0,2,8
2021-06-27 09:31:17,4,0,3,7
2021-06-27 09:31:18,3,0,2,5
2021-06-27 09:31:20,0,0,0,0
2021-06-27 09:31:22,1,0,0,1
2021-06-27 09:31:23,1,0,1,2
2021-06-27 09:31:26,0,0,0,0
2021-06-27 09:31:27,14,1,3,18
2021-06-27 09:31:28,1,1,0,2
2021-06-27 09:31:33,0,0,0,0
2021-06-27 09:31:34,13,1,5,19
2021-06-27 09:31:39,1,0,1,2
2021-06-27 09:31:45,6,0,5,11
2021-06-27 09:31:47,3,0,1,4
2021-06-27 09:31:56,2,0,2,4
2021-06-27 09:32:13,0,0,0,0
2021-06-27 09:32:21,1,0,1,2
2021-06-27 09:32:33,0,0,0,0
2021-06-27 09:32:49,1,0,1,2
2021-06-27 09:33:14,1,0,1,2
2021-06-27 09:33:47,9,3,2,14
2021-06-27 09:34:28,39,0,1,40
2021-06-27 09:34:43,10,0,0,10
2021-06-27 09:35:17,0,1,0,1
2021-06-27 09:35:24,1,0,0,1
2021-06-27 09:35:37,0,0,0,0
2021-06-27 09:36:16,32,1,9,42
2021-06-27 09:36:24,1,0,0,1
2021-06-27 09:36:33,0,0,0,0
2021-06-27 09:36:37,0,0,0,0
2021-06-27 09:36:42,1,0,0,1
2021-06-27 09:36:46,2,0,0,2
2021-06-27 09:37:15,2,0,1,3
2021-06-27 09:37:26,2,0,0,2
2021-06-27 09:37:33,9,1,1,11
2021-06-27 09:37:36,0,0,0,0
2021-06-27 09:37:43,0,0,0,0
2021-06-27 09:37:47,2,1,1,4
2021-06-27 09:37:48,1,0,0,1
2021-06-27 09:38:09,0,1,0,1
2021-06-27 09:38:14,0,0,0,0
2021-06-27 09:38:32,17,5,3,25
2021-06-27 09:38:34,2,0,0,2
2021-06-27 09:38:44,0,0,0,0
2021-06-27 09:38:58,0,0,0,0
2021-06-27 09:39:09,0,0,0,0
2021-06-27 09:39:20,0,1,0,1
2021-06-27 09:39:38,0,0,0,0
2021-06-27 09:39:41,0,0,0,0
2021-06-27 09:39:46,6,1,0,7
2021-06-27 09:40:03,0,0,0,0
2021-06-27 09:40:07,78,2,24,104
2021-06-27 09:40:11,0,0,0,0
2021-06-27 09:40:13,1,1,0,2
2021-06-27 09:41:04,0,0,0,0
2021-06-27 09:41:09,1,0,0,1
2021-06-27 09:41:13,11,0,3,14
2021-06-27 09:41:30,3,0,1,4
2021-06-27 09:41:32,5,0,0,5
2021-06-27 09:41:35,1,1,0,2
2021-06-27 09:41:58,2,0,1,3
2021-06-27 09:42:05,0,0,0,0
2021-06-27 09:42:25,5,0,0,5
2021-06-27 09:42:35,0,0,0,0
2021-06-27 09:42:46,2,0,0,2
2021-06-27 09:42:52,0,0,0,0
2021-06-27 09:42:55,10,0,5,15
2021-06-27 09:43:15,0,0,0,0
2021-06-27 09:43:23,11,2,3,16
2021-06-27 09:43:30,0,0,0,0
2021-06-27 09:43:43,0,0,0,0
2021-06-27 09:43:46,1,0,0,1
2021-06-27 09:43:57,0,0,0,0
2021-06-27 09:43:59,0,0,0,0
2021-06-27 09:44:09,0,0,0,0
2021-06-27 09:44:11,0,1,0,1
2021-06-27 09:44:15,0,1,0,1
2021-06-27 09:44:18,0,0,0,0
2021-06-27 09:44:26,1,0,0,1
2021-06-27 09:44:33,2,0,1,3
2021-06-27 09:44:36,0,0,0,0
2021-06-27 09:44:37,0,0,0,0
2021-06-27 09:44:38,0,0,0,0
2021-06-27 09:44:45,0,0,0,0
2021-06-27 09:44:47,0,0,0,0
2021-06-27 09:44:50,68,10,14,92
2021-06-27 09:45:16,0,0,0,0
2021-06-27 09:45:23,0,2,0,2
2021-06-27 09:45:24,0,0,0,0
2021-06-27 09:45:35,0,0,0,0
2021-06-27 09:45:51,0,0,0,0
2021-06-27 09:45:59,0,0,0,0
2021-06-27 09:46:16,1,0,0,1
2021-06-27 09:46:17,0,0,0,0
2021-06-27 09:46:21,0,0,1,1
2021-06-27 09:46:40,0,0,0,0
2021-06-27 09:47:03,0,0,0,0
2021-06-27 09:47:24,1,0,0,1
2021-06-27 09:47:43,0,0,0,0
2021-06-27 09:47:45,0,0,0,0
2021-06-27 09:47:52,2,0,0,2
2021-06-27 09:47:58,0,0,0,0
2021-06-27 09:48:00,5,0,0,5
2021-06-27 09:48:31,6,0,2,8
2021-06-27 09:49:00,0,0,0,0
2021-06-27 09:49:08,0,0,0,0
2021-06-27 09:49:19,0,0,0,0
2021-06-27 09:49:21,2,0,1,3
2021-06-27 09:49:27,0,0,0,0
2021-06-27 09:49:30,0,0,0,0
2021-06-27 09:49:33,0,0,0,0
2021-06-27 09:49:35,2,0,1,3
2021-06-27 09:49:49,0,0,0,0
2021-06-27 09:49:51,4,0,2,6
2021-06-27 09:50:02,4,0,2,6
2021-06-27 09:50:11,182,7,78,267
2021-06-27 09:50:18,1,1,0,2
2021-06-27 09:50:30,0,0,0,0
2021-06-27 09:50:44,0,1,0,1
2021-06-27 09:50:46,2,0,0,2
2021-06-27 09:51:00,0,0,0,0
2021-06-27 09:51:01,0,0,0,0
2021-06-27 09:51:11,1,0,0,1
2021-06-27 09:51:13,2,0,0,2
2021-06-27 09:51:17,0,0,0,0
2021-06-27 09:51:18,0,0,0,0
2021-06-27 09:51:44,0,0,0,0
2021-06-27 09:51:53,3,0,2,5
2021-06-27 09:51:59,14,1,7,22
2021-06-27 09:52:09,258,6,102,366
2021-06-27 09:52:12,0,0,0,0
2021-06-27 09:52:25,4,0,0,4
2021-06-27 09:52:33,0,0,0,0
2021-06-27 09:52:59,0,0,0,0
2021-06-27 09:53:01,0,0,0,0
2021-06-27 09:53:02,232,11,57,300
2021-06-27 09:53:17,0,0,0,0
2021-06-27 09:53:38,4,1,0,5
2021-06-27 09:53:39,0,0,0,0
2021-06-27 09:53:54,8,0,4,12
2021-06-27 09:54:02,1,0,0,1
2021-06-27 09:54:05,1,0,0,1
2021-06-27 09:54:06,0,0,0,0
2021-06-27 09:54:39,0,0,0,0
2021-06-27 09:54:52,0,0,0,0
2021-06-27 09:55:10,0,0,0,0
2021-06-27 09:55:22,1,0,0,1
2021-06-27 09:55:27,2,0,0,2
2021-06-27 09:55:49,1,0,1,2
2021-06-27 09:55:52,1,1,2,4
2021-06-27 09:55:54,1,0,0,1
2021-06-27 09:55:55,0,0,0,0
2021-06-27 09:56:17,0,0,0,0
2021-06-27 09:56:46,1,0,0,1
2021-06-27 09:56:50,3,0,1,4
2021-06-27 09:56:53,0,0,0,0
2021-06-27 09:57:19,1,0,1,2
2021-06-27 09:57:31,0,0,0,0
2021-06-27 09:57:41,2,0,2,4
2021-06-27 09:58:10,7,0,2,9
2021-06-27 09:58:11,1,0,1,2
2021-06-27 09:58:30,1,0,0,1
2021-06-27 09:58:34,3,0,1,4
2021-06-27 09:58:39,2,0,1,3
2021-06-27 09:58:44,2,0,1,3
2021-06-27 09:58:47,11,1,0,12
2021-06-27 09:58:48,4,1,1,6
2021-06-27 09:58:54,5,0,0,5
2021-06-27 09:59:20,1,0,1,2
2021-06-27 09:59:26,1,0,1,2
2021-06-27 09:59:44,2,0,1,3
2021-06-27 09:59:59,7,0,2,9
2021-06-27 10:00:01,4,0,3,7
2021-06-27 10:00:06,0,0,0,0
2021-06-27 10:00:21,10,1,2,13
2021-06-27 10:00:24,2,0,2,4
2021-06-27 10:00:27,9,0,2,11
2021-06-27 10:00:32,4,0,2,6
2021-06-27 10:00:54,0,0,0,0
2021-06-27 10:01:09,1,0,1,2
2021-06-27 10:01:21,1,0,1,2
2021-06-27 10:01:31,0,0,0,0
2021-06-27 10:01:33,1,0,1,2
2021-06-27 10:02:10,1,0,1,2
2021-06-27 10:02:44,11,1,6,18
2021-06-27 10:02:52,0,0,0,0
2021-06-27 10:02:53,1,0,0,1
2021-06-27 10:03:19,0,0,0,0
2021-06-27 10:03:20,31,1,4,36
2021-06-27 10:03:24,0,0,0,0
2021-06-27 10:03:46,0,0,0,0
2021-06-27 10:03:48,5,0,0,5
2021-06-27 10:04:01,0,0,0,0
2021-06-27 10:04:04,0,0,0,0
2021-06-27 10:04:14,0,0,0,0
2021-06-27 10:04:17,0,0,0,0
2021-06-27 10:04:25,0,0,0,0
2021-06-27 10:04:39,1,0,0,1
2021-06-27 10:04:46,2,0,0,2
2021-06-27 10:04:47,39,2,13,54
2021-06-27 10:04:53,1,0,0,1
2021-06-27 10:05:00,0,0,0,0
2021-06-27 10:05:03,1,0,0,1
2021-06-27 10:05:08,0,0,0,0
2021-06-27 10:05:26,2,1,0,3
2021-06-27 10:05:34,1,0,0,1
2021-06-27 10:05:57,1,0,0,1
2021-06-27 10:06:02,10,0,2,12
2021-06-27 10:06:10,0,0,0,0
2021-06-27 10:06:18,0,0,0,0
2021-06-27 10:06:19,0,0,0,0
2021-06-27 10:06:26,19,2,8,29
2021-06-27 10:06:29,4,1,2,7
2021-06-27 10:06:34,0,1,0,1
2021-06-27 10:06:52,1,0,0,1
2021-06-27 10:06:53,0,0,0,0
2021-06-27 10:07:01,8,0,1,9
2021-06-27 10:07:05,0,0,0,0
2021-06-27 10:07:07,4,0,0,4
2021-06-27 10:07:25,1,0,0,1
2021-06-27 10:07:34,40,8,8,56
2021-06-27 10:07:37,1,0,0,1
2021-06-27 10:07:42,0,0,0,0
2021-06-27 10:08:01,0,0,0,0
2021-06-27 10:08:14,0,0,0,0
2021-06-27 10:08:18,2,0,0,2
2021-06-27 10:08:20,0,0,0,0
2021-06-27 10:08:26,6,0,5,11
2021-06-27 10:08:42,1,0,0,1
2021-06-27 10:08:46,0,0,0,0
2021-06-27 10:09:29,8,5,1,14
2021-06-27 10:09:44,4,0,6,10
2021-06-27 10:10:12,0,0,0,0
2021-06-27 10:10:35,0,0,0,0
2021-06-27 10:10:49,9,0,3,12
2021-06-27 10:10:53,0,0,0,0
2021-06-27 10:10:55,0,0,0,0
2021-06-27 10:11:02,13,1,4,18
2021-06-27 10:11:30,0,0,0,0
2021-06-27 10:11:34,20,0,10,30
2021-06-27 10:11:50,0,0,0,0
2021-06-27 10:12:10,0,0,0,0
2021-06-27 10:12:11,10,0,0,10
2021-06-27 10:12:17,0,0,0,0
2021-06-27 10:12:21,1,0,0,1
2021-06-27 10:12:22,1,1,0,2
2021-06-27 10:12:41,2,0,0,2
2021-06-27 10:13:12,16908,372,2252,19532
2021-06-27 10:13:14,1,0,0,1
2021-06-27 10:13:30,0,0,0,0
2021-06-27 10:13:31,1,0,0,1
2021-06-27 10:13:34,0,0,0,0
2021-06-27 10:13:43,11,2,0,13
2021-06-27 10:13:58,1,0,1,2
2021-06-27 10:14:05,5,0,0,5
2021-06-27 10:14:15,2,0,0,2
2021-06-27 10:14:28,34,2,12,48
2021-06-27 10:14:58,0,0,0,0
2021-06-27 10:14:59,0,0,0,0
2021-06-27 10:15:09,0,0,0,0
2021-06-27 10:15:14,1,0,0,1
2021-06-27 10:15:19,0,0,0,0
2021-06-27 10:15:21,0,0,0,0
2021-06-27 10:15:25,0,0,0,0
2021-06-27 10:15:35,1,0,1,2
2021-06-27 10:15:42,0,0,1,1
2021-06-27 10:15:49,0,0,1,1
2021-06-27 10:15:56,1,0,1,2
2021-06-27 10:16:06,0,0,1,1
2021-06-27 10:16:39,0,0,1,1
2021-06-27 10:16:50,1,0,1,2
2021-06-27 10:17:27,3,0,1,4
2021-06-27 10:17:39,2,1,1,4
2021-06-27 10:17:59,0,0,1,1
2021-06-27 10:18:00,0,0,1,1
2021-06-27 10:18:07,0,0,1,1
2021-06-27 10:18:10,1,0,1,2
2021-06-27 10:18:17,8,3,1,12
2021-06-27 10:18:27,0,0,1,1
2021-06-27 10:18:45,0,0,1,1
2021-06-27 10:19:05,1,0,3,4
2021-06-27 10:19:35,2,1,1,4
2021-06-27 10:19:40,1,0,1,2
2021-06-27 10:19:42,0,0,1,1
2021-06-27 10:19:50,0,0,1,1
2021-06-27 10:20:05,1,0,1,2
2021-06-27 10:20:08,2,0,1,3
2021-06-27 10:20:19,2,0,1,3
2021-06-27 10:20:33,0,0,1,1
2021-06-27 10:20:50,1,0,1,2
2021-06-27 10:20:56,0,0,1,1
2021-06-27 10:21:00,2,0,1,3
2021-06-27 10:21:03,5,0,1,6
2021-06-27 10:21:28,68,0,4,72
2021-06-27 10:21:31,1,0,1,2
2021-06-27 10:21:38,2,1,2,5
2021-06-27 10:21:39,0,0,1,1
2021-06-27 10:21:43,0,0,1,1
2021-06-27 10:21:48,0,0,1,1
2021-06-27 10:22:05,3,0,3,6
2021-06-27 10:22:33,3,0,2,5
2021-06-27 10:22:36,2,0,2,4
2021-06-27 10:22:51,0,0,1,1
2021-06-27 10:23:41,14,0,7,21
2021-06-27 10:23:46,0,0,0,0
2021-06-27 10:23:55,3,0,1,4
2021-06-27 10:23:59,2,0,1,3
2021-06-27 10:24:00,3,0,1,4
2021-06-27 10:24:01,0,0,1,1
2021-06-27 10:24:02,0,0,1,1
2021-06-27 10:25:06,1,0,1,2
2021-06-27 10:25:11,2,0,1,3
2021-06-27 10:25:37,4,0,2,6
2021-06-27 10:25:47,0,0,1,1
2021-06-27 10:26:01,0,0,1,1
2021-06-27 10:26:03,13,1,5,19
2021-06-27 10:26:10,2,0,1,3
2021-06-27 10:26:15,0,0,1,1
2021-06-27 10:26:19,1,0,2,3
2021-06-27 10:26:36,1,0,2,3
2021-06-27 10:27:12,2,1,1,4
2021-06-27 10:27:31,0,0,1,1
2021-06-27 10:27:46,0,0,0,0
2021-06-27 10:27:51,1,0,3,4
2021-06-27 10:27:57,2,0,1,3
2021-06-27 10:27:58,3,1,1,5
2021-06-27 10:28:16,0,0,1,1
2021-06-27 10:28:37,1,0,1,2
2021-06-27 10:28:50,2,0,1,3
2021-06-27 10:28:51,1,1,1,3
2021-06-27 10:28:54,2,0,1,3
2021-06-27 10:29:19,1,0,3,4
2021-06-27 10:29:34,4,0,1,5
2021-06-27 10:29:40,0,0,1,1
2021-06-27 10:29:49,4,0,1,5
2021-06-27 10:30:07,0,0,1,1
2021-06-27 10:30:14,1,1,0,2
2021-06-27 10:30:16,1,0,2,3
2021-06-27 10:30:33,1,0,1,2
2021-06-27 10:30:38,1,0,2,3
2021-06-27 10:30:49,6,0,3,9
2021-06-27 10:30:56,5,0,5,10
2021-06-27 10:31:01,3,0,1,4
2021-06-27 10:31:06,0,0,1,1
2021-06-27 10:31:16,2,0,2,4
2021-06-27 10:31:20,8,0,2,10
2021-06-27 10:31:26,2,0,2,4
2021-06-27 10:31:36,0,0,0,0
2021-06-27 10:31:40,0,0,0,0
2021-06-27 10:31:44,0,0,0,0
2021-06-27 10:31:52,1,1,1,3
2021-06-27 10:31:54,0,0,0,0
2021-06-27 10:32:02,1,0,2,3
2021-06-27 10:32:05,2,0,2,4
2021-06-27 10:32:20,2,0,1,3
2021-06-27 10:32:27,0,2,1,3
2021-06-27 10:32:28,0,0,1,1
2021-06-27 10:32:35,1,0,1,2
2021-06-27 10:32:42,2,0,2,4
2021-06-27 10:32:44,1,0,2,3
2021-06-27 10:33:12,1,0,2,3
2021-06-27 10:33:19,2,0,3,5
2021-06-27 10:33:21,130,10,6,146
2021-06-27 10:33:39,5,0,2,7
2021-06-27 10:33:47,1,0,2,3
2021-06-27 10:34:06,2,0,3,5
2021-06-27 10:34:10,0,0,1,1
2021-06-27 10:34:19,0,0,1,1
2021-06-27 10:34:28,0,0,1,1
2021-06-27 10:34:45,0,0,2,2
2021-06-27 10:35:12,8,1,6,15
2021-06-27 10:35:17,0,1,1,2
2021-06-27 10:35:23,1,0,1,2
2021-06-27 10:35:24,9,1,5,15
2021-06-27 10:35:28,0,0,1,1
2021-06-27 10:35:31,9,0,1,10
2021-06-27 10:35:40,1,0,1,2
2021-06-27 10:35:46,0,0,1,1
2021-06-27 10:35:50,141,13,41,195
2021-06-27 10:35:53,0,0,1,1
2021-06-27 10:36:20,0,0,1,1
2021-06-27 10:36:23,0,0,1,1
2021-06-27 10:36:34,0,0,1,1
2021-06-27 10:36:36,0,0,1,1
2021-06-27 10:36:40,0,0,1,1
2021-06-27 10:36:43,0,0,1,1
2021-06-27 10:37:25,0,0,1,1
2021-06-27 10:37:26,1,0,1,2
2021-06-27 10:38:03,0,0,1,1
2021-06-27 10:38:52,2,0,1,3
2021-06-27 10:39:02,3,0,2,5
2021-06-27 10:39:03,6,0,1,7
2021-06-27 10:39:23,0,0,1,1
2021-06-27 10:39:41,2,0,1,3
2021-06-27 10:39:51,1,0,1,2
2021-06-27 10:40:12,0,0,1,1
2021-06-27 10:40:31,1,0,1,2
2021-06-27 10:40:36,0,0,1,1
2021-06-27 10:40:41,3,0,3,6
2021-06-27 10:40:50,1,0,0,1
2021-06-27 10:40:59,0,0,1,1
2021-06-27 10:41:11,0,0,0,0
2021-06-27 10:41:19,17,0,3,20
2021-06-27 10:41:40,0,0,0,0
2021-06-27 10:42:00,0,0,0,0
2021-06-27 10:42:20,0,0,0,0
2021-06-27 10:42:27,0,0,0,0
2021-06-27 10:42:42,3,0,0,3
2021-06-27 10:42:49,1,0,1,2
2021-06-27 10:42:53,8,1,3,12
2021-06-27 10:43:40,2,1,1,4
2021-06-27 10:43:44,2,0,0,2
2021-06-27 10:44:00,1,0,0,1
2021-06-27 10:44:09,4,0,1,5
2021-06-27 10:44:11,18,1,4,23
2021-06-27 10:44:19,1,0,0,1
2021-06-27 10:44:36,0,0,0,0
2021-06-27 10:44:40,1,0,0,1
2021-06-27 10:44:48,1,0,0,1
2021-06-27 10:44:56,5,0,0,5
2021-06-27 10:45:24,1,0,1,2
2021-06-27 10:45:31,0,0,0,0
2021-06-27 10:45:49,2,0,0,2
2021-06-27 10:46:08,0,0,0,0
2021-06-27 10:46:10,0,0,0,0
2021-06-27 10:46:11,21,2,3,26
2021-06-27 10:46:12,4,0,2,6
2021-06-27 10:46:15,0,0,0,0
2021-06-27 10:46:29,11,2,3,16
2021-06-27 10:46:33,6,2,1,9
2021-06-27 10:46:54,1,0,0,1
2021-06-27 10:46:55,34,1,6,41
2021-06-27 10:46:57,0,0,0,0
2021-06-27 10:46:59,8,0,2,10
2021-06-27 10:47:09,4,0,0,4
2021-06-27 10:47:19,0,0,0,0
2021-06-27 10:47:25,18,6,7,31
2021-06-27 10:47:28,0,0,0,0
2021-06-27 10:47:38,0,0,0,0
2021-06-27 10:47:45,1,0,0,1
2021-06-27 10:47:48,13,0,0,13
2021-06-27 10:47:51,1,0,0,1
2021-06-27 10:48:30,0,0,0,0
2021-06-27 10:48:33,23,0,10,33
2021-06-27 10:48:35,0,0,0,0
2021-06-27 10:48:38,0,0,0,0
2021-06-27 10:49:07,0,1,0,1
2021-06-27 10:49:10,4,0,1,5
2021-06-27 10:49:19,0,0,0,0
2021-06-27 10:49:31,0,0,0,0
2021-06-27 10:49:34,11,0,5,16
2021-06-27 10:49:51,0,0,0,0
2021-06-27 10:49:57,1,0,0,1
2021-06-27 10:50:02,0,0,0,0
2021-06-27 10:50:45,1,0,0,1
2021-06-27 10:50:46,0,0,0,0
2021-06-27 10:51:00,2,0,0,2
2021-06-27 10:51:04,17,1,6,24
2021-06-27 10:51:06,1,0,0,1
2021-06-27 10:51:29,3,0,2,5
2021-06-27 10:51:31,0,0,0,0
2021-06-27 10:51:56,1,0,0,1
2021-06-27 10:51:57,0,0,0,0
2021-06-27 10:52:05,0,0,0,0
2021-06-27 10:52:27,3,0,0,3
2021-06-27 10:52:32,10,3,2,15
2021-06-27 10:52:34,0,0,0,0
2021-06-27 10:52:42,667,32,148,847
2021-06-27 10:52:46,2,0,0,2
2021-06-27 10:53:09,1,1,0,2
2021-06-27 10:53:29,0,1,0,1
2021-06-27 10:53:36,1,0,0,1
2021-06-27 10:53:52,1,0,0,1
2021-06-27 10:54:05,1,0,0,1
2021-06-27 10:54:06,13,0,0,13
2021-06-27 10:54:37,12,0,0,12
2021-06-27 10:54:40,8,1,1,10
2021-06-27 10:55:09,12,1,2,15
2021-06-27 10:55:10,0,0,0,0
2021-06-27 10:55:16,0,0,0,0
2021-06-27 10:55:25,0,0,0,0
2021-06-27 10:55:28,0,0,0,0
2021-06-27 10:55:50,2,0,0,2
2021-06-27 10:56:06,0,0,0,0
2021-06-27 10:56:52,8,0,5,13
2021-06-27 10:57:02,4,0,2,6
2021-06-27 10:57:15,1,0,0,1
2021-06-27 10:57:19,0,0,0,0
2021-06-27 10:57:36,1,1,0,2
2021-06-27 10:58:04,2,0,0,2
2021-06-27 10:58:21,1,0,0,1
2021-06-27 10:58:25,3,0,0,3
2021-06-27 10:58:28,1,0,0,1
2021-06-27 10:59:13,1,0,0,1
2021-06-27 10:59:43,0,1,0,1
2021-06-27 10:59:46,0,0,0,0
2021-06-27 11:00:21,4,0,0,4
2021-06-27 11:00:26,1,0,0,1
2021-06-27 11:00:36,1,0,0,1
2021-06-27 11:00:44,0,0,0,0
2021-06-27 11:00:46,0,0,0,0
2021-06-27 11:01:05,3,0,0,3
2021-06-27 11:01:10,0,0,0,0
2021-06-27 11:01:16,1,0,0,1
2021-06-27 11:01:23,0,0,0,0
2021-06-27 11:01:37,22,0,0,22
2021-06-27 11:01:40,10,1,5,16
2021-06-27 11:01:41,0,0,0,0
2021-06-27 11:01:47,6,0,3,9
2021-06-27 11:01:48,0,0,0,0
2021-06-27 11:01:55,9,0,5,14
2021-06-27 11:02:01,0,0,0,0
2021-06-27 11:02:20,16,2,4,22
2021-06-27 11:02:38,1,0,0,1
2021-06-27 11:02:43,0,0,0,0
2021-06-27 11:02:45,6,0,0,6
2021-06-27 11:03:03,1,0,0,1
2021-06-27 11:03:15,0,0,0,0
2021-06-27 11:03:53,0,0,0,0
2021-06-27 11:04:02,2,0,0,2
2021-06-27 11:04:03,1,0,0,1
2021-06-27 11:04:07,1,0,0,1
2021-06-27 11:04:08,0,0,0,0
2021-06-27 11:04:15,0,0,0,0
2021-06-27 11:04:30,0,0,0,0
2021-06-27 11:04:54,1,0,0,1
2021-06-27 11:05:17,1,0,3,4
2021-06-27 11:05:19,0,0,0,0
2021-06-27 11:05:24,1,0,0,1
2021-06-27 11:05:37,0,0,0,0
2021-06-27 11:06:07,0,0,0,0
2021-06-27 11:06:23,0,1,1,2
2021-06-27 11:06:28,4,0,2,6
2021-06-27 11:06:39,1,0,0,1
2021-06-27 11:06:49,2,0,0,2
2021-06-27 11:06:51,0,0,0,0
2021-06-27 11:07:16,0,0,0,0
2021-06-27 11:07:22,16,1,0,17
2021-06-27 11:07:32,0,0,0,0
2021-06-27 11:07:33,0,0,0,0
2021-06-27 11:07:49,0,0,1,1
2021-06-27 11:07:54,1,0,0,1
2021-06-27 11:07:57,2,0,0,2
2021-06-27 11:08:32,0,0,0,0
2021-06-27 11:08:44,4,0,0,4
2021-06-27 11:09:02,1,0,0,1
2021-06-27 11:09:16,1,0,1,2
2021-06-27 11:09:45,2,0,1,3
2021-06-27 11:09:46,0,0,0,0
2021-06-27 11:09:49,1,0,0,1
2021-06-27 11:09:57,1,0,0,1
2021-06-27 11:10:19,4,0,0,4
2021-06-27 11:10:52,0,0,0,0
2021-06-27 11:11:12,3,0,1,4
2021-06-27 11:11:15,1,0,0,1
2021-06-27 11:11:23,0,0,0,0
2021-06-27 11:11:30,9,0,1,10
2021-06-27 11:11:34,3,0,1,4
2021-06-27 11:11:43,1,0,0,1
2021-06-27 11:11:54,2,0,2,4
2021-06-27 11:11:55,1,0,0,1
2021-06-27 11:12:13,124,11,29,164
2021-06-27 11:12:27,1,0,0,1
2021-06-27 11:12:37,1,0,0,1
2021-06-27 11:13:14,0,0,0,0
2021-06-27 11:14:09,0,0,0,0
2021-06-27 11:14:14,1,0,0,1
2021-06-27 11:14:19,1,0,0,1
2021-06-27 11:14:32,0,0,0,0
2021-06-27 11:15:02,0,0,0,0
2021-06-27 11:15:06,9,0,3,12
2021-06-27 11:15:07,2,0,0,2
2021-06-27 11:15:10,5,1,2,8
2021-06-27 11:15:21,0,0,0,0
2021-06-27 11:15:36,7,0,0,7
2021-06-27 11:15:38,0,0,0,0
2021-06-27 11:15:53,5,0,0,5
2021-06-27 11:15:57,1,0,0,1
2021-06-27 11:16:06,1,0,0,1
2021-06-27 11:16:20,0,0,0,0
2021-06-27 11:16:29,2,0,0,2
2021-06-27 11:16:30,1,0,0,1
2021-06-27 11:16:43,4,0,0,4
2021-06-27 11:16:57,15,0,0,15
2021-06-27 11:17:15,2,0,0,2
2021-06-27 11:17:16,9,0,2,11
2021-06-27 11:17:58,1,0,0,1
2021-06-27 11:17:59,2,1,0,3
2021-06-27 11:18:11,2,0,0,2
2021-06-27 11:18:13,0,0,0,0
2021-06-27 11:18:21,0,0,0,0
2021-06-27 11:18:26,1,1,0,2
2021-06-27 11:18:44,1,0,0,1
2021-06-27 11:18:46,7,0,2,9
2021-06-27 11:18:55,0,0,0,0
2021-06-27 11:19:35,0,0,0,0
2021-06-27 11:19:37,1,0,0,1
2021-06-27 11:19:39,0,0,0,0
2021-06-27 11:19:42,1,0,0,1
2021-06-27 11:19:50,0,0,0,0
2021-06-27 11:19:57,1,0,0,1
2021-06-27 11:20:08,1,0,0,1
2021-06-27 11:20:09,1,0,1,2
2021-06-27 11:20:17,3,0,0,3
2021-06-27 11:20:22,2,0,2,4
2021-06-27 11:20:32,0,0,0,0
2021-06-27 11:20:36,2,0,0,2
2021-06-27 11:20:46,1,0,0,1
2021-06-27 11:20:50,32,4,8,44
2021-06-27 11:21:06,0,1,0,1
2021-06-27 11:21:18,1,0,0,1
2021-06-27 11:21:23,2,0,0,2
2021-06-27 11:21:35,1,0,0,1
2021-06-27 11:21:38,3,0,0,3
2021-06-27 11:21:40,1,0,0,1
2021-06-27 11:22:15,2,0,0,2
2021-06-27 11:22:27,0,0,0,0
2021-06-27 11:22:28,0,0,0,0
2021-06-27 11:22:43,1,0,0,1
2021-06-27 11:22:50,1,0,0,1
2021-06-27 11:23:28,1,0,0,1
2021-06-27 11:23:57,1,0,1,2
2021-06-27 11:24:05,0,0,0,0
2021-06-27 11:24:07,4,0,2,6
2021-06-27 11:24:14,1,0,0,1
2021-06-27 11:24:19,1,0,0,1
2021-06-27 11:24:26,1,0,0,1
2021-06-27 11:24:34,4,1,0,5
2021-06-27 11:25:21,0,0,0,0
2021-06-27 11:25:37,0,0,0,0
2021-06-27 11:25:38,1,0,0,1
2021-06-27 11:26:50,0,0,0,0
2021-06-27 11:27:06,5,0,5,10
2021-06-27 11:27:14,0,0,0,0
2021-06-27 11:27:29,1,0,0,1
2021-06-27 11:28:48,0,0,0,0
2021-06-27 11:29:06,0,0,0,0
2021-06-27 11:29:10,1,1,0,2
2021-06-27 11:29:26,6,0,1,7
2021-06-27 11:29:31,1,0,1,2
2021-06-27 11:29:38,1,0,0,1
2021-06-27 11:30:20,0,0,0,0
2021-06-27 11:30:25,1,0,1,2
2021-06-27 11:30:37,2,0,0,2
2021-06-27 11:30:40,0,0,0,0
2021-06-27 11:30:48,0,0,0,0
2021-06-27 11:30:50,0,0,0,0
2021-06-27 11:31:14,1,1,0,2
2021-06-27 11:31:29,0,0,0,0
2021-06-27 11:31:54,1,0,1,2
2021-06-27 11:32:04,1,0,0,1
2021-06-27 11:32:08,0,0,0,0
2021-06-27 11:32:10,0,0,0,0
2021-06-27 11:32:12,0,0,0,0
2021-06-27 11:32:14,1,0,0,1
2021-06-27 11:32:55,0,0,0,0
2021-06-27 11:33:12,11,1,4,16
2021-06-27 11:33:22,0,0,0,0
2021-06-27 11:33:39,17,0,3,20
2021-06-27 11:34:02,11,0,8,19
2021-06-27 11:34:32,0,0,0,0
2021-06-27 11:34:47,1,0,0,1
2021-06-27 11:35:00,0,0,0,0
2021-06-27 11:35:37,0,0,0,0
2021-06-27 11:35:48,0,0,0,0
2021-06-27 11:36:54,0,0,0,0
2021-06-27 11:37:02,2,0,0,2
2021-06-27 11:37:08,2,0,1,3
2021-06-27 11:37:41,5,0,2,7
2021-06-27 11:37:45,2,0,2,4
2021-06-27 11:38:00,5,0,1,6
2021-06-27 11:38:03,2,0,0,2
2021-06-27 11:38:59,0,0,0,0
2021-06-27 11:39:16,1,0,0,1
2021-06-27 11:39:19,10,0,1,11
2021-06-27 11:39:21,2,0,1,3
2021-06-27 11:39:29,1,0,0,1
2021-06-27 11:39:37,0,0,0,0
2021-06-27 11:39:54,16,0,4,20
2021-06-27 11:40:05,8,1,1,10
2021-06-27 11:40:14,1,0,0,1
2021-06-27 11:40:19,1,0,0,1
2021-06-27 11:40:37,1,0,0,1
2021-06-27 11:40:44,7,0,2,9
2021-06-27 11:41:02,0,0,0,0
2021-06-27 11:41:15,0,0,0,0
2021-06-27 11:41:31,1,1,1,3
2021-06-27 11:41:33,0,0,0,0
2021-06-27 11:41:52,0,0,0,0
2021-06-27 11:42:07,2,0,1,3
2021-06-27 11:42:21,0,0,0,0
2021-06-27 11:42:23,19,0,4,23
2021-06-27 11:42:24,1,0,0,1
2021-06-27 11:42:28,0,0,0,0
2021-06-27 11:42:29,0,1,0,1
2021-06-27 11:42:30,0,0,0,0
2021-06-27 11:42:39,0,0,0,0
2021-06-27 11:42:40,0,0,0,0
2021-06-27 11:42:43,0,0,0,0
2021-06-27 11:42:57,20,3,4,27
2021-06-27 11:43:08,0,0,0,0
2021-06-27 11:43:31,5,1,2,8
2021-06-27 11:43:39,1,0,0,1
2021-06-27 11:43:54,31,4,15,50
2021-06-27 11:43:58,0,0,0,0
2021-06-27 11:44:10,0,0,0,0
2021-06-27 11:44:42,2,0,0,2
2021-06-27 11:45:11,1,0,0,1
2021-06-27 11:45:20,0,0,0,0
2021-06-27 11:45:31,0,0,0,0
2021-06-27 11:45:34,0,0,0,0
2021-06-27 11:45:40,1,0,0,1
2021-06-27 11:45:45,0,0,0,0
2021-06-27 11:45:50,0,0,0,0
2021-06-27 11:45:51,0,0,0,0
2021-06-27 11:45:53,9,0,0,9
2021-06-27 11:45:56,0,0,0,0
2021-06-27 11:45:58,0,0,0,0
2021-06-27 11:46:08,0,0,0,0
2021-06-27 11:46:12,0,0,0,0
2021-06-27 11:46:37,0,0,0,0
2021-06-27 11:46:41,1,0,0,1
2021-06-27 11:46:50,0,0,0,0
2021-06-27 11:47:11,0,0,0,0
2021-06-27 11:47:42,2,0,0,2
2021-06-27 11:48:14,1,0,0,1
2021-06-27 11:48:25,1,0,1,2
2021-06-27 11:48:54,3,1,0,4
2021-06-27 11:49:11,1,0,0,1
2021-06-27 11:49:12,6,1,1,8
2021-06-27 11:49:19,0,0,0,0
2021-06-27 11:49:45,2,0,0,2
2021-06-27 11:50:38,9,0,6,15
2021-06-27 11:50:58,0,0,0,0
2021-06-27 11:51:16,1,0,0,1
2021-06-27 11:51:34,12,0,0,12
2021-06-27 11:51:50,1,0,0,1
2021-06-27 11:51:53,2,0,1,3
2021-06-27 11:52:02,1,1,2,4
2021-06-27 11:52:21,2,0,0,2
2021-06-27 11:52:35,3,0,2,5
2021-06-27 11:53:12,0,0,0,0
2021-06-27 11:53:13,0,0,0,0
2021-06-27 11:53:17,1,0,0,1
2021-06-27 11:53:19,2,0,0,2
2021-06-27 11:53:25,16,2,8,26
2021-06-27 11:53:30,5,1,2,8
2021-06-27 11:53:48,0,0,0,0
2021-06-27 11:53:58,0,0,0,0
2021-06-27 11:54:00,0,0,0,0
2021-06-27 11:54:14,0,0,0,0
2021-06-27 11:54:19,0,0,0,0
2021-06-27 11:54:36,51,2,11,64
2021-06-27 11:54:41,0,0,0,0
2021-06-27 11:54:47,1,0,0,1
2021-06-27 11:54:52,1,0,0,1
2021-06-27 11:55:08,0,1,0,1
2021-06-27 11:55:11,0,0,0,0
2021-06-27 11:55:36,0,0,0,0
2021-06-27 11:55:53,1,0,0,1
2021-06-27 11:55:58,1,0,0,1
2021-06-27 11:56:00,0,0,0,0
2021-06-27 11:56:02,1,0,0,1
2021-06-27 11:56:16,4,0,1,5
2021-06-27 11:57:47,0,0,0,0
2021-06-27 11:58:16,1,0,0,1
2021-06-27 11:58:18,2,0,0,2
2021-06-27 11:58:27,27,0,10,37
2021-06-27 11:58:30,0,0,0,0
2021-06-27 11:58:37,0,0,0,0
2021-06-27 11:59:05,0,0,0,0
2021-06-27 11:59:09,0,0,0,0
2021-06-27 11:59:15,0,0,0,0
2021-06-27 11:59:43,1,0,0,1
2021-06-27 12:00:01,0,0,0,0
2021-06-27 12:00:02,0,0,0,0
2021-06-27 12:00:26,1,0,0,1
2021-06-27 12:00:29,3,0,0,3
2021-06-27 12:00:31,0,0,0,0
2021-06-27 12:00:41,0,0,0,0
2021-06-27 12:00:49,0,0,0,0
2021-06-27 12:00:56,844,62,219,1125
2021-06-27 12:01:02,1,1,2,4
2021-06-27 12:01:27,32,2,10,44
2021-06-27 12:01:39,22,1,10,33
2021-06-27 12:01:46,0,0,0,0
2021-06-27 12:01:48,40,0,11,51
2021-06-27 12:02:06,8,1,0,9
2021-06-27 12:02:20,0,0,0,0
2021-06-27 12:02:21,29,0,2,31
2021-06-27 12:02:23,86,38,37,161
2021-06-27 12:02:31,0,0,0,0
2021-06-27 12:02:52,1,0,0,1
2021-06-27 12:03:05,0,0,0,0
2021-06-27 12:03:06,23,0,1,24
2021-06-27 12:03:08,790,42,145,977
2021-06-27 12:03:21,1,0,0,1
2021-06-27 12:03:51,0,0,0,0
2021-06-27 12:03:55,0,0,0,0
2021-06-27 12:03:56,2,0,0,2
2021-06-27 12:03:58,0,0,0,0
2021-06-27 12:04:36,3,0,0,3
2021-06-27 12:04:45,0,0,0,0
2021-06-27 12:05:00,0,0,0,0
2021-06-27 12:05:07,0,0,0,0
2021-06-27 12:05:23,0,0,0,0
2021-06-27 12:05:34,0,0,0,0
2021-06-27 12:05:45,2,0,0,2
2021-06-27 12:06:10,1,0,0,1
2021-06-27 12:06:14,9,1,1,11
2021-06-27 12:06:15,4,0,1,5
2021-06-27 12:06:28,602,6,163,771
2021-06-27 12:06:34,0,0,0,0
2021-06-27 12:06:35,3,0,1,4
2021-06-27 12:06:46,10,0,4,14
2021-06-27 12:06:50,0,0,0,0
2021-06-27 12:06:55,2,0,0,2
2021-06-27 12:07:05,2,0,1,3
2021-06-27 12:07:11,3,0,1,4
2021-06-27 12:07:20,0,0,0,0
2021-06-27 12:07:21,1,0,0,1
2021-06-27 12:07:26,0,1,0,1
2021-06-27 12:07:30,0,0,0,0
2021-06-27 12:07:39,2,0,0,2
2021-06-27 12:07:41,0,0,0,0
2021-06-27 12:08:08,2,1,0,3
2021-06-27 12:08:19,19,2,8,29
2021-06-27 12:08:34,7,0,4,11
2021-06-27 12:08:36,0,0,0,0
2021-06-27 12:09:11,0,0,0,0
2021-06-27 12:09:35,7,0,1,8
2021-06-27 12:09:42,9,1,2,12
2021-06-27 12:09:46,23,4,7,34
2021-06-27 12:09:48,1,0,1,2
2021-06-27 12:10:09,0,0,0,0
2021-06-27 12:10:21,1,0,0,1
2021-06-27 12:10:38,16,0,6,22
2021-06-27 12:10:41,0,0,0,0
2021-06-27 12:11:00,0,0,0,0
2021-06-27 12:11:11,1,1,0,2
2021-06-27 12:11:22,16,0,1,17
2021-06-27 12:11:27,0,0,0,0
2021-06-27 12:11:36,3,0,1,4
2021-06-27 12:11:37,2,0,2,4
2021-06-27 12:11:51,2,2,1,5
2021-06-27 12:12:06,13,2,3,18
2021-06-27 12:12:13,0,1,0,1
2021-06-27 12:12:24,0,0,0,0
2021-06-27 12:12:30,7,0,2,9
2021-06-27 12:12:40,1,0,0,1
2021-06-27 12:12:43,0,0,0,0
2021-06-27 12:12:45,3,0,0,3
2021-06-27 12:12:51,3,0,0,3
2021-06-27 12:13:16,0,0,0,0
2021-06-27 12:13:23,0,0,0,0
2021-06-27 12:13:25,5,1,7,13
2021-06-27 12:13:33,0,0,0,0
2021-06-27 12:13:42,0,0,0,0
2021-06-27 12:13:59,0,0,0,0
2021-06-27 12:14:04,2,1,0,3
2021-06-27 12:14:05,0,0,0,0
2021-06-27 12:14:14,1,0,0,1
2021-06-27 12:14:20,0,0,0,0
2021-06-27 12:14:23,3,0,0,3
2021-06-27 12:14:43,0,0,0,0
2021-06-27 12:15:00,5,0,2,7
2021-06-27 12:15:16,0,0,0,0
2021-06-27 12:15:52,10,0,1,11
2021-06-27 12:16:01,0,0,0,0
2021-06-27 12:16:19,1,0,0,1
2021-06-27 12:16:46,0,0,0,0
2021-06-27 12:16:51,0,0,0,0
2021-06-27 12:17:14,0,0,0,0
2021-06-27 12:17:18,0,0,0,0
2021-06-27 12:17:20,8,0,0,8
2021-06-27 12:17:22,1,0,0,1
2021-06-27 12:18:20,0,0,0,0
2021-06-27 12:18:26,0,0,0,0
2021-06-27 12:18:40,3,0,0,3
2021-06-27 12:18:48,0,0,0,0
2021-06-27 12:18:51,0,0,0,0
2021-06-27 12:19:06,0,0,0,0
2021-06-27 12:19:11,0,0,0,0
2021-06-27 12:19:17,9,0,0,9
2021-06-27 12:19:32,0,0,0,0
2021-06-27 12:19:38,0,0,0,0
2021-06-27 12:20:03,0,0,0,0
2021-06-27 12:20:08,0,0,0,0
2021-06-27 12:20:11,1,0,1,2
2021-06-27 12:20:29,5,0,1,6
2021-06-27 12:20:36,0,0,0,0
2021-06-27 12:20:37,2,0,1,3
2021-06-27 12:20:39,7,0,0,7
2021-06-27 12:20:40,0,0,0,0
2021-06-27 12:20:51,0,0,0,0
2021-06-27 12:21:22,0,0,0,0
2021-06-27 12:21:24,0,0,0,0
2021-06-27 12:21:25,1,0,0,1
2021-06-27 12:21:26,3,0,1,4
2021-06-27 12:21:44,2,0,0,2
2021-06-27 12:21:47,0,0,0,0
2021-06-27 12:21:48,4,0,1,5
2021-06-27 12:22:31,0,0,0,0
2021-06-27 12:22:41,13,1,2,16
2021-06-27 12:23:14,0,0,0,0
2021-06-27 12:23:21,0,0,0,0
2021-06-27 12:23:23,24,5,7,36
2021-06-27 12:23:30,15,0,1,16
2021-06-27 12:23:44,1,0,0,1
2021-06-27 12:23:59,1,0,0,1
2021-06-27 12:24:27,2,0,0,2
2021-06-27 12:24:31,0,0,0,0
2021-06-27 12:24:32,1,0,1,2
2021-06-27 12:24:40,0,0,0,0
2021-06-27 12:24:41,0,0,0,0
2021-06-27 12:24:44,0,0,0,0
2021-06-27 12:24:47,2,0,0,2
2021-06-27 12:24:48,0,0,1,1
2021-06-27 12:25:26,0,0,0,0
2021-06-27 12:25:46,733,20,141,894
2021-06-27 12:25:55,0,0,0,0
2021-06-27 12:26:10,0,0,0,0
2021-06-27 12:26:11,25,0,6,31
2021-06-27 12:26:29,1,0,0,1
2021-06-27 12:26:36,0,0,0,0
2021-06-27 12:26:37,4,0,0,4
2021-06-27 12:26:56,2,2,1,5
2021-06-27 12:27:01,0,0,0,0
2021-06-27 12:27:03,9,0,4,13
2021-06-27 12:27:39,1,0,0,1
2021-06-27 12:27:49,1,0,0,1
2021-06-27 12:28:05,4,0,0,4
2021-06-27 12:28:21,0,0,0,0
2021-06-27 12:28:25,4,0,0,4
2021-06-27 12:28:26,1,0,0,1
2021-06-27 12:29:12,0,0,0,0
2021-06-27 12:29:27,0,0,0,0
2021-06-27 12:29:33,0,0,0,0
2021-06-27 12:30:02,17,0,7,24
2021-06-27 12:30:30,27,1,8,36
2021-06-27 12:30:31,1,0,0,1
2021-06-27 12:31:00,7,0,2,9
2021-06-27 12:31:03,0,0,0,0
2021-06-27 12:31:07,2,0,0,2
2021-06-27 12:31:17,0,0,0,0
2021-06-27 12:31:35,0,0,0,0
2021-06-27 12:31:50,0,0,0,0
2021-06-27 12:32:02,0,0,0,0
2021-06-27 12:32:05,1,0,0,1
2021-06-27 12:32:07,1,0,0,1
2021-06-27 12:32:24,0,0,0,0
2021-06-27 12:32:36,0,0,0,0
2021-06-27 12:32:54,6,0,0,6
2021-06-27 12:33:02,0,0,0,0
2021-06-27 12:33:18,2,0,0,2
2021-06-27 12:33:30,0,0,0,0
2021-06-27 12:33:43,1,0,0,1
2021-06-27 12:34:02,0,0,0,0
2021-06-27 12:34:21,2,0,0,2
2021-06-27 12:34:24,0,0,0,0
2021-06-27 12:34:36,179,3,36,218
2021-06-27 12:34:38,0,0,0,0
2021-06-27 12:34:51,0,0,0,0
2021-06-27 12:35:20,0,0,0,0
2021-06-27 12:35:25,0,0,0,0
2021-06-27 12:35:32,0,1,0,1
2021-06-27 12:35:34,8,0,1,9
2021-06-27 12:35:40,0,0,0,0
2021-06-27 12:35:45,0,0,0,0
2021-06-27 12:35:50,0,0,0,0
2021-06-27 12:36:05,0,0,0,0
2021-06-27 12:36:08,0,0,0,0
2021-06-27 12:36:15,0,0,0,0
2021-06-27 12:36:16,1,0,0,1
2021-06-27 12:36:19,5,0,1,6
2021-06-27 12:36:43,0,0,0,0
2021-06-27 12:37:14,0,0,0,0
2021-06-27 12:37:40,0,0,0,0
2021-06-27 12:37:58,10,0,3,13
2021-06-27 12:38:03,0,0,0,0
2021-06-27 12:38:18,1,0,0,1
2021-06-27 12:38:32,0,0,0,0
2021-06-27 12:38:34,0,0,0,0
2021-06-27 12:38:35,22,0,5,27
2021-06-27 12:38:42,0,0,0,0
2021-06-27 12:38:55,0,0,0,0
2021-06-27 12:39:10,0,0,0,0
2021-06-27 12:39:19,2,0,0,2
2021-06-27 12:39:50,0,0,0,0
2021-06-27 12:40:00,0,0,0,0
2021-06-27 12:40:02,1,0,0,1
2021-06-27 12:40:04,0,0,0,0
2021-06-27 12:40:09,1,0,0,1
2021-06-27 12:40:20,5,0,1,6
2021-06-27 12:40:21,2,0,0,2
2021-06-27 12:40:22,0,0,0,0
2021-06-27 12:40:28,0,0,0,0
2021-06-27 12:40:29,47,4,8,59
2021-06-27 12:41:00,2,1,2,5
2021-06-27 12:41:22,330,8,106,444
2021-06-27 12:41:27,9,0,2,11
2021-06-27 12:41:32,0,0,0,0
2021-06-27 12:41:48,0,0,0,0
2021-06-27 12:41:51,1,0,0,1
2021-06-27 12:41:54,0,1,0,1
2021-06-27 12:42:15,3,0,0,3
2021-06-27 12:42:26,0,0,0,0
2021-06-27 12:42:33,0,0,0,0
2021-06-27 12:42:48,0,0,0,0
2021-06-27 12:42:50,2,0,0,2
2021-06-27 12:43:38,2,0,0,2
2021-06-27 12:43:41,4,1,0,5
2021-06-27 12:43:42,2,0,0,2
2021-06-27 12:43:44,1,0,0,1
2021-06-27 12:43:56,0,0,0,0
2021-06-27 12:44:16,0,0,0,0
2021-06-27 12:44:20,0,0,0,0
2021-06-27 12:44:21,1,0,0,1
2021-06-27 12:44:27,0,0,0,0
2021-06-27 12:44:57,0,0,0,0
2021-06-27 12:45:07,0,0,0,0
2021-06-27 12:45:27,0,0,0,0
2021-06-27 12:45:31,16,1,1,18
2021-06-27 12:45:41,34,2,11,47
2021-06-27 12:45:55,1,1,0,2
2021-06-27 12:46:07,0,0,0,0
2021-06-27 12:46:15,4,1,1,6
2021-06-27 12:46:16,2,0,0,2
2021-06-27 12:46:17,1,0,1,2
2021-06-27 12:46:19,8,0,0,8
2021-06-27 12:47:20,0,0,0,0
2021-06-27 12:47:28,3,1,1,5
2021-06-27 12:47:45,5,0,0,5
2021-06-27 12:47:53,5,0,1,6
2021-06-27 12:48:02,1,0,0,1
2021-06-27 12:48:24,3,1,3,7
2021-06-27 12:48:36,0,0,0,0
2021-06-27 12:48:38,1,0,0,1
2021-06-27 12:48:55,2,0,1,3
2021-06-27 12:49:35,2,0,1,3
2021-06-27 12:50:04,1,0,0,1
2021-06-27 12:50:09,2,0,1,3
2021-06-27 12:50:29,0,0,0,0
2021-06-27 12:50:36,3,0,1,4
2021-06-27 12:50:40,0,0,0,0
2021-06-27 12:50:56,3,0,0,3
2021-06-27 12:50:58,3,1,1,5
2021-06-27 12:50:59,2,1,0,3
2021-06-27 12:51:03,2,1,1,4
2021-06-27 12:51:23,7,0,3,10
2021-06-27 12:51:40,1,0,0,1
2021-06-27 12:51:45,1,0,0,1
2021-06-27 12:51:51,0,0,0,0
2021-06-27 12:52:13,1,0,1,2
2021-06-27 12:52:19,8,0,2,10
2021-06-27 12:52:32,1,0,1,2
2021-06-27 12:52:58,0,0,0,0
2021-06-27 12:53:18,0,0,0,0
2021-06-27 12:53:22,4,1,1,6
2021-06-27 12:54:11,0,0,0,0
2021-06-27 12:54:12,171,1,60,232
2021-06-27 12:54:24,11,0,2,13
2021-06-27 12:54:25,0,0,0,0
2021-06-27 12:55:05,0,0,0,0
2021-06-27 12:55:17,1,0,0,1
2021-06-27 12:55:21,21,0,3,24
2021-06-27 12:55:57,127,1,28,156
2021-06-27 12:56:22,0,0,0,0
2021-06-27 12:56:45,4,1,1,6
2021-06-27 12:56:49,0,0,0,0
2021-06-27 12:56:52,0,0,0,0
2021-06-27 12:57:21,0,0,1,1
2021-06-27 12:57:33,0,0,0,0
2021-06-27 12:57:50,0,0,0,0
2021-06-27 12:58:07,1,0,1,2
2021-06-27 12:58:30,0,0,1,1
2021-06-27 12:58:36,0,0,0,0
2021-06-27 12:58:47,0,0,0,0
2021-06-27 12:58:49,2,1,1,4
2021-06-27 12:59:07,2,0,0,2
2021-06-27 12:59:19,3,0,0,3
2021-06-27 12:59:20,2,0,1,3
2021-06-27 12:59:33,0,0,0,0
2021-06-27 13:00:11,15,1,7,23
2021-06-27 13:00:44,1,0,0,1
2021-06-27 13:00:53,1,0,0,1
2021-06-27 13:01:15,4,0,1,5
2021-06-27 13:01:18,3,0,0,3
2021-06-27 13:01:21,1,0,1,2
2021-06-27 13:01:31,1,0,0,1
2021-06-27 13:02:05,1,0,0,1
2021-06-27 13:02:28,5,0,2,7
2021-06-27 13:03:02,4,1,3,8
2021-06-27 13:03:11,1,0,0,1
2021-06-27 13:03:18,1,0,0,1
2021-06-27 13:03:36,2,0,0,2
2021-06-27 13:03:37,2,0,0,2
2021-06-27 13:03:38,3,0,1,4
2021-06-27 13:03:48,2,0,0,2
2021-06-27 13:03:50,1,0,0,1
2021-06-27 13:03:58,4,2,3,9
2021-06-27 13:04:05,1,0,0,1
2021-06-27 13:04:28,1,0,0,1
2021-06-27 13:04:36,1,0,0,1
2021-06-27 13:04:39,3,0,1,4
2021-06-27 13:04:48,3,0,2,5
2021-06-27 13:05:33,2,0,1,3
2021-06-27 13:06:04,1,0,1,2
2021-06-27 13:07:09,3,0,1,4
2021-06-27 13:07:25,1,0,2,3
2021-06-27 13:08:05,0,0,0,0
2021-06-27 13:08:50,1,0,1,2
2021-06-27 13:09:05,1,0,1,2
2021-06-27 13:09:39,1,0,1,2
2021-06-27 13:10:46,0,0,0,0
2021-06-27 13:10:51,2,0,0,2
2021-06-27 13:10:58,4,0,1,5
2021-06-27 13:11:07,0,0,0,0
2021-06-27 13:11:16,0,0,0,0
2021-06-27 13:11:28,0,0,0,0
2021-06-27 13:11:36,0,0,0,0
2021-06-27 13:11:50,4,0,3,7
2021-06-27 13:11:54,4,1,0,5
2021-06-27 13:12:00,1,0,0,1
2021-06-27 13:12:15,2,0,0,2
2021-06-27 13:12:25,0,0,0,0
2021-06-27 13:12:29,0,1,0,1
2021-06-27 13:13:30,0,0,0,0
2021-06-27 13:13:34,0,0,0,0
2021-06-27 13:13:42,12,4,3,19
2021-06-27 13:13:47,1,0,0,1
2021-06-27 13:13:50,2,0,1,3
2021-06-27 13:13:53,13,0,6,19
2021-06-27 13:13:55,0,0,0,0
2021-06-27 13:14:02,0,0,0,0
2021-06-27 13:14:26,0,0,0,0
2021-06-27 13:14:45,22,1,0,23
2021-06-27 13:15:47,1,0,0,1
2021-06-27 13:15:59,0,0,0,0
2021-06-27 13:16:01,10,1,4,15
2021-06-27 13:16:17,0,0,0,0
2021-06-27 13:16:37,0,0,0,0
2021-06-27 13:16:50,0,0,0,0
2021-06-27 13:16:56,6,0,0,6
2021-06-27 13:17:04,1,0,0,1
2021-06-27 13:17:29,0,0,0,0
2021-06-27 13:18:01,215,2,64,281
2021-06-27 13:18:50,6,0,0,6
2021-06-27 13:18:54,1,0,0,1
2021-06-27 13:19:12,17,0,1,18
2021-06-27 13:19:14,0,0,0,0
2021-06-27 13:19:26,0,0,0,0
2021-06-27 13:19:50,1,0,0,1
2021-06-27 13:20:03,0,0,0,0
2021-06-27 13:20:10,1,0,0,1
2021-06-27 13:20:11,2,1,0,3
2021-06-27 13:20:35,1,0,0,1
2021-06-27 13:20:36,1,0,0,1
2021-06-27 13:20:52,0,0,0,0
2021-06-27 13:21:23,4,0,0,4
2021-06-27 13:21:30,5,2,1,8
2021-06-27 13:21:32,15,2,0,17
2021-06-27 13:22:33,0,0,0,0
2021-06-27 13:23:02,1,0,0,1
2021-06-27 13:23:14,0,0,0,0
2021-06-27 13:23:17,1,0,0,1
2021-06-27 13:23:35,1,0,0,1
2021-06-27 13:23:39,1,0,0,1
2021-06-27 13:23:59,16,0,4,20
2021-06-27 13:24:05,1,0,0,1
2021-06-27 13:24:15,1,0,0,1
2021-06-27 13:24:20,1,0,0,1
2021-06-27 13:24:59,1,0,0,1
2021-06-27 13:25:33,6,0,1,7
2021-06-27 13:25:35,2,0,0,2
2021-06-27 13:25:52,2,0,0,2
2021-06-27 13:25:54,1,0,1,2
2021-06-27 13:25:56,1,0,0,1
2021-06-27 13:26:12,2,0,0,2
2021-06-27 13:26:26,3,1,0,4
2021-06-27 13:26:31,2,0,0,2
2021-06-27 13:26:34,4,0,1,5
2021-06-27 13:26:55,0,0,0,0
2021-06-27 13:27:03,1,0,0,1
2021-06-27 13:27:12,1,0,0,1
2021-06-27 13:27:25,1,0,0,1
2021-06-27 13:27:28,1,0,0,1
2021-06-27 13:27:40,1,0,0,1
2021-06-27 13:27:54,1,1,2,4
2021-06-27 13:28:06,2593,368,592,3553
2021-06-27 13:28:11,0,0,0,0
2021-06-27 13:28:32,24,0,7,31
2021-06-27 13:28:36,0,0,0,0
2021-06-27 13:28:53,0,0,0,0
2021-06-27 13:29:45,0,0,0,0
2021-06-27 13:29:46,1,0,0,1
2021-06-27 13:29:49,428,13,78,519
2021-06-27 13:29:56,0,0,0,0
2021-06-27 13:30:03,6,0,0,6
2021-06-27 13:30:20,0,0,0,0
2021-06-27 13:30:24,4,0,0,4
2021-06-27 13:30:47,11,3,0,14
2021-06-27 13:31:05,0,0,0,0
2021-06-27 13:31:06,0,0,0,0
2021-06-27 13:31:10,0,0,0,0
2021-06-27 13:31:23,24,0,6,30
2021-06-27 13:31:29,9,1,2,12
2021-06-27 13:31:51,0,0,1,1
2021-06-27 13:31:54,0,0,0,0
2021-06-27 13:32:43,0,0,0,0
2021-06-27 13:32:48,0,0,0,0
2021-06-27 13:32:55,0,0,0,0
2021-06-27 13:32:56,0,0,0,0
2021-06-27 13:32:58,0,0,0,0
2021-06-27 13:33:13,2,1,1,4
2021-06-27 13:33:46,0,0,0,0
2021-06-27 13:33:49,4,0,0,4
2021-06-27 13:33:59,1,0,1,2
2021-06-27 13:34:02,0,0,0,0
2021-06-27 13:34:05,0,0,0,0
2021-06-27 13:34:09,0,0,0,0
2021-06-27 13:34:23,0,0,0,0
2021-06-27 13:34:24,0,0,0,0
2021-06-27 13:34:26,0,0,0,0
2021-06-27 13:34:30,0,0,0,0
2021-06-27 13:34:37,0,0,0,0
2021-06-27 13:34:45,0,0,0,0
2021-06-27 13:34:56,0,0,0,0
2021-06-27 13:35:03,0,0,0,0
2021-06-27 13:35:15,1,0,1,2
2021-06-27 13:35:28,0,0,0,0
2021-06-27 13:35:45,6,0,2,8
2021-06-27 13:35:53,1,0,0,1
2021-06-27 13:36:12,0,0,0,0
2021-06-27 13:36:14,1,0,1,2
2021-06-27 13:36:23,0,0,0,0
2021-06-27 13:36:26,0,0,0,0
2021-06-27 13:36:38,0,0,0,0
2021-06-27 13:36:47,0,0,0,0
2021-06-27 13:36:53,11,0,0,11
2021-06-27 13:37:01,0,0,0,0
2021-06-27 13:37:15,0,0,0,0
2021-06-27 13:37:16,0,0,0,0
2021-06-27 13:37:45,1,0,0,1
2021-06-27 13:38:09,2,0,0,2
2021-06-27 13:38:12,2,0,1,3
2021-06-27 13:38:17,2,0,1,3
2021-06-27 13:38:35,0,0,0,0
2021-06-27 13:38:41,0,0,0,0
2021-06-27 13:39:00,1,0,0,1
2021-06-27 13:39:05,18,0,6,24
2021-06-27 13:39:09,2,0,0,2
2021-06-27 13:39:28,2,0,0,2
2021-06-27 13:39:30,6,0,2,8
2021-06-27 13:39:41,4,1,1,6
2021-06-27 13:39:47,2,0,0,2
2021-06-27 13:40:06,1,0,0,1
2021-06-27 13:40:22,3,0,2,5
2021-06-27 13:40:27,1,0,1,2
2021-06-27 13:40:41,0,0,0,0
2021-06-27 13:40:44,0,0,0,0
2021-06-27 13:40:50,3,0,0,3
2021-06-27 13:40:55,0,0,0,0
2021-06-27 13:40:56,2,0,0,2
2021-06-27 13:40:57,11,1,3,15
2021-06-27 13:40:58,237,12,95,344
2021-06-27 13:41:10,0,0,0,0
2021-06-27 13:41:17,0,0,0,0
2021-06-27 13:41:33,0,0,0,0
2021-06-27 13:41:41,1,0,0,1
2021-06-27 13:42:11,0,0,0,0
2021-06-27 13:42:12,0,0,0,0
2021-06-27 13:42:49,2,0,2,4
2021-06-27 13:42:50,3,0,1,4
2021-06-27 13:43:47,0,0,0,0
2021-06-27 13:43:50,0,0,0,0
2021-06-27 13:43:51,0,0,0,0
2021-06-27 13:43:57,5,1,1,7
2021-06-27 13:44:48,1,0,0,1
2021-06-27 13:44:57,1,1,0,2
2021-06-27 13:45:07,0,0,0,0
2021-06-27 13:45:11,3,0,0,3
2021-06-27 13:45:24,0,0,0,0
2021-06-27 13:45:39,0,0,0,0
2021-06-27 13:45:41,1,0,0,1
2021-06-27 13:45:50,2,0,0,2
2021-06-27 13:46:01,0,0,0,0
2021-06-27 13:46:08,0,0,0,0
2021-06-27 13:46:23,1,0,0,1
2021-06-27 13:47:00,2,1,1,4
2021-06-27 13:47:09,1,0,1,2
2021-06-27 13:47:28,0,0,0,0
2021-06-27 13:47:30,0,0,0,0
2021-06-27 13:47:36,0,0,0,0
2021-06-27 13:48:00,1,0,0,1
2021-06-27 13:48:03,0,0,0,0
2021-06-27 13:48:06,0,0,0,0
2021-06-27 13:48:35,18,0,6,24
2021-06-27 13:48:36,0,0,0,0
2021-06-27 13:48:50,4,0,0,4
2021-06-27 13:48:58,93,3,25,121
2021-06-27 13:49:12,49,2,7,58
2021-06-27 13:49:20,0,0,0,0
2021-06-27 13:49:33,3,0,1,4
2021-06-27 13:49:35,3,0,2,5
2021-06-27 13:49:41,1,1,0,2
2021-06-27 13:49:57,0,0,0,0
2021-06-27 13:50:03,1,0,0,1
2021-06-27 13:50:09,0,0,0,0
2021-06-27 13:50:12,1,0,1,2
2021-06-27 13:50:23,0,0,0,0
2021-06-27 13:50:28,5,0,4,9
2021-06-27 13:50:35,21,1,4,26
2021-06-27 13:50:43,0,0,0,0
2021-06-27 13:50:54,1,0,0,1
2021-06-27 13:51:31,1,1,0,2
2021-06-27 13:51:59,0,0,0,0
2021-06-27 13:52:06,4,0,0,4
2021-06-27 13:52:07,0,0,0,0
2021-06-27 13:52:30,0,0,0,0
2021-06-27 13:52:55,0,0,0,0
2021-06-27 13:53:14,0,0,0,0
2021-06-27 13:53:36,17,0,7,24
2021-06-27 13:53:47,0,0,0,0
2021-06-27 13:53:50,8,0,2,10
2021-06-27 13:54:05,0,0,0,0
2021-06-27 13:54:11,10,1,3,14
2021-06-27 13:55:16,24,0,8,32
2021-06-27 13:55:17,0,0,0,0
2021-06-27 13:55:27,0,0,1,1
2021-06-27 13:55:34,0,0,0,0
2021-06-27 13:55:48,0,0,0,0
2021-06-27 13:56:09,1,1,0,2
2021-06-27 13:56:34,0,0,0,0
2021-06-27 13:56:39,12,0,8,20
2021-06-27 13:56:51,953,42,212,1207
2021-06-27 13:56:57,0,0,0,0
2021-06-27 13:57:44,2568,102,796,3466
2021-06-27 13:57:45,0,0,0,0
2021-06-27 13:58:20,0,0,0,0
2021-06-27 13:58:31,5,0,0,5
2021-06-27 13:58:37,0,0,0,0
2021-06-27 13:58:41,0,0,0,0
2021-06-27 13:58:48,0,0,0,0
2021-06-27 13:58:51,2,0,1,3
2021-06-27 13:58:55,1,0,0,1
2021-06-27 13:58:58,0,0,0,0
2021-06-27 13:59:13,0,0,0,0
2021-06-27 13:59:14,1,0,0,1
2021-06-27 13:59:24,1,0,0,1
2021-06-27 13:59:25,1,0,0,1
2021-06-27 13:59:28,0,0,0,0
2021-06-27 13:59:39,0,0,0,0
2021-06-27 13:59:51,0,0,0,0
2021-06-27 13:59:52,0,0,0,0
2021-06-27 14:00:02,19,3,0,22
2021-06-27 14:00:59,1,0,0,1
2021-06-27 14:01:05,10,0,4,14
2021-06-27 14:01:15,5,2,0,7
2021-06-27 14:01:34,2,0,1,3
2021-06-27 14:01:49,1,0,0,1
2021-06-27 14:02:09,1,0,0,1
2021-06-27 14:03:06,20,1,5,26
2021-06-27 14:03:10,4265,493,234,4992
2021-06-27 14:03:53,2,0,0,2
2021-06-27 14:04:11,2,0,0,2
2021-06-27 14:04:17,1,0,0,1
2021-06-27 14:04:29,5,1,0,6
2021-06-27 14:04:47,1,0,0,1
2021-06-27 14:05:11,2,0,1,3
2021-06-27 14:05:30,4,1,0,5
2021-06-27 14:05:47,2,1,0,3
2021-06-27 14:06:14,1,0,0,1
2021-06-27 14:06:19,11,1,3,15
2021-06-27 14:07:33,11,0,2,13
2021-06-27 14:07:35,1,0,0,1
2021-06-27 14:08:20,1,0,0,1
2021-06-27 14:08:48,0,0,0,0
2021-06-27 14:09:14,0,0,0,0
2021-06-27 14:09:33,1,0,0,1
2021-06-27 14:10:07,2,0,1,3
2021-06-27 14:10:17,1,0,0,1
2021-06-27 14:10:51,1,0,0,1
2021-06-27 14:11:21,0,0,0,0
2021-06-27 14:11:28,1,0,0,1
2021-06-27 14:11:40,0,0,0,0
2021-06-27 14:11:41,0,0,0,0
2021-06-27 14:12:07,0,0,0,0
2021-06-27 14:12:14,0,0,0,0
2021-06-27 14:12:19,1,0,0,1
2021-06-27 14:12:30,2,0,1,3
2021-06-27 14:12:34,0,0,0,0
2021-06-27 14:13:31,0,1,0,1
2021-06-27 14:13:45,21,1,8,30
2021-06-27 14:14:19,2,0,0,2
2021-06-27 14:14:22,1,0,0,1
2021-06-27 14:14:23,0,0,0,0
2021-06-27 14:14:25,0,0,0,0
2021-06-27 14:14:35,13,1,5,19
2021-06-27 14:14:56,0,0,0,0
2021-06-27 14:14:59,0,0,0,0
2021-06-27 14:15:16,0,0,0,0
2021-06-27 14:15:40,0,0,0,0
2021-06-27 14:15:55,0,0,0,0
2021-06-27 14:16:03,0,1,0,1
2021-06-27 14:16:20,2,0,0,2
2021-06-27 14:16:29,1,0,0,1
2021-06-27 14:16:49,17,0,2,19
2021-06-27 14:16:57,0,0,0,0
2021-06-27 14:17:28,1,0,0,1
2021-06-27 14:17:44,2,0,2,4
2021-06-27 14:17:56,2,0,0,2
2021-06-27 14:18:05,0,0,0,0
2021-06-27 14:18:08,0,0,0,0
2021-06-27 14:18:30,0,0,0,0
2021-06-27 14:18:49,5,1,1,7
2021-06-27 14:18:59,0,0,0,0
2021-06-27 14:19:15,2,1,0,3
2021-06-27 14:19:36,0,0,0,0
2021-06-27 14:19:52,0,0,0,0
2021-06-27 14:19:53,0,0,0,0
2021-06-27 14:20:02,0,0,1,1
2021-06-27 14:20:15,1,0,0,1
2021-06-27 14:20:18,0,0,0,0
2021-06-27 14:20:39,0,0,0,0
2021-06-27 14:20:41,0,0,0,0
2021-06-27 14:20:58,4,0,0,4
2021-06-27 14:21:20,0,0,0,0
2021-06-27 14:21:21,2,0,0,2
2021-06-27 14:21:22,1,0,0,1
2021-06-27 14:21:53,1,0,0,1
2021-06-27 14:22:04,0,0,0,0
2021-06-27 14:22:31,0,0,0,0
2021-06-27 14:23:06,0,0,0,0
2021-06-27 14:23:15,1,0,0,1
2021-06-27 14:23:33,2,0,1,3
2021-06-27 14:23:40,0,0,0,0
2021-06-27 14:24:01,4,2,6,12
2021-06-27 14:24:13,0,0,1,1
2021-06-27 14:24:59,2,0,4,6
2021-06-27 14:25:02,68,0,4,72
2021-06-27 14:25:17,0,0,1,1
2021-06-27 14:25:20,0,0,0,0
2021-06-27 14:25:21,3,0,0,3
2021-06-27 14:25:44,0,0,0,0
2021-06-27 14:26:30,9,0,3,12
2021-06-27 14:26:40,2,0,1,3
2021-06-27 14:26:47,0,0,0,0
2021-06-27 14:26:59,3,1,0,4
2021-06-27 14:27:20,0,0,0,0
2021-06-27 14:27:47,0,0,0,0
2021-06-27 14:28:06,7,2,2,11
2021-06-27 14:28:32,1,0,0,1
2021-06-27 14:28:41,44,4,5,53
2021-06-27 14:29:03,0,0,0,0
2021-06-27 14:29:11,1,0,0,1
2021-06-27 14:29:20,0,0,0,0
2021-06-27 14:30:04,0,0,0,0
2021-06-27 14:30:48,1,0,0,1
2021-06-27 14:30:55,0,0,0,0
2021-06-27 14:30:59,4,0,1,5
2021-06-27 14:31:03,0,0,0,0
2021-06-27 14:31:11,0,0,0,0
2021-06-27 14:32:05,0,0,0,0
2021-06-27 14:32:14,1,0,0,1
2021-06-27 14:32:49,0,0,0,0
2021-06-27 14:32:53,9,0,2,11
2021-06-27 14:33:02,28,1,7,36
2021-06-27 14:33:03,0,0,0,0
2021-06-27 14:33:12,6,2,0,8
2021-06-27 14:33:14,2,0,0,2
2021-06-27 14:33:19,1,0,0,1
2021-06-27 14:33:22,1,0,0,1
2021-06-27 14:33:50,1,0,0,1
2021-06-27 14:34:01,0,0,0,0
2021-06-27 14:34:06,1,0,0,1
2021-06-27 14:34:22,0,0,0,0
2021-06-27 14:34:45,0,0,0,0
2021-06-27 14:34:57,0,0,0,0
2021-06-27 14:35:07,0,0,0,0
2021-06-27 14:35:16,3,0,0,3
2021-06-27 14:35:18,0,0,0,0
2021-06-27 14:35:52,1,0,0,1
2021-06-27 14:36:06,6,0,0,6
2021-06-27 14:36:20,0,0,0,0
2021-06-27 14:36:36,1,0,0,1
2021-06-27 14:36:56,1,0,0,1
2021-06-27 14:37:30,0,0,0,0
2021-06-27 14:37:49,0,0,0,0
2021-06-27 14:37:51,0,0,0,0
2021-06-27 14:37:56,1,0,0,1
2021-06-27 14:38:01,1,0,0,1
2021-06-27 14:38:19,1,0,0,1
2021-06-27 14:38:28,6,1,0,7
2021-06-27 14:38:48,0,0,0,0
2021-06-27 14:39:06,0,0,0,0
2021-06-27 14:39:21,0,0,1,1
2021-06-27 14:39:46,3,0,1,4
2021-06-27 14:39:49,0,0,0,0
2021-06-27 14:40:05,0,0,0,0
2021-06-27 14:40:19,0,0,0,0
2021-06-27 14:41:20,0,0,0,0
2021-06-27 14:41:37,0,0,0,0
2021-06-27 14:42:03,0,0,0,0
2021-06-27 14:42:12,0,0,0,0
2021-06-27 14:42:16,0,0,0,0
2021-06-27 14:42:30,0,0,0,0
2021-06-27 14:42:38,0,0,0,0
2021-06-27 14:42:40,0,0,0,0
2021-06-27 14:42:49,45,2,17,64
2021-06-27 14:43:01,1,0,0,1
2021-06-27 14:43:14,2,0,0,2
2021-06-27 14:43:24,1,0,0,1
2021-06-27 14:43:39,0,0,0,0
2021-06-27 14:43:54,0,0,0,0
2021-06-27 14:43:55,1,0,0,1
2021-06-27 14:43:57,3,0,1,4
2021-06-27 14:44:03,0,0,0,0
2021-06-27 14:44:23,0,0,0,0
2021-06-27 14:44:51,5,0,2,7
2021-06-27 14:44:53,1,0,0,1
2021-06-27 14:45:06,2,1,1,4
2021-06-27 14:45:15,17,0,0,17
2021-06-27 14:46:05,0,0,0,0
2021-06-27 14:46:08,1,0,0,1
2021-06-27 14:46:09,9,0,0,9
2021-06-27 14:46:12,17,0,6,23
2021-06-27 14:46:28,12,1,1,14
2021-06-27 14:46:57,0,0,0,0
2021-06-27 14:47:19,6,0,4,10
2021-06-27 14:47:24,0,0,0,0
2021-06-27 14:47:27,1,0,0,1
2021-06-27 14:47:41,14,1,6,21
2021-06-27 14:47:46,2,0,0,2
2021-06-27 14:47:48,2,0,0,2
2021-06-27 14:48:01,1,1,0,2
2021-06-27 14:48:42,0,0,0,0
2021-06-27 14:49:35,0,0,0,0
2021-06-27 14:49:41,3,0,1,4
2021-06-27 14:50:02,2,0,0,2
2021-06-27 14:50:06,2,0,0,2
2021-06-27 14:50:12,2,0,0,2
2021-06-27 14:50:26,0,0,0,0
2021-06-27 14:50:44,3,1,1,5
2021-06-27 14:51:00,5,0,1,6
2021-06-27 14:52:20,28,0,7,35
2021-06-27 14:52:31,2,0,1,3
2021-06-27 14:52:46,14,0,3,17
2021-06-27 14:53:08,0,0,0,0
2021-06-27 14:53:40,4,0,1,5
2021-06-27 14:54:02,0,0,0,0
2021-06-27 14:54:03,3,1,0,4
2021-06-27 14:54:05,26,1,7,34
2021-06-27 14:54:41,1,0,0,1
2021-06-27 14:54:54,2,0,0,2
2021-06-27 14:54:58,3,0,1,4
2021-06-27 14:55:30,0,0,0,0
2021-06-27 14:55:33,15,0,1,16
2021-06-27 14:56:01,0,0,0,0
2021-06-27 14:56:46,31,0,3,34
2021-06-27 14:57:04,4,0,0,4
2021-06-27 14:57:22,1,0,0,1
2021-06-27 14:57:24,0,0,0,0
2021-06-27 14:57:36,0,0,0,0
2021-06-27 14:57:39,1,0,0,1
2021-06-27 14:58:28,1,0,0,1
2021-06-27 14:58:43,11,6,2,19
2021-06-27 14:58:50,0,0,0,0
2021-06-27 14:58:56,0,0,0,0
2021-06-27 14:58:59,1,0,0,1
2021-06-27 14:59:37,0,0,0,0
2021-06-27 14:59:50,4,1,0,5
2021-06-27 15:00:11,0,0,0,0
2021-06-27 15:00:26,763,26,182,971
2021-06-27 15:00:34,1,0,0,1
2021-06-27 15:00:52,0,0,0,0
2021-06-27 15:00:55,30,0,3,33
2021-06-27 15:01:03,27,1,6,34
2021-06-27 15:01:06,0,0,0,0
2021-06-27 15:01:10,0,0,0,0
2021-06-27 15:01:43,0,0,0,0
2021-06-27 15:02:12,1,0,0,1
2021-06-27 15:03:03,0,0,0,0
2021-06-27 15:03:16,0,0,0,0
2021-06-27 15:03:38,0,0,0,0
2021-06-27 15:03:43,2,1,0,3
2021-06-27 15:03:47,1,0,0,1
2021-06-27 15:04:05,0,0,0,0
2021-06-27 15:04:17,1,0,0,1
2021-06-27 15:04:29,1,0,0,1
2021-06-27 15:04:36,2,0,0,2
2021-06-27 15:04:48,0,0,0,0
2021-06-27 15:05:10,0,0,2,2
2021-06-27 15:06:08,2,0,0,2
2021-06-27 15:06:19,1,0,0,1
2021-06-27 15:06:58,4,0,2,6
2021-06-27 15:07:12,3,1,1,5
2021-06-27 15:07:13,34,0,14,48
2021-06-27 15:07:40,1,0,0,1
2021-06-27 15:07:48,23,1,5,29
2021-06-27 15:08:04,5,0,2,7
2021-06-27 15:08:59,1,0,0,1
2021-06-27 15:09:30,41,3,19,63
2021-06-27 15:09:46,6,1,2,9
2021-06-27 15:09:47,0,0,0,0
2021-06-27 15:10:12,3,0,0,3
2021-06-27 15:10:28,0,0,0,0
2021-06-27 15:10:33,11,1,0,12
2021-06-27 15:10:34,0,0,0,0
2021-06-27 15:10:41,4,0,0,4
2021-06-27 15:10:43,0,0,0,0
2021-06-27 15:10:56,0,0,0,0
2021-06-27 15:11:01,0,0,0,0
2021-06-27 15:11:04,19,1,4,24
2021-06-27 15:11:07,1,0,0,1
2021-06-27 15:11:09,0,0,0,0
2021-06-27 15:11:13,2,0,0,2
2021-06-27 15:11:15,1,0,0,1
2021-06-27 15:11:19,0,0,0,0
2021-06-27 15:11:30,0,0,0,0
2021-06-27 15:11:49,0,0,0,0
2021-06-27 15:11:58,0,0,0,0
2021-06-27 15:12:00,2,0,1,3
2021-06-27 15:12:07,0,0,0,0
2021-06-27 15:12:12,1,0,0,1
2021-06-27 15:12:23,15,0,1,16
2021-06-27 15:12:31,0,0,0,0
2021-06-27 15:12:39,0,0,0,0
2021-06-27 15:12:49,15,2,5,22
2021-06-27 15:12:59,20,0,9,29
2021-06-27 15:13:07,1,0,0,1
2021-06-27 15:13:13,1,0,0,1
2021-06-27 15:13:20,1,2,2,5
2021-06-27 15:13:22,19,1,6,26
2021-06-27 15:14:06,2,0,0,2
2021-06-27 15:15:06,0,0,0,0
2021-06-27 15:15:39,67,1,7,75
2021-06-27 15:15:45,0,0,0,0
2021-06-27 15:15:47,2,0,0,2
2021-06-27 15:15:50,0,0,0,0
2021-06-27 15:15:53,0,0,0,0
2021-06-27 15:15:54,11,0,2,13
2021-06-27 15:15:55,0,0,0,0
2021-06-27 15:16:03,2,0,0,2
2021-06-27 15:16:35,0,0,0,0
2021-06-27 15:16:38,1,0,0,1
2021-06-27 15:16:56,0,0,0,0
2021-06-27 15:16:58,0,0,0,0
2021-06-27 15:16:59,37,6,9,52
2021-06-27 15:17:05,1,0,0,1
2021-06-27 15:17:09,76,3,28,107
2021-06-27 15:17:13,3,0,0,3
2021-06-27 15:17:46,0,0,0,0
2021-06-27 15:18:22,1,0,0,1
2021-06-27 15:18:56,1,0,0,1
2021-06-27 15:19:47,2,0,0,2
2021-06-27 15:20:07,4,1,0,5
2021-06-27 15:20:14,1,0,0,1
2021-06-27 15:20:15,5,1,0,6
2021-06-27 15:20:28,0,0,0,0
2021-06-27 15:20:36,0,0,0,0
2021-06-27 15:20:45,1,0,0,1
2021-06-27 15:21:07,1,0,0,1
2021-06-27 15:21:11,349,9,61,419
2021-06-27 15:21:27,0,0,0,0
2021-06-27 15:21:36,1,0,0,1
2021-06-27 15:21:42,0,0,0,0
2021-06-27 15:21:58,0,0,0,0
2021-06-27 15:22:00,0,0,0,0
2021-06-27 15:22:08,3,0,0,3
2021-06-27 15:22:13,28,0,10,38
2021-06-27 15:22:19,16,0,8,24
2021-06-27 15:22:26,129,6,47,182
2021-06-27 15:22:27,0,0,0,0
2021-06-27 15:22:38,1,0,0,1
2021-06-27 15:22:51,0,0,0,0
2021-06-27 15:23:14,6,4,0,10
2021-06-27 15:23:17,4,0,2,6
2021-06-27 15:23:22,3,0,0,3
2021-06-27 15:23:30,0,0,0,0
2021-06-27 15:23:31,13,0,6,19
2021-06-27 15:23:49,1,0,0,1
2021-06-27 15:24:01,1,1,0,2
2021-06-27 15:24:09,0,0,0,0
2021-06-27 15:24:11,6,1,0,7
2021-06-27 15:24:31,2,0,0,2
2021-06-27 15:24:41,9,1,5,15
2021-06-27 15:24:47,1,0,1,2
2021-06-27 15:25:29,0,0,0,0
2021-06-27 15:25:40,0,0,0,0
2021-06-27 15:25:50,1,0,1,2
2021-06-27 15:27:04,0,0,0,0
2021-06-27 15:27:08,53,0,11,64
2021-06-27 15:27:14,2,0,0,2
2021-06-27 15:27:19,1,0,1,2
2021-06-27 15:27:49,1,0,1,2
2021-06-27 15:28:21,30,2,7,39
2021-06-27 15:28:27,1,0,0,1
2021-06-27 15:28:39,3,0,2,5
2021-06-27 15:29:39,1,0,1,2
2021-06-27 15:29:52,2,0,2,4
2021-06-27 15:30:33,13,2,3,18
2021-06-27 15:31:30,0,0,0,0
2021-06-27 15:31:33,0,0,0,0
2021-06-27 15:31:36,13,1,2,16
2021-06-27 15:31:40,2,0,0,2
2021-06-27 15:31:57,0,0,0,0
2021-06-27 15:32:15,1,0,0,1
2021-06-27 15:32:46,0,0,0,0
2021-06-27 15:33:16,0,0,0,0
2021-06-27 15:33:20,1,0,0,1
2021-06-27 15:33:33,0,0,0,0
2021-06-27 15:33:51,11,0,2,13
2021-06-27 15:34:29,1,0,0,1
2021-06-27 15:34:40,6,0,0,6
2021-06-27 15:34:42,17,0,1,18
2021-06-27 15:35:00,1,0,0,1
2021-06-27 15:35:21,0,0,0,0
2021-06-27 15:35:31,2263,97,362,2722
2021-06-27 15:35:33,0,0,0,0
2021-06-27 15:35:52,0,0,0,0
2021-06-27 15:35:53,1,1,0,2
2021-06-27 15:35:55,0,1,0,1
2021-06-27 15:35:56,8,1,1,10
2021-06-27 15:35:57,1,1,0,2
2021-06-27 15:36:23,1,0,0,1
2021-06-27 15:36:29,1,0,0,1
2021-06-27 15:36:53,0,2,0,2
2021-06-27 15:37:06,3,0,0,3
2021-06-27 15:37:08,0,0,0,0
2021-06-27 15:37:19,1,0,0,1
2021-06-27 15:37:27,188,13,49,250
2021-06-27 15:38:05,0,0,0,0
2021-06-27 15:38:14,2,1,0,3
2021-06-27 15:38:16,0,2,0,2
2021-06-27 15:38:19,1,1,0,2
2021-06-27 15:38:47,2,1,1,4
2021-06-27 15:39:24,3,0,0,3
2021-06-27 15:40:32,1,0,0,1
2021-06-27 15:40:54,1,1,0,2
2021-06-27 15:40:59,6,0,0,6
2021-06-27 15:41:02,18,3,2,23
2021-06-27 15:41:06,0,0,0,0
2021-06-27 15:41:22,2,0,1,3
2021-06-27 15:41:37,6,0,4,10
2021-06-27 15:41:46,10,0,2,12
2021-06-27 15:42:10,2,0,2,4
2021-06-27 15:42:21,0,0,0,0
2021-06-27 15:42:29,0,0,0,0
2021-06-27 15:42:49,3,1,0,4
2021-06-27 15:42:54,1,0,1,2
2021-06-27 15:43:03,0,0,0,0
2021-06-27 15:43:10,3,2,0,5
2021-06-27 15:43:14,6,0,1,7
2021-06-27 15:43:37,0,0,0,0
2021-06-27 15:43:48,23,4,5,32
2021-06-27 15:43:52,283,7,58,348
2021-06-27 15:43:54,0,0,0,0
2021-06-27 15:44:04,1,0,1,2
2021-06-27 15:45:52,0,0,0,0
2021-06-27 15:46:06,0,0,0,0
2021-06-27 15:46:26,1,0,0,1
2021-06-27 15:46:33,1,0,0,1
2021-06-27 15:47:00,0,0,0,0
2021-06-27 15:47:25,0,0,0,0
2021-06-27 15:47:44,1,0,1,2
2021-06-27 15:47:54,8,0,3,11
2021-06-27 15:49:22,3,0,0,3
2021-06-27 15:49:52,1,0,0,1
2021-06-27 15:50:19,3,0,0,3
2021-06-27 15:51:03,0,0,0,0
2021-06-27 15:51:34,0,0,0,0
2021-06-27 15:52:01,14,0,3,17
2021-06-27 15:52:11,14,1,3,18
2021-06-27 15:52:57,5,0,1,6
2021-06-27 15:53:05,1,1,0,2
2021-06-27 15:53:26,2,0,0,2
2021-06-27 15:53:32,0,0,0,0
2021-06-27 15:53:38,1,0,0,1
2021-06-27 15:54:08,1,0,0,1
2021-06-27 15:54:10,1,0,0,1
2021-06-27 15:54:25,0,0,0,0
2021-06-27 15:54:29,1,0,0,1
2021-06-27 15:54:32,0,0,0,0
2021-06-27 15:54:46,0,0,0,0
2021-06-27 15:54:52,0,0,0,0
2021-06-27 15:54:57,0,0,0,0
2021-06-27 15:55:00,1,0,0,1
2021-06-27 15:55:10,0,0,0,0
2021-06-27 15:55:14,0,0,0,0
2021-06-27 15:55:19,0,0,0,0
2021-06-27 15:55:22,0,0,0,0
2021-06-27 15:55:30,0,0,0,0
2021-06-27 15:55:39,0,0,0,0
2021-06-27 15:55:44,5,0,0,5
2021-06-27 15:55:45,0,0,0,0
2021-06-27 15:55:50,0,0,0,0
2021-06-27 15:55:56,0,0,0,0
2021-06-27 15:56:08,0,0,0,0
2021-06-27 15:56:21,0,0,0,0
2021-06-27 15:56:44,0,0,0,0
2021-06-27 15:56:48,0,0,0,0
2021-06-27 15:56:55,0,0,0,0
2021-06-27 15:57:03,0,0,0,0
2021-06-27 15:57:10,0,0,0,0
2021-06-27 15:57:16,0,0,0,0
2021-06-27 15:57:20,0,0,0,0
2021-06-27 15:57:25,0,0,0,0
2021-06-27 15:57:29,0,0,0,0
2021-06-27 15:57:33,6,0,0,6
2021-06-27 15:57:37,76,3,30,109
2021-06-27 15:57:38,0,0,0,0
2021-06-27 15:57:46,0,0,0,0
2021-06-27 15:57:47,0,0,0,0
2021-06-27 15:57:55,0,0,0,0
2021-06-27 15:57:59,0,0,0,0
2021-06-27 15:58:10,0,0,0,0
2021-06-27 15:58:31,0,0,0,0
2021-06-27 15:58:43,0,1,0,1
2021-06-27 15:58:46,0,0,0,0
2021-06-27 15:58:51,5,0,2,7
2021-06-27 15:58:52,2,0,0,2
2021-06-27 15:58:59,5,1,0,6
2021-06-27 15:59:01,0,0,0,0
2021-06-27 15:59:02,0,0,0,0
2021-06-27 15:59:20,5,0,0,5
2021-06-27 15:59:30,25,0,4,29
2021-06-27 15:59:55,0,0,0,0
2021-06-27 16:00:06,0,0,0,0
2021-06-27 16:00:22,0,0,0,0
2021-06-27 16:00:27,3,2,0,5
2021-06-27 16:00:35,89,10,22,121
2021-06-27 16:00:52,0,0,0,0
2021-06-27 16:01:09,0,0,0,0
2021-06-27 16:01:28,1,0,0,1
2021-06-27 16:01:29,1,0,0,1
2021-06-27 16:01:30,2,1,0,3
2021-06-27 16:02:08,2,0,0,2
2021-06-27 16:02:42,0,0,0,0
2021-06-27 16:02:52,0,0,0,0
2021-06-27 16:03:39,0,0,0,0
2021-06-27 16:03:49,0,0,0,0
2021-06-27 16:04:05,0,0,0,0
2021-06-27 16:04:14,0,0,0,0
2021-06-27 16:04:25,1,0,1,2
2021-06-27 16:04:35,0,0,0,0
2021-06-27 16:04:36,0,0,0,0
2021-06-27 16:04:55,0,0,0,0
2021-06-27 16:06:21,1,0,1,2
2021-06-27 16:06:33,2,1,0,3
2021-06-27 16:06:42,1,1,0,2
2021-06-27 16:06:49,0,0,0,0
2021-06-27 16:07:42,0,0,0,0
2021-06-27 16:07:55,0,0,0,0
2021-06-27 16:08:34,0,0,0,0
2021-06-27 16:08:45,4,2,0,6
2021-06-27 16:09:31,0,0,0,0
2021-06-27 16:09:54,1,0,0,1
2021-06-27 16:10:12,0,0,0,0
2021-06-27 16:10:13,0,0,0,0
2021-06-27 16:10:53,0,0,0,0
2021-06-27 16:12:20,0,0,0,0
2021-06-27 16:13:21,1,0,0,1
2021-06-27 16:14:28,0,0,0,0
2021-06-27 16:14:47,0,0,0,0
2021-06-27 16:15:05,0,0,0,0
2021-06-27 16:15:20,1,0,0,1
2021-06-27 16:15:34,0,0,0,0
2021-06-27 16:15:55,5,1,1,7
2021-06-27 16:16:29,0,0,0,0
2021-06-27 16:16:38,1,1,0,2
2021-06-27 16:16:45,0,0,0,0
2021-06-27 16:17:20,1,0,0,1
2021-06-27 16:18:07,0,0,0,0
2021-06-27 16:19:23,1,1,0,2
2021-06-27 16:20:41,0,0,0,0
2021-06-27 16:21:09,1,0,0,1
2021-06-27 16:21:11,0,0,0,0
2021-06-27 16:21:48,0,1,0,1
2021-06-27 16:21:50,2,0,0,2
2021-06-27 16:22:10,4,0,3,7
2021-06-27 16:22:31,2,0,2,4
2021-06-27 16:22:42,6,2,2,10
2021-06-27 16:22:48,1,0,0,1
2021-06-27 16:22:56,2,0,2,4
2021-06-27 16:23:29,0,0,0,0
2021-06-27 16:23:44,1,1,1,3
2021-06-27 16:24:00,4,1,2,7
2021-06-27 16:24:06,2,0,0,2
2021-06-27 16:24:52,0,0,0,0
2021-06-27 16:25:03,1,0,1,2
2021-06-27 16:25:19,0,0,0,0
2021-06-27 16:25:36,0,0,0,0
2021-06-27 16:26:03,23,1,6,30
2021-06-27 16:26:06,5,0,5,10
2021-06-27 16:26:26,0,0,0,0
2021-06-27 16:26:27,121,3,7,131
2021-06-27 16:26:35,1,1,0,2
2021-06-27 16:26:50,0,0,0,0
2021-06-27 16:27:00,0,1,0,1
2021-06-27 16:27:23,0,0,0,0
2021-06-27 16:28:02,1,0,1,2
2021-06-27 16:28:38,1,0,0,1
2021-06-27 16:28:42,0,0,0,0
2021-06-27 16:28:57,0,0,0,0
2021-06-27 16:29:22,0,0,0,0
2021-06-27 16:29:56,0,0,0,0
2021-06-27 16:30:07,5,0,0,5
2021-06-27 16:30:11,3,1,1,5
2021-06-27 16:30:46,2,0,0,2
2021-06-27 16:31:03,1,0,0,1
2021-06-27 16:32:00,0,0,0,0
2021-06-27 16:32:08,3,0,2,5
2021-06-27 16:33:15,3,0,1,4
2021-06-27 16:34:17,0,1,0,1
2021-06-27 16:35:11,1,0,1,2
2021-06-27 16:35:49,3,0,2,5
2021-06-27 16:36:25,1,0,0,1
2021-06-27 16:36:56,1,1,1,3
2021-06-27 16:38:11,0,0,0,0
2021-06-27 16:38:18,2,0,1,3
2021-06-27 16:38:25,1,0,0,1
2021-06-27 16:38:57,3,0,1,4
2021-06-27 16:40:15,2,2,2,6
2021-06-27 16:40:26,0,0,0,0
2021-06-27 16:40:30,14,1,2,17
2021-06-27 16:41:13,8,1,4,13
2021-06-27 16:41:14,0,1,0,1
2021-06-27 16:41:44,0,0,0,0
2021-06-27 16:41:53,0,0,0,0
2021-06-27 16:42:10,0,0,0,0
2021-06-27 16:42:15,1,0,0,1
2021-06-27 16:42:18,0,0,0,0
2021-06-27 16:42:30,1,0,0,1
2021-06-27 16:42:31,1,0,1,2
2021-06-27 16:42:50,1,1,1,3
2021-06-27 16:43:11,0,0,0,0
2021-06-27 16:43:17,0,0,0,0
2021-06-27 16:43:39,0,1,0,1
2021-06-27 16:44:43,1,0,1,2
2021-06-27 16:44:46,1,0,0,1
2021-06-27 16:45:11,0,0,0,0
2021-06-27 16:45:51,0,0,0,0
2021-06-27 16:46:01,0,0,0,0
2021-06-27 16:46:09,1,1,1,3
2021-06-27 16:46:21,35,2,4,41
2021-06-27 16:46:42,0,0,0,0
2021-06-27 16:47:42,0,0,0,0
2021-06-27 16:48:01,3,0,1,4
2021-06-27 16:49:47,1,0,1,2
2021-06-27 16:50:10,6,0,4,10
2021-06-27 16:50:11,17,1,7,25
2021-06-27 16:50:15,1,0,0,1
2021-06-27 16:50:46,0,0,0,0
2021-06-27 16:51:24,0,0,0,0
2021-06-27 16:52:14,0,0,0,0
2021-06-27 16:53:09,0,0,0,0
2021-06-27 16:53:13,2,0,1,3
2021-06-27 16:53:27,2,0,1,3
2021-06-27 16:53:40,27,0,4,31
2021-06-27 16:53:46,2,0,1,3
2021-06-27 16:53:48,0,0,0,0
2021-06-27 16:54:48,3,1,2,6
2021-06-27 16:55:52,1,0,1,2
2021-06-27 16:55:54,1,0,1,2
2021-06-27 16:56:26,0,0,0,0
2021-06-27 16:56:45,1,0,0,1
2021-06-27 16:57:39,0,0,0,0
2021-06-27 16:58:22,4,0,0,4
2021-06-27 16:59:12,205,11,67,283
2021-06-27 16:59:23,12,0,3,15
2021-06-27 16:59:30,0,0,0,0
2021-06-27 16:59:46,0,0,0,0
2021-06-27 16:59:50,0,0,0,0
2021-06-27 17:00:01,239,12,68,319
2021-06-27 17:00:02,0,0,0,0
2021-06-27 17:00:03,0,0,0,0
2021-06-27 17:00:18,1,0,0,1
2021-06-27 17:00:20,0,0,0,0
2021-06-27 17:00:22,2,0,0,2
2021-06-27 17:00:28,5,0,0,5
2021-06-27 17:00:34,2,1,0,3
2021-06-27 17:00:39,3,0,0,3
2021-06-27 17:00:41,2,0,0,2
2021-06-27 17:00:49,0,0,0,0
2021-06-27 17:01:07,1,0,1,2
2021-06-27 17:01:20,0,0,0,0
2021-06-27 17:01:28,0,0,0,0
2021-06-27 17:02:14,1,0,0,1
2021-06-27 17:02:40,14,3,4,21
2021-06-27 17:02:53,8,1,0,9
2021-06-27 17:03:02,0,0,0,0
2021-06-27 17:03:04,0,0,0,0
2021-06-27 17:03:07,3,0,0,3
2021-06-27 17:03:08,0,0,0,0
2021-06-27 17:03:12,3,0,1,4
2021-06-27 17:03:29,0,0,0,0
2021-06-27 17:04:13,0,0,0,0
2021-06-27 17:05:28,0,0,0,0
2021-06-27 17:05:32,2,0,1,3
2021-06-27 17:05:34,0,0,0,0
2021-06-27 17:05:43,0,0,0,0
2021-06-27 17:05:57,9,1,3,13
2021-06-27 17:05:59,1,0,0,1
2021-06-27 17:06:09,0,1,1,2
2021-06-27 17:06:13,0,1,0,1
2021-06-27 17:06:23,39,1,3,43
2021-06-27 17:07:02,1,0,1,2
2021-06-27 17:07:18,0,1,0,1
2021-06-27 17:07:19,3,1,0,4
2021-06-27 17:07:23,0,1,0,1
2021-06-27 17:07:33,0,2,0,2
2021-06-27 17:07:54,0,0,0,0
2021-06-27 17:08:19,1,2,0,3
2021-06-27 17:08:34,0,1,0,1
2021-06-27 17:08:43,0,1,0,1
2021-06-27 17:08:55,0,0,0,0
2021-06-27 17:09:12,0,0,0,0
2021-06-27 17:09:13,8,1,1,10
2021-06-27 17:09:31,0,1,0,1
2021-06-27 17:09:44,28,0,5,33
2021-06-27 17:10:26,16,3,4,23
2021-06-27 17:10:52,11,3,1,15
2021-06-27 17:10:56,8,1,2,11
2021-06-27 17:11:04,1,1,0,2
2021-06-27 17:11:14,0,1,0,1
2021-06-27 17:11:27,0,1,0,1
2021-06-27 17:11:42,0,0,0,0
2021-06-27 17:11:57,1,0,0,1
2021-06-27 17:12:55,1,0,0,1
2021-06-27 17:12:58,0,0,0,0
2021-06-27 17:13:09,13,1,9,23
2021-06-27 17:13:29,0,0,0,0
2021-06-27 17:13:35,0,0,0,0
2021-06-27 17:13:38,9,1,3,13
2021-06-27 17:14:06,0,0,0,0
2021-06-27 17:14:17,0,0,0,0
2021-06-27 17:14:30,0,0,0,0
2021-06-27 17:14:40,0,0,0,0
2021-06-27 17:14:51,2,1,1,4
2021-06-27 17:15:07,0,0,0,0
2021-06-27 17:15:33,1,1,0,2
2021-06-27 17:16:11,0,0,0,0
2021-06-27 17:16:31,1,0,0,1
2021-06-27 17:17:07,2,0,1,3
2021-06-27 17:17:47,0,0,0,0
2021-06-27 17:17:57,1,0,0,1
2021-06-27 17:18:43,3,1,2,6
2021-06-27 17:18:49,1,0,0,1
2021-06-27 17:18:55,0,0,0,0
2021-06-27 17:19:17,2,1,0,3
2021-06-27 17:20:26,1,0,2,3
2021-06-27 17:20:50,37,2,4,43
2021-06-27 17:20:57,1,0,0,1
2021-06-27 17:21:17,2,0,2,4
2021-06-27 17:21:39,1,0,1,2
2021-06-27 17:22:01,70,0,9,79
2021-06-27 17:22:02,1,0,0,1
2021-06-27 17:22:05,12,0,4,16
2021-06-27 17:22:18,4,0,2,6
2021-06-27 17:22:41,3,1,1,5
2021-06-27 17:22:46,16,0,4,20
2021-06-27 17:22:47,6,0,3,9
2021-06-27 17:22:50,1,0,0,1
2021-06-27 17:23:00,1,0,0,1
2021-06-27 17:23:27,1,1,1,3
2021-06-27 17:24:02,96,31,43,170
2021-06-27 17:24:13,1,0,1,2
2021-06-27 17:24:24,0,0,0,0
2021-06-27 17:24:31,5,0,1,6
2021-06-27 17:24:46,2,0,1,3
2021-06-27 17:25:00,2,0,1,3
2021-06-27 17:25:07,0,0,0,0
2021-06-27 17:25:11,14,0,4,18
2021-06-27 17:25:12,2,0,0,2
2021-06-27 17:25:18,6,1,2,9
2021-06-27 17:25:45,0,0,0,0
2021-06-27 17:25:54,0,0,0,0
2021-06-27 17:25:59,2,0,0,2
2021-06-27 17:26:03,0,0,0,0
2021-06-27 17:26:13,21,0,11,32
2021-06-27 17:26:45,0,0,0,0
2021-06-27 17:26:47,3,0,1,4
2021-06-27 17:26:59,0,0,0,0
2021-06-27 17:27:26,1,0,0,1
2021-06-27 17:27:30,3,1,0,4
2021-06-27 17:27:31,1,0,0,1
2021-06-27 17:27:45,0,0,0,0
2021-06-27 17:27:53,2,0,0,2
2021-06-27 17:28:00,77,1,25,103
2021-06-27 17:28:40,8,2,2,12
2021-06-27 17:28:53,1,0,1,2
2021-06-27 17:29:05,0,0,0,0
2021-06-27 17:29:09,4,0,2,6
2021-06-27 17:29:22,0,0,0,0
2021-06-27 17:29:40,2,0,3,5
2021-06-27 17:30:05,7,1,0,8
2021-06-27 17:30:50,1,0,0,1
2021-06-27 17:31:08,12,2,4,18
2021-06-27 17:31:11,3,0,3,6
2021-06-27 17:31:30,6,0,3,9
2021-06-27 17:33:12,7,0,5,12
2021-06-27 17:33:27,2,0,0,2
2021-06-27 17:33:33,0,0,0,0
2021-06-27 17:33:58,4,0,0,4
2021-06-27 17:34:01,0,0,0,0
2021-06-27 17:34:13,0,0,0,0
2021-06-27 17:34:22,0,0,0,0
2021-06-27 17:34:28,1,0,0,1
2021-06-27 17:34:34,0,0,0,0
2021-06-27 17:34:37,0,0,0,0
2021-06-27 17:35:06,0,0,0,0
2021-06-27 17:35:09,2,0,2,4
2021-06-27 17:35:29,5,0,1,6
2021-06-27 17:35:45,0,0,0,0
2021-06-27 17:35:49,0,0,0,0
2021-06-27 17:36:03,1,2,0,3
2021-06-27 17:36:07,8,1,1,10
2021-06-27 17:36:30,1,0,0,1
2021-06-27 17:36:59,2,0,0,2
2021-06-27 17:37:12,0,0,0,0
2021-06-27 17:37:13,2,1,0,3
2021-06-27 17:37:23,0,0,0,0
2021-06-27 17:37:36,0,0,0,0
2021-06-27 17:38:05,4,0,0,4
2021-06-27 17:38:49,0,0,0,0
2021-06-27 17:39:03,6,1,0,7
2021-06-27 17:39:09,9,0,2,11
2021-06-27 17:39:16,3,2,0,5
2021-06-27 17:39:35,0,0,0,0
2021-06-27 17:40:24,1,0,0,1
2021-06-27 17:40:38,1,0,0,1
2021-06-27 17:40:42,0,0,0,0
2021-06-27 17:40:58,0,0,0,0
2021-06-27 17:41:11,2,0,0,2
2021-06-27 17:42:39,368,22,18,408
2021-06-27 17:42:47,1,1,1,3
2021-06-27 17:42:56,0,0,1,1
2021-06-27 17:44:06,2,0,1,3
2021-06-27 17:44:13,14,4,6,24
2021-06-27 17:44:50,0,0,0,0
2021-06-27 17:45:18,2,1,0,3
2021-06-27 17:45:20,6,0,2,8
2021-06-27 17:45:21,1,0,1,2
2021-06-27 17:45:26,0,0,0,0
2021-06-27 17:45:44,3,0,0,3
2021-06-27 17:46:01,0,0,0,0
2021-06-27 17:46:30,2,0,0,2
2021-06-27 17:46:50,18,0,2,20
2021-06-27 17:46:51,3,0,0,3
2021-06-27 17:47:03,6,1,0,7
2021-06-27 17:47:07,0,0,0,0
2021-06-27 17:47:58,0,0,0,0
2021-06-27 17:48:13,4,1,0,5
2021-06-27 17:48:42,0,0,0,0
2021-06-27 17:48:59,3,1,1,5
2021-06-27 17:49:08,0,0,0,0
2021-06-27 17:49:13,0,0,0,0
2021-06-27 17:49:29,3,0,2,5
2021-06-27 17:49:45,1,0,0,1
2021-06-27 17:50:05,2,0,0,2
2021-06-27 17:50:24,4,1,0,5
2021-06-27 17:50:53,1,0,0,1
2021-06-27 17:51:36,2,0,1,3
2021-06-27 17:51:53,2,0,1,3
2021-06-27 17:52:01,3,0,1,4
2021-06-27 17:52:13,1,0,1,2
2021-06-27 17:52:30,1,0,0,1
2021-06-27 17:52:42,0,0,1,1
2021-06-27 17:53:00,10,0,8,18
2021-06-27 17:53:10,27,1,10,38
2021-06-27 17:53:47,9,5,3,17
2021-06-27 17:53:55,2,0,0,2
2021-06-27 17:54:39,2,0,0,2
2021-06-27 17:54:54,0,0,0,0
2021-06-27 17:55:33,0,0,0,0
2021-06-27 17:56:09,0,0,0,0
2021-06-27 17:56:17,4,0,0,4
2021-06-27 17:56:24,1,0,0,1
2021-06-27 17:57:06,0,0,0,0
2021-06-27 17:57:18,0,0,0,0
2021-06-27 17:57:20,35,0,10,45
2021-06-27 17:57:53,403,8,129,540
2021-06-27 17:58:16,0,0,0,0
2021-06-27 17:58:17,1,0,1,2
2021-06-27 17:58:33,0,0,0,0
2021-06-27 17:58:41,1,0,0,1
2021-06-27 17:58:55,0,0,0,0
2021-06-27 17:59:07,5,2,2,9
2021-06-27 18:00:43,10,0,4,14
2021-06-27 18:00:50,3,0,1,4
2021-06-27 18:00:56,8,0,4,12
2021-06-27 18:01:15,0,0,0,0
2021-06-27 18:01:16,278,21,50,349
2021-06-27 18:01:36,6,0,2,8
2021-06-27 18:02:00,3,0,1,4
2021-06-27 18:02:58,0,0,0,0
2021-06-27 18:03:07,0,0,0,0
2021-06-27 18:03:16,0,1,0,1
2021-06-27 18:03:40,24,0,2,26
2021-06-27 18:04:17,0,0,0,0
2021-06-27 18:04:18,0,0,0,0
2021-06-27 18:04:23,0,0,0,0
2021-06-27 18:04:35,4,0,1,5
2021-06-27 18:04:55,0,0,0,0
2021-06-27 18:05:33,0,0,0,0
2021-06-27 18:05:45,3,1,0,4
2021-06-27 18:05:54,0,0,0,0
2021-06-27 18:06:18,1,0,0,1
2021-06-27 18:06:22,1,1,0,2
2021-06-27 18:06:24,0,0,0,0
2021-06-27 18:06:33,7,2,0,9
2021-06-27 18:06:40,0,0,0,0
2021-06-27 18:06:42,1,0,2,3
2021-06-27 18:07:18,1,0,1,2
2021-06-27 18:07:30,0,0,0,0
2021-06-27 18:08:12,2,1,0,3
2021-06-27 18:08:17,0,0,0,0
2021-06-27 18:08:24,1,0,0,1
2021-06-27 18:08:57,0,1,0,1
2021-06-27 18:09:07,2,0,0,2
2021-06-27 18:09:11,1,3,0,4
2021-06-27 18:09:20,0,0,0,0
2021-06-27 18:09:23,0,0,0,0
2021-06-27 18:09:29,5,0,2,7
2021-06-27 18:10:13,28,2,4,34
2021-06-27 18:10:30,0,0,0,0
2021-06-27 18:10:45,1,2,0,3
2021-06-27 18:10:56,0,1,1,2
2021-06-27 18:10:57,20,0,4,24
2021-06-27 18:11:26,1,1,0,2
2021-06-27 18:11:37,0,0,0,0
2021-06-27 18:11:39,33,0,12,45
2021-06-27 18:11:51,1,0,0,1
2021-06-27 18:12:10,1,1,0,2
2021-06-27 18:12:27,1,2,0,3
2021-06-27 18:12:33,2,0,0,2
2021-06-27 18:12:50,1,1,0,2
2021-06-27 18:12:58,6,0,6,12
2021-06-27 18:13:03,1,1,0,2
2021-06-27 18:13:07,1,0,0,1
2021-06-27 18:13:12,4,0,2,6
2021-06-27 18:14:03,57,3,15,75
2021-06-27 18:14:06,1,0,0,1
2021-06-27 18:14:18,0,0,0,0
2021-06-27 18:14:35,10,2,7,19
2021-06-27 18:14:40,0,0,0,0
2021-06-27 18:14:47,0,0,0,0
2021-06-27 18:14:49,0,0,0,0
2021-06-27 18:14:59,4,0,0,4
2021-06-27 18:15:08,0,2,0,2
2021-06-27 18:15:11,0,0,0,0
2021-06-27 18:15:43,4,0,1,5
2021-06-27 18:15:56,1,1,1,3
2021-06-27 18:16:02,0,0,0,0
2021-06-27 18:16:04,0,0,0,0
2021-06-27 18:16:19,117,1,24,142
2021-06-27 18:17:23,0,0,0,0
2021-06-27 18:17:30,0,0,0,0
2021-06-27 18:18:20,10,0,1,11
2021-06-27 18:18:24,0,0,0,0
2021-06-27 18:18:38,0,0,0,0
2021-06-27 18:18:51,0,0,0,0
2021-06-27 18:18:56,0,0,0,0
2021-06-27 18:19:04,0,0,0,0
2021-06-27 18:19:05,1,0,1,2
2021-06-27 18:19:16,0,0,0,0
2021-06-27 18:19:17,0,0,0,0
2021-06-27 18:19:24,0,0,0,0
2021-06-27 18:19:28,0,0,0,0
2021-06-27 18:19:37,0,0,0,0
2021-06-27 18:19:38,0,0,0,0
2021-06-27 18:19:42,3,2,2,7
2021-06-27 18:19:43,1,0,0,1
2021-06-27 18:19:51,8,0,3,11
2021-06-27 18:19:54,7,0,0,7
2021-06-27 18:19:55,3,0,0,3
2021-06-27 18:20:10,0,0,0,0
2021-06-27 18:20:38,0,0,0,0
2021-06-27 18:21:03,1,0,2,3
2021-06-27 18:21:24,0,0,0,0
2021-06-27 18:21:32,0,0,0,0
2021-06-27 18:21:44,3,0,0,3
2021-06-27 18:21:52,39,2,19,60
2021-06-27 18:21:55,46,0,17,63
2021-06-27 18:22:14,9,0,0,9
2021-06-27 18:22:23,0,0,0,0
2021-06-27 18:22:27,0,0,0,0
2021-06-27 18:22:38,0,0,0,0
2021-06-27 18:22:41,0,0,0,0
2021-06-27 18:22:57,0,0,0,0
2021-06-27 18:23:03,2,0,1,3
2021-06-27 18:23:16,0,0,0,0
2021-06-27 18:23:23,1,0,0,1
2021-06-27 18:23:30,2,0,2,4
2021-06-27 18:23:31,131,1,34,166
2021-06-27 18:23:39,1,1,0,2
2021-06-27 18:23:56,3,0,0,3
2021-06-27 18:24:00,16,2,6,24
2021-06-27 18:24:06,0,0,0,0
2021-06-27 18:24:20,1,0,0,1
2021-06-27 18:24:26,5,1,0,6
2021-06-27 18:24:37,2,0,1,3
2021-06-27 18:24:56,1,0,1,2
2021-06-27 18:25:14,1,1,0,2
2021-06-27 18:25:20,0,0,0,0
2021-06-27 18:25:22,3,1,0,4
2021-06-27 18:25:31,0,0,0,0
2021-06-27 18:25:48,0,0,0,0
2021-06-27 18:25:49,6,0,2,8
2021-06-27 18:25:58,0,0,0,0
2021-06-27 18:26:29,4,0,0,4
2021-06-27 18:26:30,2,0,0,2
2021-06-27 18:26:39,1,0,0,1
2021-06-27 18:26:48,1,1,0,2
2021-06-27 18:26:55,0,0,0,0
2021-06-27 18:26:58,0,0,0,0
2021-06-27 18:27:10,0,0,0,0
2021-06-27 18:27:47,0,0,0,0
2021-06-27 18:28:12,0,0,0,0
2021-06-27 18:28:18,5,0,1,6
2021-06-27 18:28:26,0,0,0,0
2021-06-27 18:28:55,0,0,0,0
2021-06-27 18:29:08,0,0,0,0
2021-06-27 18:29:30,1,1,0,2
2021-06-27 18:29:34,1,0,0,1
2021-06-27 18:30:04,3,0,0,3
2021-06-27 18:30:17,3,0,0,3
2021-06-27 18:30:21,0,0,0,0
2021-06-27 18:30:26,0,0,0,0
2021-06-27 18:30:39,0,0,0,0
2021-06-27 18:30:51,2,1,0,3
2021-06-27 18:31:03,0,0,0,0
2021-06-27 18:31:12,0,0,0,0
2021-06-27 18:31:15,0,0,0,0
2021-06-27 18:31:23,0,0,0,0
2021-06-27 18:31:26,0,1,0,1
2021-06-27 18:31:48,0,0,0,0
2021-06-27 18:32:25,0,0,0,0
2021-06-27 18:32:31,0,0,0,0
2021-06-27 18:33:00,5,0,0,5
2021-06-27 18:33:01,0,0,0,0
2021-06-27 18:33:11,1,1,1,3
2021-06-27 18:33:28,0,0,0,0
2021-06-27 18:33:30,3,2,0,5
2021-06-27 18:33:37,4,1,3,8
2021-06-27 18:33:38,0,0,0,0
2021-06-27 18:33:39,45,6,8,59
2021-06-27 18:33:47,0,0,0,0
2021-06-27 18:33:52,5,0,1,6
2021-06-27 18:34:00,2,1,0,3
2021-06-27 18:34:06,1,0,0,1
2021-06-27 18:34:16,0,0,0,0
2021-06-27 18:34:23,2,0,0,2
2021-06-27 18:34:28,14,0,4,18
2021-06-27 18:35:03,1,0,0,1
2021-06-27 18:35:17,0,0,0,0
2021-06-27 18:35:30,0,0,0,0
2021-06-27 18:35:37,1,1,0,2
2021-06-27 18:35:47,0,0,0,0
2021-06-27 18:35:56,3,0,1,4
2021-06-27 18:36:14,0,0,0,0
2021-06-27 18:36:44,0,0,0,0
2021-06-27 18:36:51,0,0,0,0
2021-06-27 18:36:58,4,0,0,4
2021-06-27 18:37:12,0,0,0,0
2021-06-27 18:37:39,1,0,1,2
2021-06-27 18:37:42,0,0,0,0
2021-06-27 18:37:52,0,0,0,0
2021-06-27 18:37:57,0,0,0,0
2021-06-27 18:38:00,0,0,0,0
2021-06-27 18:38:09,4,0,0,4
2021-06-27 18:38:10,0,0,0,0
2021-06-27 18:38:19,3,0,0,3
2021-06-27 18:38:59,0,1,0,1
2021-06-27 18:39:11,0,0,0,0
2021-06-27 18:39:12,0,0,0,0
2021-06-27 18:39:28,0,0,0,0
2021-06-27 18:39:37,1,0,0,1
2021-06-27 18:39:47,6,0,2,8
2021-06-27 18:39:50,0,0,0,0
2021-06-27 18:40:12,0,0,0,0
2021-06-27 18:40:33,0,0,0,0
2021-06-27 18:40:39,0,0,0,0
2021-06-27 18:40:55,9,1,3,13
2021-06-27 18:40:59,0,0,1,1
2021-06-27 18:41:13,0,0,0,0
2021-06-27 18:41:14,1,0,0,1
2021-06-27 18:41:15,0,0,0,0
2021-06-27 18:41:34,0,0,0,0
2021-06-27 18:41:52,11,0,7,18
2021-06-27 18:41:59,10,2,4,16
2021-06-27 18:42:35,1,0,0,1
2021-06-27 18:42:36,2,0,0,2
2021-06-27 18:43:20,4,0,2,6
2021-06-27 18:43:37,1,0,0,1
2021-06-27 18:43:51,2,0,0,2
2021-06-27 18:43:52,33,18,11,62
2021-06-27 18:44:01,0,0,0,0
2021-06-27 18:44:04,0,0,0,0
2021-06-27 18:44:14,0,0,0,0
2021-06-27 18:44:24,39,6,6,51
2021-06-27 18:44:25,0,0,0,0
2021-06-27 18:44:31,4,0,4,8
2021-06-27 18:44:36,0,0,0,0
2021-06-27 18:44:40,37,6,2,45
2021-06-27 18:44:43,8,0,2,10
2021-06-27 18:45:01,2,0,1,3
2021-06-27 18:45:04,2,0,0,2
2021-06-27 18:45:07,0,0,0,0
2021-06-27 18:45:19,4,0,0,4
2021-06-27 18:45:21,0,0,0,0
2021-06-27 18:45:23,1,0,0,1
2021-06-27 18:45:35,0,0,0,0
2021-06-27 18:45:43,0,0,0,0
2021-06-27 18:45:53,1,0,0,1
2021-06-27 18:45:56,20,1,2,23
2021-06-27 18:46:09,0,0,0,0
2021-06-27 18:46:26,1,1,0,2
2021-06-27 18:46:38,1,0,0,1
2021-06-27 18:46:43,3,0,0,3
2021-06-27 18:46:48,0,0,0,0
2021-06-27 18:46:59,1,0,0,1
2021-06-27 18:47:33,0,0,0,0
2021-06-27 18:47:47,1,0,0,1
2021-06-27 18:48:07,8,0,2,10
2021-06-27 18:48:16,0,0,0,0
2021-06-27 18:48:20,0,0,0,0
2021-06-27 18:48:28,0,0,0,0
2021-06-27 18:48:32,35,1,21,57
2021-06-27 18:48:40,0,0,0,0
2021-06-27 18:48:59,0,0,0,0
2021-06-27 18:49:08,0,0,0,0
2021-06-27 18:49:16,1,0,0,1
2021-06-27 18:49:19,4,0,0,4
2021-06-27 18:49:34,2,0,0,2
2021-06-27 18:49:45,6,0,1,7
2021-06-27 18:49:46,1,0,1,2
2021-06-27 18:50:05,7,0,0,7
2021-06-27 18:50:14,14,0,6,20
2021-06-27 18:50:39,0,0,0,0
2021-06-27 18:50:45,0,0,0,0
2021-06-27 18:50:50,2,0,0,2
2021-06-27 18:51:12,1,0,0,1
2021-06-27 18:51:22,2,0,0,2
2021-06-27 18:51:52,3,0,1,4
2021-06-27 18:51:57,6,1,4,11
2021-06-27 18:51:59,1,0,0,1
2021-06-27 18:52:06,0,0,0,0
2021-06-27 18:52:39,1,0,0,1
2021-06-27 18:53:08,0,0,0,0
2021-06-27 18:53:36,1,0,0,1
2021-06-27 18:53:37,4,0,4,8
2021-06-27 18:53:46,5,0,2,7
2021-06-27 18:54:16,1,0,0,1
2021-06-27 18:54:19,3,0,2,5
2021-06-27 18:54:39,0,0,0,0
2021-06-27 18:54:55,2,0,0,2
2021-06-27 18:55:18,2,0,0,2
2021-06-27 18:55:32,2,0,0,2
2021-06-27 18:55:42,1,0,0,1
2021-06-27 18:55:45,5,1,1,7
2021-06-27 18:55:53,0,0,0,0
2021-06-27 18:55:57,7,0,4,11
2021-06-27 18:56:18,3,0,0,3
2021-06-27 18:56:25,2,0,0,2
2021-06-27 18:56:37,2,0,0,2
2021-06-27 18:56:41,1,0,0,1
2021-06-27 18:56:47,5,0,1,6
2021-06-27 18:56:51,1,0,0,1
2021-06-27 18:57:56,1,0,0,1
2021-06-27 18:57:59,1,0,0,1
2021-06-27 18:58:24,0,0,0,0
2021-06-27 18:58:45,2,0,0,2
2021-06-27 18:59:01,0,0,0,0
2021-06-27 18:59:08,1,1,0,2
2021-06-27 18:59:13,0,0,0,0
2021-06-27 18:59:14,2,0,0,2
2021-06-27 18:59:15,0,0,0,0
2021-06-27 18:59:29,4,0,3,7
2021-06-27 18:59:30,1,1,0,2
2021-06-27 18:59:51,1,1,0,2
2021-06-27 19:00:17,1,1,0,2
2021-06-27 19:00:25,3,0,0,3
2021-06-27 19:00:41,3,0,0,3
2021-06-27 19:00:44,5,0,2,7
2021-06-27 19:00:48,0,0,0,0
2021-06-27 19:01:06,2,1,0,3
2021-06-27 19:01:15,8,1,0,9
2021-06-27 19:01:17,0,0,0,0
2021-06-27 19:01:37,0,0,0,0
2021-06-27 19:02:24,0,0,0,0
2021-06-27 19:02:44,6,1,2,9
2021-06-27 19:02:51,1,0,0,1
2021-06-27 19:02:55,17,0,3,20
2021-06-27 19:03:01,0,0,0,0
2021-06-27 19:03:06,6,1,0,7
2021-06-27 19:03:08,0,0,0,0
2021-06-27 19:03:17,2,0,0,2
2021-06-27 19:03:20,0,0,0,0
2021-06-27 19:03:22,3,0,1,4
2021-06-27 19:03:36,0,0,0,0
2021-06-27 19:03:59,0,0,0,0
2021-06-27 19:05:20,1,0,1,2
2021-06-27 19:05:30,4,0,0,4
2021-06-27 19:05:34,0,0,0,0
2021-06-27 19:05:54,0,0,0,0
2021-06-27 19:05:58,0,0,0,0
2021-06-27 19:06:06,0,0,0,0
2021-06-27 19:06:09,0,0,0,0
2021-06-27 19:06:14,2,1,1,4
2021-06-27 19:06:24,0,0,0,0
2021-06-27 19:06:29,1,0,0,1
2021-06-27 19:06:32,2,0,0,2
2021-06-27 19:06:33,0,0,0,0
2021-06-27 19:06:47,0,0,0,0
2021-06-27 19:06:48,1,0,1,2
2021-06-27 19:06:58,2,1,0,3
2021-06-27 19:07:15,28,2,4,34
2021-06-27 19:07:16,0,0,0,0
2021-06-27 19:07:27,0,0,0,0
2021-06-27 19:07:40,0,0,0,0
2021-06-27 19:07:49,0,0,0,0
2021-06-27 19:07:57,0,0,0,0
2021-06-27 19:08:17,7,0,1,8
2021-06-27 19:08:23,0,0,0,0
2021-06-27 19:08:33,0,0,0,0
2021-06-27 19:08:44,2,0,3,5
2021-06-27 19:09:08,0,0,0,0
2021-06-27 19:09:21,0,0,0,0
2021-06-27 19:09:27,1,0,0,1
2021-06-27 19:09:34,1,0,0,1
2021-06-27 19:09:35,0,0,0,0
2021-06-27 19:09:38,0,0,0,0
2021-06-27 19:09:45,0,0,0,0
2021-06-27 19:09:56,0,0,0,0
2021-06-27 19:10:11,0,0,0,0
2021-06-27 19:10:28,0,0,0,0
2021-06-27 19:10:33,3,0,0,3
2021-06-27 19:10:52,0,1,0,1
2021-06-27 19:11:12,0,0,0,0
2021-06-27 19:11:25,0,0,0,0
2021-06-27 19:11:30,0,0,0,0
2021-06-27 19:11:38,0,0,0,0
2021-06-27 19:11:41,0,0,0,0
2021-06-27 19:11:45,0,0,0,0
2021-06-27 19:11:54,0,0,0,0
2021-06-27 19:12:06,3,0,1,4
2021-06-27 19:12:07,0,0,0,0
2021-06-27 19:12:15,0,0,0,0
2021-06-27 19:12:21,4,1,0,5
2021-06-27 19:12:23,3,1,1,5
2021-06-27 19:12:25,1,1,0,2
2021-06-27 19:12:30,0,0,0,0
2021-06-27 19:12:44,0,0,0,0
2021-06-27 19:13:00,1,1,0,2
2021-06-27 19:13:03,0,0,0,0
2021-06-27 19:13:08,1,0,0,1
2021-06-27 19:13:19,0,0,0,0
2021-06-27 19:13:22,0,0,0,0
2021-06-27 19:13:24,1,0,0,1
2021-06-27 19:13:43,0,0,0,0
2021-06-27 19:13:45,23,0,9,32
2021-06-27 19:13:59,0,0,0,0
2021-06-27 19:14:16,2,0,0,2
2021-06-27 19:14:18,0,0,0,0
2021-06-27 19:14:33,2,0,1,3
2021-06-27 19:14:45,50,5,12,67
2021-06-27 19:14:57,0,0,0,0
2021-06-27 19:15:07,0,0,0,0
2021-06-27 19:15:15,2,0,1,3
2021-06-27 19:15:23,1,0,0,1
2021-06-27 19:15:45,0,0,0,0
2021-06-27 19:15:55,0,0,0,0
2021-06-27 19:16:06,0,0,0,0
2021-06-27 19:16:15,0,0,0,0
2021-06-27 19:16:30,0,0,0,0
2021-06-27 19:16:44,1,0,0,1
2021-06-27 19:16:50,0,0,0,0
2021-06-27 19:17:03,0,0,0,0
2021-06-27 19:17:39,3,0,1,4
2021-06-27 19:17:42,0,0,0,0
2021-06-27 19:17:54,0,1,1,2
2021-06-27 19:18:06,0,0,0,0
2021-06-27 19:19:00,0,0,0,0
2021-06-27 19:19:10,2,0,1,3
2021-06-27 19:19:11,0,0,0,0
2021-06-27 19:19:29,0,0,0,0
2021-06-27 19:20:20,1,0,1,2
2021-06-27 19:20:57,1,0,1,2
2021-06-27 19:21:00,4,1,0,5
2021-06-27 19:21:14,4,0,0,4
2021-06-27 19:21:20,2,0,1,3
2021-06-27 19:21:23,1,0,1,2
2021-06-27 19:21:40,0,0,0,0
2021-06-27 19:22:07,3,0,2,5
2021-06-27 19:22:14,0,1,1,2
2021-06-27 19:22:22,0,1,1,2
2021-06-27 19:22:39,0,0,0,0
2021-06-27 19:22:44,0,0,0,0
2021-06-27 19:22:56,0,0,0,0
2021-06-27 19:24:18,0,0,1,1
2021-06-27 19:24:30,0,0,0,0
2021-06-27 19:24:37,0,0,0,0
2021-06-27 19:24:48,3,0,0,3
2021-06-27 19:25:01,0,0,0,0
2021-06-27 19:25:32,0,0,0,0
2021-06-27 19:25:55,263,7,94,364
2021-06-27 19:26:09,1,1,0,2
2021-06-27 19:26:12,0,0,0,0
2021-06-27 19:26:15,7,0,1,8
2021-06-27 19:26:27,0,0,0,0
2021-06-27 19:26:33,0,0,0,0
2021-06-27 19:26:39,1,0,0,1
2021-06-27 19:26:45,0,0,0,0
2021-06-27 19:26:55,0,0,0,0
2021-06-27 19:27:00,6,0,2,8
2021-06-27 19:27:01,0,0,0,0
2021-06-27 19:27:06,0,0,0,0
2021-06-27 19:27:11,0,0,0,0
2021-06-27 19:27:16,8,2,0,10
2021-06-27 19:27:17,0,0,0,0
2021-06-27 19:27:22,0,0,0,0
2021-06-27 19:27:28,0,0,0,0
2021-06-27 19:27:34,0,0,0,0
2021-06-27 19:27:40,0,0,0,0
2021-06-27 19:27:46,0,0,0,0
2021-06-27 19:27:52,0,0,0,0
2021-06-27 19:27:56,1,0,0,1
2021-06-27 19:27:58,0,0,0,0
2021-06-27 19:27:59,1418,22,262,1702
2021-06-27 19:28:00,0,0,0,0
2021-06-27 19:28:04,7,4,1,12
2021-06-27 19:28:10,0,0,0,0
2021-06-27 19:28:16,0,0,0,0
2021-06-27 19:28:22,1,0,0,1
2021-06-27 19:28:27,1,0,0,1
2021-06-27 19:28:51,1,0,0,1
2021-06-27 19:28:53,0,0,0,0
2021-06-27 19:29:05,5,0,0,5
2021-06-27 19:29:16,0,0,0,0
2021-06-27 19:29:25,78,1,23,102
2021-06-27 19:30:00,1,0,0,1
2021-06-27 19:30:02,12,0,6,18
2021-06-27 19:30:27,4,0,0,4
2021-06-27 19:30:36,1,0,1,2
2021-06-27 19:30:37,9,2,2,13
2021-06-27 19:31:11,2,0,1,3
2021-06-27 19:31:26,1,0,0,1
2021-06-27 19:32:02,81,4,28,113
2021-06-27 19:32:09,0,0,0,0
2021-06-27 19:32:10,0,0,0,0
2021-06-27 19:32:11,3,0,2,5
2021-06-27 19:32:49,6,0,1,7
2021-06-27 19:33:08,1,0,1,2
2021-06-27 19:33:21,0,0,0,0
2021-06-27 19:33:22,1,0,1,2
2021-06-27 19:33:29,0,0,0,0
2021-06-27 19:33:32,264,10,48,322
2021-06-27 19:33:35,0,0,0,0
2021-06-27 19:33:42,0,0,0,0
2021-06-27 19:33:44,26,0,12,38
2021-06-27 19:33:49,55,8,14,77
2021-06-27 19:33:52,1,0,0,1
2021-06-27 19:33:56,3,0,1,4
2021-06-27 19:34:09,0,0,0,0
2021-06-27 19:34:25,1,0,0,1
2021-06-27 19:34:56,0,1,1,2
2021-06-27 19:35:06,0,0,0,0
2021-06-27 19:35:11,0,0,0,0
2021-06-27 19:35:17,1,1,0,2
2021-06-27 19:35:19,0,0,0,0
2021-06-27 19:35:21,1,0,1,2
2021-06-27 19:36:07,6,1,3,10
2021-06-27 19:36:25,0,0,0,0
2021-06-27 19:36:31,1,0,0,1
2021-06-27 19:36:35,0,0,0,0
2021-06-27 19:36:37,4,1,0,5
2021-06-27 19:36:49,0,0,0,0
2021-06-27 19:36:56,0,0,0,0
2021-06-27 19:37:21,1,0,0,1
2021-06-27 19:37:27,0,0,0,0
2021-06-27 19:37:28,2,0,2,4
2021-06-27 19:37:29,1,0,0,1
2021-06-27 19:37:46,0,0,0,0
2021-06-27 19:38:16,7,2,0,9
2021-06-27 19:39:21,0,0,0,0
2021-06-27 19:39:25,0,0,0,0
2021-06-27 19:39:58,1,0,0,1
2021-06-27 19:40:13,0,0,0,0
2021-06-27 19:40:16,4,0,0,4
2021-06-27 19:40:34,0,0,0,0
2021-06-27 19:40:45,1,1,0,2
2021-06-27 19:40:56,1,0,0,1
2021-06-27 19:41:07,2,1,2,5
2021-06-27 19:41:18,1,0,1,2
2021-06-27 19:41:30,2,0,0,2
2021-06-27 19:41:39,0,0,0,0
2021-06-27 19:41:47,0,0,0,0
2021-06-27 19:42:12,12,0,3,15
2021-06-27 19:42:16,2,0,0,2
2021-06-27 19:42:17,5,1,2,8
2021-06-27 19:42:33,0,0,0,0
2021-06-27 19:42:44,0,0,0,0
2021-06-27 19:43:00,0,0,0,0
2021-06-27 19:43:09,0,0,0,0
2021-06-27 19:43:21,0,0,0,0
2021-06-27 19:43:24,1,0,0,1
2021-06-27 19:43:39,1,0,0,1
2021-06-27 19:43:46,5,0,0,5
2021-06-27 19:44:05,2,0,0,2
2021-06-27 19:44:22,0,0,0,0
2021-06-27 19:44:29,3,0,0,3
2021-06-27 19:44:33,0,0,0,0
2021-06-27 19:44:58,2,0,0,2
2021-06-27 19:45:04,0,0,0,0
2021-06-27 19:45:17,2,1,0,3
2021-06-27 19:45:19,5,1,1,7
2021-06-27 19:45:34,0,0,0,0
2021-06-27 19:45:39,3,0,0,3
2021-06-27 19:45:45,0,0,0,0
2021-06-27 19:45:54,1,0,0,1
2021-06-27 19:46:17,2,0,0,2
2021-06-27 19:46:35,1,0,0,1
2021-06-27 19:46:36,3,0,1,4
2021-06-27 19:47:10,3,0,0,3
2021-06-27 19:47:15,2,0,0,2
2021-06-27 19:47:36,1,0,0,1
2021-06-27 19:47:47,0,0,0,0
2021-06-27 19:48:11,0,0,0,0
2021-06-27 19:48:26,0,0,0,0
2021-06-27 19:49:13,0,0,0,0
2021-06-27 19:49:23,2,0,0,2
2021-06-27 19:49:33,7,1,0,8
2021-06-27 19:49:40,5,0,0,5
2021-06-27 19:50:08,1,0,0,1
2021-06-27 19:50:13,1,1,0,2
2021-06-27 19:50:42,2,0,0,2
2021-06-27 19:51:17,6,0,2,8
2021-06-27 19:51:26,12,0,2,14
2021-06-27 19:51:58,1,0,0,1
2021-06-27 19:52:34,1,0,0,1
2021-06-27 19:52:47,2,1,0,3
2021-06-27 19:52:48,2,0,0,2
2021-06-27 19:52:53,1,0,0,1
2021-06-27 19:52:55,0,0,0,0
2021-06-27 19:52:59,1,0,1,2
2021-06-27 19:53:08,2,0,0,2
2021-06-27 19:53:09,1,0,0,1
2021-06-27 19:53:17,1,0,0,1
2021-06-27 19:53:19,3,0,0,3
2021-06-27 19:53:33,2,0,0,2
2021-06-27 19:54:40,1,0,0,1
2021-06-27 19:54:47,1,0,0,1
2021-06-27 19:55:14,0,0,0,0
2021-06-27 19:55:23,1,0,0,1
2021-06-27 19:55:41,2,0,0,2
2021-06-27 19:55:46,1,0,0,1
2021-06-27 19:55:49,0,0,0,0
2021-06-27 19:56:03,0,0,0,0
2021-06-27 19:56:16,2,0,1,3
2021-06-27 19:56:22,18,1,8,27
2021-06-27 19:57:07,0,0,0,0
2021-06-27 19:57:09,0,0,0,0
2021-06-27 19:57:12,2,0,0,2
2021-06-27 19:57:42,1,0,0,1
2021-06-27 19:58:16,0,0,0,0
2021-06-27 19:58:23,1,0,0,1
2021-06-27 19:58:24,0,0,0,0
2021-06-27 19:58:36,3,0,1,4
2021-06-27 19:59:03,1,0,0,1
2021-06-27 19:59:23,1,0,2,3
2021-06-27 19:59:28,1,0,0,1
2021-06-27 19:59:32,0,0,0,0
2021-06-27 19:59:35,0,0,0,0
2021-06-27 19:59:38,0,0,0,0
2021-06-27 19:59:40,1,0,0,1
2021-06-27 20:00:27,0,0,0,0
2021-06-27 20:00:28,0,0,0,0
2021-06-27 20:00:31,1,0,1,2
2021-06-27 20:00:55,2,0,0,2
2021-06-27 20:01:09,3,0,0,3
2021-06-27 20:01:28,2,0,1,3
2021-06-27 20:01:48,3,0,0,3
2021-06-27 20:01:58,0,0,0,0
2021-06-27 20:02:23,4,0,1,5
2021-06-27 20:02:32,6,0,2,8
2021-06-27 20:03:17,2,0,0,2
2021-06-27 20:04:11,3,0,0,3
2021-06-27 20:04:27,2,0,0,2
2021-06-27 20:04:30,0,0,0,0
2021-06-27 20:04:47,0,0,0,0
2021-06-27 20:05:04,0,0,0,0
2021-06-27 20:05:19,1,0,1,2
2021-06-27 20:05:34,0,0,0,0
2021-06-27 20:05:40,0,0,0,0
2021-06-27 20:05:50,1,0,0,1
2021-06-27 20:05:51,0,0,0,0
2021-06-27 20:05:58,0,0,0,0
2021-06-27 20:06:22,8,0,0,8
2021-06-27 20:06:50,79,1,22,102
2021-06-27 20:06:56,2,0,0,2
2021-06-27 20:07:10,0,0,0,0
2021-06-27 20:07:19,0,0,0,0
2021-06-27 20:07:54,0,0,0,0
2021-06-27 20:08:03,2,1,0,3
2021-06-27 20:08:22,5,0,2,7
2021-06-27 20:08:34,3,0,0,3
2021-06-27 20:08:49,0,1,0,1
2021-06-27 20:08:55,0,0,0,0
2021-06-27 20:09:01,0,0,0,0
2021-06-27 20:09:21,2,1,1,4
2021-06-27 20:09:23,1,0,0,1
2021-06-27 20:09:35,0,0,0,0
2021-06-27 20:09:54,0,0,0,0
2021-06-27 20:09:59,1,0,1,2
2021-06-27 20:10:03,0,0,0,0
2021-06-27 20:10:40,0,0,1,1
2021-06-27 20:10:44,0,0,0,0
2021-06-27 20:11:08,2,0,0,2
2021-06-27 20:11:21,0,0,0,0
2021-06-27 20:12:11,0,0,0,0
2021-06-27 20:12:17,0,0,1,1
2021-06-27 20:12:34,1,0,0,1
2021-06-27 20:12:44,23,2,6,31
2021-06-27 20:12:55,1,0,1,2
2021-06-27 20:13:06,0,0,0,0
2021-06-27 20:13:08,0,0,0,0
2021-06-27 20:13:25,0,0,0,0
2021-06-27 20:13:32,0,1,0,1
2021-06-27 20:13:45,0,0,0,0
2021-06-27 20:13:49,4,0,2,6
2021-06-27 20:13:58,1,0,0,1
2021-06-27 20:13:59,1,0,1,2
2021-06-27 20:14:18,3,0,0,3
2021-06-27 20:14:43,0,0,0,0
2021-06-27 20:15:11,0,0,0,0
2021-06-27 20:15:14,3,0,0,3
2021-06-27 20:15:42,1,0,0,1
2021-06-27 20:16:43,1,0,0,1
2021-06-27 20:16:49,0,0,0,0
2021-06-27 20:16:51,0,0,0,0
2021-06-27 20:16:55,5,1,0,6
2021-06-27 20:17:09,5,0,0,5
2021-06-27 20:17:31,0,0,0,0
2021-06-27 20:17:33,0,0,0,0
2021-06-27 20:17:39,5,2,0,7
2021-06-27 20:17:49,4,0,0,4
2021-06-27 20:18:48,0,0,0,0
2021-06-27 20:19:13,0,0,0,0
2021-06-27 20:19:53,1,0,0,1
2021-06-27 20:20:01,1,0,1,2
2021-06-27 20:20:09,0,0,0,0
2021-06-27 20:20:30,0,0,0,0
2021-06-27 20:20:36,2,0,0,2
2021-06-27 20:20:37,0,0,0,0
2021-06-27 20:20:47,1,0,0,1
2021-06-27 20:20:50,0,0,0,0
2021-06-27 20:21:18,1,0,0,1
2021-06-27 20:22:14,2,0,0,2
2021-06-27 20:22:21,3,0,0,3
2021-06-27 20:22:40,8,0,2,10
2021-06-27 20:22:55,0,0,0,0
2021-06-27 20:23:50,0,0,0,0
2021-06-27 20:24:01,0,0,0,0
2021-06-27 20:24:32,1,0,0,1
2021-06-27 20:25:22,1,0,0,1
2021-06-27 20:25:35,0,0,0,0
2021-06-27 20:25:49,13,0,7,20
2021-06-27 20:26:46,8,0,2,10
2021-06-27 20:27:19,0,0,0,0
2021-06-27 20:28:03,4,0,0,4
2021-06-27 20:28:08,0,0,0,0
2021-06-27 20:28:27,2,2,2,6
2021-06-27 20:28:43,2,2,2,6
2021-06-27 20:28:52,1,0,0,1
2021-06-27 20:29:15,1,0,0,1
2021-06-27 20:29:27,0,0,0,0
2021-06-27 20:29:29,1,0,0,1
2021-06-27 20:29:53,3,0,1,4
2021-06-27 20:30:09,0,0,0,0
2021-06-27 20:31:34,18,0,0,18
2021-06-27 20:31:39,1,0,1,2
2021-06-27 20:31:56,31,4,5,40
2021-06-27 20:32:20,1,0,1,2
2021-06-27 20:32:53,0,0,0,0
2021-06-27 20:33:23,6,1,2,9
2021-06-27 20:34:15,0,0,0,0
2021-06-27 20:34:32,0,0,0,0
2021-06-27 20:34:41,0,0,0,0
2021-06-27 20:34:56,1,0,3,4
2021-06-27 20:35:15,1,0,0,1
2021-06-27 20:35:19,0,0,0,0
2021-06-27 20:35:39,0,0,0,0
2021-06-27 20:37:02,0,0,0,0
2021-06-27 20:37:25,0,0,0,0
2021-06-27 20:37:46,1,1,0,2
2021-06-27 20:38:14,1,0,0,1
2021-06-27 20:38:54,1,0,0,1
2021-06-27 20:39:01,0,0,0,0
2021-06-27 20:39:26,0,0,0,0
2021-06-27 20:39:45,3,0,0,3
2021-06-27 20:39:48,0,1,0,1
2021-06-27 20:39:51,0,1,0,1
2021-06-27 20:40:03,0,0,0,0
2021-06-27 20:40:18,6,0,1,7
2021-06-27 20:40:30,3,0,1,4
2021-06-27 20:40:45,1,1,0,2
2021-06-27 20:40:48,2,1,0,3
2021-06-27 20:40:58,0,0,0,0
2021-06-27 20:42:04,0,0,0,0
2021-06-27 20:42:29,0,0,0,0
2021-06-27 20:43:02,4,0,2,6
2021-06-27 20:43:11,0,0,0,0
2021-06-27 20:43:18,0,0,0,0
2021-06-27 20:43:26,2,1,1,4
2021-06-27 20:43:46,2,0,0,2
2021-06-27 20:43:50,11,2,4,17
2021-06-27 20:43:55,0,0,0,0
2021-06-27 20:44:01,0,0,0,0
2021-06-27 20:44:02,12,0,5,17
2021-06-27 20:44:07,7,2,3,12
2021-06-27 20:44:13,1,0,0,1
2021-06-27 20:44:46,0,0,0,0
2021-06-27 20:45:40,0,0,0,0
2021-06-27 20:45:46,0,0,0,0
2021-06-27 20:45:49,0,0,0,0
2021-06-27 20:46:04,2,6,0,8
2021-06-27 20:46:07,0,0,0,0
2021-06-27 20:46:19,2,0,1,3
2021-06-27 20:46:30,540,9,133,682
2021-06-27 20:46:33,1,0,0,1
2021-06-27 20:47:09,1,0,0,1
2021-06-27 20:48:39,2,2,0,4
2021-06-27 20:48:42,1,0,0,1
2021-06-27 20:48:55,1,0,0,1
2021-06-27 20:49:17,0,0,0,0
2021-06-27 20:49:21,5,0,1,6
2021-06-27 20:49:30,2,0,1,3
2021-06-27 20:49:55,3,1,1,5
2021-06-27 20:50:06,0,0,0,0
2021-06-27 20:50:16,7,0,3,10
2021-06-27 20:50:59,1,1,0,2
2021-06-27 20:51:13,1,0,0,1
2021-06-27 20:51:27,1,0,0,1
2021-06-27 20:51:34,0,0,0,0
2021-06-27 20:51:40,3,2,0,5
2021-06-27 20:51:44,0,0,0,0
2021-06-27 20:51:45,0,0,0,0
2021-06-27 20:51:59,1,1,1,3
2021-06-27 20:52:06,5,0,1,6
2021-06-27 20:52:12,0,0,0,0
2021-06-27 20:52:13,1,0,0,1
2021-06-27 20:52:21,0,0,0,0
2021-06-27 20:52:29,0,0,0,0
2021-06-27 20:52:36,1,0,0,1
2021-06-27 20:53:05,0,0,0,0
2021-06-27 20:53:13,23,0,7,30
2021-06-27 20:54:32,1,0,0,1
2021-06-27 20:54:34,2,0,0,2
2021-06-27 20:55:18,0,0,0,0
2021-06-27 20:55:23,5,0,0,5
2021-06-27 20:55:30,0,0,0,0
2021-06-27 20:55:40,0,0,0,0
2021-06-27 20:55:41,0,0,0,0
2021-06-27 20:55:49,0,0,1,1
2021-06-27 20:55:57,0,0,0,0
2021-06-27 20:56:08,2,0,0,2
2021-06-27 20:56:29,1,0,0,1
2021-06-27 20:56:32,0,0,0,0
2021-06-27 20:56:39,0,0,0,0
2021-06-27 20:56:40,3,0,0,3
2021-06-27 20:56:41,2,0,2,4
2021-06-27 20:57:09,1,1,0,2
2021-06-27 20:57:15,0,0,0,0
2021-06-27 20:57:23,0,0,1,1
2021-06-27 20:57:30,0,0,1,1
2021-06-27 20:57:32,3,0,3,6
2021-06-27 20:57:42,0,0,1,1
2021-06-27 20:57:53,0,0,1,1
2021-06-27 20:57:58,2,0,1,3
2021-06-27 20:58:05,1,0,0,1
2021-06-27 20:58:14,0,0,0,0
2021-06-27 20:58:24,2,0,0,2
2021-06-27 20:58:34,0,0,0,0
2021-06-27 20:58:40,3,0,2,5
2021-06-27 20:58:46,560,12,150,722
2021-06-27 20:58:59,0,0,0,0
2021-06-27 20:59:15,17,0,8,25
2021-06-27 21:00:31,44,3,16,63
2021-06-27 21:00:33,2,0,0,2
2021-06-27 21:00:40,2,0,0,2
2021-06-27 21:01:36,0,0,0,0
2021-06-27 21:01:45,0,0,0,0
2021-06-27 21:03:08,1,0,0,1
2021-06-27 21:03:11,0,0,0,0
2021-06-27 21:03:15,20,0,4,24
2021-06-27 21:03:29,8,0,4,12
2021-06-27 21:03:47,8,0,1,9
2021-06-27 21:04:01,24,1,7,32
2021-06-27 21:04:37,3,0,0,3
2021-06-27 21:05:13,1,1,1,3
2021-06-27 21:05:26,2,0,0,2
2021-06-27 21:05:36,5,0,0,5
2021-06-27 21:05:44,1,0,0,1
2021-06-27 21:06:48,51,5,7,63
2021-06-27 21:06:52,2,0,0,2
2021-06-27 21:07:47,179,2,48,229
2021-06-27 21:07:54,1,0,0,1
2021-06-27 21:08:47,17,0,3,20
2021-06-27 21:09:05,1,0,2,3
2021-06-27 21:09:27,2,2,2,6
2021-06-27 21:09:33,3,0,1,4
2021-06-27 21:09:37,2,0,0,2
2021-06-27 21:09:43,6,0,4,10
2021-06-27 21:09:55,6,0,0,6
2021-06-27 21:10:19,2,2,2,6
2021-06-27 21:11:14,0,0,0,0
2021-06-27 21:11:27,2,0,1,3
2021-06-27 21:11:34,0,0,0,0
2021-06-27 21:12:02,0,0,0,0
2021-06-27 21:12:17,0,0,0,0
2021-06-27 21:12:41,2,0,1,3
2021-06-27 21:12:42,0,0,0,0
2021-06-27 21:12:56,16,3,5,24
2021-06-27 21:13:04,6,0,2,8
2021-06-27 21:13:05,0,0,0,0
2021-06-27 21:13:31,261,3,51,315
2021-06-27 21:13:36,1,0,1,2
2021-06-27 21:14:11,5,0,1,6
2021-06-27 21:14:15,15,0,4,19
2021-06-27 21:14:18,0,0,0,0
2021-06-27 21:14:55,582,12,70,664
2021-06-27 21:15:06,1,0,0,1
2021-06-27 21:15:48,0,0,0,0
2021-06-27 21:15:50,1,0,0,1
2021-06-27 21:16:02,0,0,0,0
2021-06-27 21:16:15,1,0,0,1
2021-06-27 21:16:29,1,0,0,1
2021-06-27 21:16:37,16,0,4,20
2021-06-27 21:16:45,0,0,0,0
2021-06-27 21:17:16,0,0,0,0
2021-06-27 21:17:21,1,1,0,2
2021-06-27 21:17:29,0,0,0,0
2021-06-27 21:17:33,9,0,2,11
2021-06-27 21:17:47,9,0,1,10
2021-06-27 21:17:54,0,0,0,0
2021-06-27 21:18:07,0,0,0,0
2021-06-27 21:18:10,46,0,21,67
2021-06-27 21:18:16,0,0,0,0
2021-06-27 21:18:22,0,0,0,0
2021-06-27 21:18:36,0,0,0,0
2021-06-27 21:18:55,1,0,1,2
2021-06-27 21:19:08,0,0,0,0
2021-06-27 21:19:09,0,0,0,0
2021-06-27 21:19:23,3,1,1,5
2021-06-27 21:19:57,2,0,0,2
2021-06-27 21:20:07,2,0,0,2
2021-06-27 21:20:11,4,0,2,6
2021-06-27 21:20:15,0,0,0,0
2021-06-27 21:20:18,4,0,0,4
2021-06-27 21:20:25,0,0,0,0
2021-06-27 21:20:47,0,0,0,0
2021-06-27 21:21:05,1,0,0,1
2021-06-27 21:21:14,1,0,1,2
2021-06-27 21:21:28,1,0,0,1
2021-06-27 21:21:37,0,0,0,0
2021-06-27 21:22:12,2,0,0,2
2021-06-27 21:22:15,2,0,1,3
2021-06-27 21:22:21,1,0,0,1
2021-06-27 21:22:40,0,0,0,0
2021-06-27 21:22:45,22,0,3,25
2021-06-27 21:23:09,2,0,0,2
2021-06-27 21:23:11,2,1,0,3
2021-06-27 21:23:29,0,0,0,0
2021-06-27 21:23:33,2,1,0,3
2021-06-27 21:23:43,9,0,0,9
2021-06-27 21:23:46,5,1,0,6
2021-06-27 21:23:50,2,0,0,2
2021-06-27 21:24:24,2,0,0,2
2021-06-27 21:24:52,0,0,0,0
2021-06-27 21:25:03,3,1,0,4
2021-06-27 21:25:06,0,0,0,0
2021-06-27 21:25:33,5,0,2,7
2021-06-27 21:25:49,0,0,0,0
2021-06-27 21:26:45,0,0,0,0
2021-06-27 21:27:09,0,0,0,0
2021-06-27 21:28:24,1,0,1,2
2021-06-27 21:29:03,2,0,2,4
2021-06-27 21:29:12,3,1,0,4
2021-06-27 21:29:27,0,0,0,0
2021-06-27 21:29:35,1,0,0,1
2021-06-27 21:29:52,3,0,2,5
2021-06-27 21:29:56,2,0,0,2
2021-06-27 21:30:38,1,0,0,1
2021-06-27 21:31:07,3,0,1,4
2021-06-27 21:32:07,0,0,0,0
2021-06-27 21:32:13,0,0,0,0
2021-06-27 21:32:23,0,0,0,0
2021-06-27 21:32:36,2,0,0,2
2021-06-27 21:32:41,0,0,0,0
2021-06-27 21:32:52,1,0,0,1
2021-06-27 21:33:19,0,0,0,0
2021-06-27 21:33:42,4,0,1,5
2021-06-27 21:34:04,6,0,2,8
2021-06-27 21:34:23,1,0,0,1
2021-06-27 21:34:25,3,0,0,3
2021-06-27 21:34:56,49,0,11,60
2021-06-27 21:35:18,2,0,0,2
2021-06-27 21:35:21,5,0,2,7
2021-06-27 21:35:37,31,0,9,40
2021-06-27 21:35:57,1,0,0,1
2021-06-27 21:36:01,1,0,1,2
2021-06-27 21:36:27,0,0,0,0
2021-06-27 21:36:37,1,0,0,1
2021-06-27 21:37:13,0,0,0,0
2021-06-27 21:37:25,1,0,0,1
2021-06-27 21:37:37,2,0,1,3
2021-06-27 21:38:15,5,0,0,5
2021-06-27 21:38:43,1,0,0,1
2021-06-27 21:38:58,1,0,0,1
2021-06-27 21:38:59,5,0,0,5
2021-06-27 21:39:02,2,0,1,3
2021-06-27 21:39:13,19,2,4,25
2021-06-27 21:39:28,1,0,0,1
2021-06-27 21:39:38,1,0,0,1
2021-06-27 21:40:36,3,0,0,3
2021-06-27 21:40:38,2,0,1,3
2021-06-27 21:40:47,1,0,0,1
2021-06-27 21:40:55,0,0,0,0
2021-06-27 21:41:00,2,0,1,3
2021-06-27 21:41:21,2,0,0,2
2021-06-27 21:41:22,2,0,1,3
2021-06-27 21:41:50,1,0,1,2
2021-06-27 21:41:53,2,0,0,2
2021-06-27 21:42:22,0,0,0,0
2021-06-27 21:42:26,2,0,1,3
2021-06-27 21:42:28,5,0,0,5
2021-06-27 21:42:40,0,0,0,0
2021-06-27 21:42:56,1,0,1,2
2021-06-27 21:43:09,1,0,1,2
2021-06-27 21:43:16,10,0,4,14
2021-06-27 21:43:33,3,0,1,4
2021-06-27 21:43:38,2,0,0,2
2021-06-27 21:43:49,3,0,0,3
2021-06-27 21:43:56,1,0,0,1
2021-06-27 21:43:57,3,0,1,4
2021-06-27 21:44:11,8,0,1,9
2021-06-27 21:44:36,2,0,1,3
2021-06-27 21:44:41,5,0,1,6
2021-06-27 21:44:42,1,0,0,1
2021-06-27 21:44:53,1,0,0,1
2021-06-27 21:45:18,6,0,0,6
2021-06-27 21:45:47,2,0,0,2
2021-06-27 21:45:52,1,0,0,1
2021-06-27 21:45:55,2,0,0,2
2021-06-27 21:46:20,2,0,0,2
2021-06-27 21:46:21,4,0,1,5
2021-06-27 21:46:30,1,0,1,2
2021-06-27 21:46:35,1,0,0,1
2021-06-27 21:46:48,0,0,0,0
2021-06-27 21:46:53,3,0,1,4
2021-06-27 21:47:07,3,0,0,3
2021-06-27 21:47:17,4,0,2,6
2021-06-27 21:47:28,3,0,1,4
2021-06-27 21:47:38,1,0,0,1
2021-06-27 21:47:42,4,0,2,6
2021-06-27 21:47:50,2,0,0,2
2021-06-27 21:47:56,1,1,0,2
2021-06-27 21:48:08,0,0,0,0
2021-06-27 21:48:33,2,0,1,3
2021-06-27 21:48:36,78,5,1,84
2021-06-27 21:48:39,2,0,0,2
2021-06-27 21:49:02,5,0,0,5
2021-06-27 21:49:31,0,0,0,0
2021-06-27 21:49:42,1,0,0,1
2021-06-27 21:49:50,2,0,0,2
2021-06-27 21:51:22,0,0,0,0
2021-06-27 21:51:32,1,0,0,1
2021-06-27 21:52:12,0,0,0,0
2021-06-27 21:52:18,2,0,0,2
2021-06-27 21:52:56,1,0,0,1
2021-06-27 21:54:18,22,0,2,24
2021-06-27 21:54:34,41,3,12,56
2021-06-27 21:54:38,0,2,0,2
2021-06-27 21:55:05,0,0,0,0
2021-06-27 21:56:15,8,0,3,11
2021-06-27 21:56:26,1,0,0,1
2021-06-27 21:56:40,4,0,2,6
2021-06-27 21:57:05,0,0,0,0
2021-06-27 21:57:06,0,0,0,0
2021-06-27 21:58:20,8,0,1,9
2021-06-27 21:58:34,2,0,2,4
2021-06-27 21:58:50,11,2,1,14
2021-06-27 22:00:00,0,0,0,0
2021-06-27 22:00:22,4,0,1,5
2021-06-27 22:00:36,3,0,1,4
2021-06-27 22:01:04,2,0,0,2
2021-06-27 22:01:16,1,0,0,1
2021-06-27 22:01:38,1,0,0,1
2021-06-27 22:01:54,1,0,0,1
2021-06-27 22:02:09,8,0,3,11
2021-06-27 22:03:12,4,0,0,4
2021-06-27 22:03:18,1,0,0,1
2021-06-27 22:03:28,1,0,0,1
2021-06-27 22:04:12,4,0,1,5
2021-06-27 22:04:53,1105,2,93,1200
2021-06-27 22:05:02,1,0,0,1
2021-06-27 22:05:38,0,0,0,0
2021-06-27 22:06:04,3,0,0,3
2021-06-27 22:07:04,0,0,0,0
2021-06-27 22:07:15,0,0,0,0
2021-06-27 22:07:27,2,0,0,2
2021-06-27 22:07:36,8,0,1,9
2021-06-27 22:07:40,4,1,1,6
2021-06-27 22:07:49,0,0,0,0
2021-06-27 22:07:51,1,0,0,1
2021-06-27 22:08:15,3,0,0,3
2021-06-27 22:08:33,1,0,1,2
2021-06-27 22:09:24,25,0,7,32
2021-06-27 22:10:38,2,0,0,2
2021-06-27 22:10:40,0,0,0,0
2021-06-27 22:12:39,2,1,1,4
2021-06-27 22:13:01,1,0,0,1
2021-06-27 22:13:14,0,0,0,0
2021-06-27 22:13:43,0,0,0,0
2021-06-27 22:15:31,0,0,0,0
2021-06-27 22:15:32,1,1,0,2
2021-06-27 22:15:49,38,6,9,53
2021-06-27 22:16:51,2,1,1,4
2021-06-27 22:16:53,0,0,0,0
2021-06-27 22:17:03,0,1,0,1
2021-06-27 22:17:17,1,1,0,2
2021-06-27 22:18:14,3,0,0,3
2021-06-27 22:18:26,2,0,0,2
2021-06-27 22:18:36,105,1,35,141
2021-06-27 22:19:07,3,0,1,4
2021-06-27 22:19:14,8,2,3,13
2021-06-27 22:19:39,8,0,4,12
2021-06-27 22:19:43,0,0,0,0
2021-06-27 22:19:47,0,0,0,0
2021-06-27 22:22:44,0,0,0,0
2021-06-27 22:22:59,4,1,0,5
2021-06-27 22:24:04,0,0,0,0
2021-06-27 22:24:21,1,0,1,2
2021-06-27 22:24:30,0,0,0,0
2021-06-27 22:25:06,0,0,0,0
2021-06-27 22:25:20,4,1,1,6
2021-06-27 22:25:40,0,0,0,0
2021-06-27 22:26:48,3,0,1,4
2021-06-27 22:27:01,1,0,0,1
2021-06-27 22:27:04,7,0,2,9
2021-06-27 22:27:14,0,0,0,0
2021-06-27 22:27:45,6,0,2,8
2021-06-27 22:27:58,3,2,2,7
2021-06-27 22:28:59,3,1,0,4
2021-06-27 22:29:09,1,0,0,1
2021-06-27 22:29:28,933,22,135,1090
2021-06-27 22:30:02,0,0,0,0
2021-06-27 22:30:14,2,0,0,2
2021-06-27 22:30:22,0,0,0,0
2021-06-27 22:33:47,1,0,0,1
2021-06-27 22:33:58,4,1,1,6
2021-06-27 22:35:52,0,0,0,0
2021-06-27 22:36:20,34,0,4,38
2021-06-27 22:36:29,0,0,0,0
2021-06-27 22:36:41,0,0,0,0
2021-06-27 22:37:14,1,0,0,1
2021-06-27 22:37:17,1,0,1,2
2021-06-27 22:37:18,0,0,1,1
2021-06-27 22:38:14,0,0,0,0
2021-06-27 22:38:27,0,0,1,1
2021-06-27 22:39:16,0,0,1,1
2021-06-27 22:39:29,0,0,0,0
2021-06-27 22:40:00,0,0,0,0
2021-06-27 22:41:04,0,0,0,0
2021-06-27 22:44:45,3,0,0,3
2021-06-27 22:45:05,1,0,0,1
2021-06-27 22:45:51,3,0,0,3
2021-06-27 22:46:02,0,0,0,0
2021-06-27 22:48:02,0,0,0,0
2021-06-27 22:48:36,1,0,1,2
2021-06-27 22:48:59,0,0,0,0
2021-06-27 22:49:21,1,0,0,1
2021-06-27 22:49:58,1,3,0,4
2021-06-27 22:50:43,2,0,0,2
2021-06-27 22:50:58,0,0,0,0
2021-06-27 22:51:47,0,0,0,0
2021-06-27 22:52:15,0,0,0,0
2021-06-27 22:52:22,0,0,0,0
2021-06-27 22:52:28,9,0,2,11
2021-06-27 22:53:34,1,0,0,1
2021-06-27 22:53:46,0,0,0,0
2021-06-27 22:54:38,0,0,0,0
2021-06-27 22:55:57,1,0,1,2
2021-06-27 22:56:41,3,0,2,5
2021-06-27 22:59:10,33,3,6,42
2021-06-27 22:59:25,3,0,0,3
2021-06-27 22:59:42,278,9,36,323
2021-06-27 23:00:48,0,0,0,0
2021-06-27 23:01:05,4,1,0,5
2021-06-27 23:01:27,0,0,0,0
2021-06-27 23:01:44,4,0,1,5
2021-06-27 23:02:01,0,0,0,0
2021-06-27 23:02:42,0,0,0,0
2021-06-27 23:02:50,0,0,0,0
2021-06-27 23:03:10,1,0,0,1
2021-06-27 23:03:13,1,0,0,1
2021-06-27 23:04:02,0,0,0,0
2021-06-27 23:05:17,0,0,0,0
2021-06-27 23:05:39,24,0,5,29
2021-06-27 23:05:42,2,0,0,2
2021-06-27 23:06:12,0,0,0,0
2021-06-27 23:07:02,1,0,0,1
2021-06-27 23:08:51,0,0,0,0
2021-06-27 23:10:19,2,0,0,2
2021-06-27 23:10:43,4,0,1,5
2021-06-27 23:11:07,0,0,0,0
2021-06-27 23:12:59,1,0,0,1
2021-06-27 23:13:42,0,0,0,0
2021-06-27 23:14:48,3,0,0,3
2021-06-27 23:15:28,0,0,0,0
2021-06-27 23:16:56,0,0,0,0
2021-06-27 23:17:42,1,0,1,2
2021-06-27 23:18:30,0,0,0,0
2021-06-27 23:19:11,6,2,4,12
2021-06-27 23:19:52,4,0,2,6
2021-06-27 23:20:38,11,2,2,15
2021-06-27 23:20:44,0,0,0,0
2021-06-27 23:20:52,3,0,1,4
2021-06-27 23:21:20,0,0,0,0
2021-06-27 23:21:51,1,0,0,1
2021-06-27 23:21:58,1,0,0,1
2021-06-27 23:22:43,1,1,0,2
2021-06-27 23:22:44,1,1,0,2
2021-06-27 23:22:56,2,0,0,2
2021-06-27 23:23:12,1,0,0,1
2021-06-27 23:24:11,18,0,1,19
2021-06-27 23:24:19,1,0,0,1
2021-06-27 23:24:27,177,2,31,210
2021-06-27 23:24:28,1,0,0,1
2021-06-27 23:24:52,6,0,3,9
2021-06-27 23:25:35,0,0,0,0
2021-06-27 23:26:55,2,2,2,6
2021-06-27 23:27:26,0,0,0,0
2021-06-27 23:27:36,1,0,2,3
2021-06-27 23:27:39,0,0,0,0
2021-06-27 23:27:44,8,0,4,12
2021-06-27 23:27:52,1,0,0,1
2021-06-27 23:28:08,2,0,0,2
2021-06-27 23:28:13,0,0,0,0
2021-06-27 23:28:43,8,0,1,9
2021-06-27 23:28:46,0,0,0,0
2021-06-27 23:28:52,0,0,0,0
2021-06-27 23:29:20,0,0,0,0
2021-06-27 23:29:43,1,0,0,1
2021-06-27 23:29:46,0,0,0,0
2021-06-27 23:31:07,0,0,0,0
2021-06-27 23:32:28,60,0,8,68
2021-06-27 23:32:50,0,0,0,0
2021-06-27 23:32:59,8,1,5,14
2021-06-27 23:33:02,18,1,0,19
2021-06-27 23:33:11,0,0,0,0
2021-06-27 23:34:12,0,0,0,0
2021-06-27 23:35:55,2,0,0,2
2021-06-27 23:37:31,3,0,2,5
2021-06-27 23:37:39,3,1,0,4
2021-06-27 23:38:18,0,0,0,0
2021-06-27 23:38:31,0,0,0,0
2021-06-27 23:38:51,2,1,0,3
2021-06-27 23:39:36,0,0,0,0
2021-06-27 23:40:00,54,2,21,77
2021-06-27 23:40:12,0,1,0,1
2021-06-27 23:40:50,0,0,0,0
2021-06-27 23:40:56,0,0,0,0
2021-06-27 23:41:21,0,0,0,0
2021-06-27 23:42:44,1,0,0,1
2021-06-27 23:42:53,0,0,0,0
2021-06-27 23:42:56,1,0,1,2
2021-06-27 23:43:06,0,0,0,0
2021-06-27 23:43:08,1,0,0,1
2021-06-27 23:43:17,0,0,0,0
2021-06-27 23:43:27,0,0,0,0
2021-06-27 23:43:28,0,0,0,0
2021-06-27 23:43:36,0,0,0,0
2021-06-27 23:43:40,0,0,0,0
2021-06-27 23:43:46,0,0,0,0
2021-06-27 23:43:51,0,0,0,0
2021-06-27 23:44:24,0,0,0,0
2021-06-27 23:44:26,0,0,0,0
2021-06-27 23:44:46,0,0,0,0
2021-06-27 23:44:48,0,0,0,0
2021-06-27 23:44:58,0,0,0,0
2021-06-27 23:44:59,1,0,0,1
2021-06-27 23:45:08,2,1,0,3
2021-06-27 23:45:44,0,0,0,0
2021-06-27 23:46:13,0,0,0,0
2021-06-27 23:46:20,2,0,1,3
2021-06-27 23:48:02,3,0,1,4
2021-06-27 23:49:05,0,0,0,0
2021-06-27 23:49:21,7,0,1,8
2021-06-27 23:49:51,26,2,7,35
2021-06-27 23:51:29,1,0,0,1
2021-06-27 23:51:59,0,0,0,0
2021-06-27 23:55:39,0,0,0,0
2021-06-27 23:56:22,0,0,0,0
2021-06-27 23:57:11,2,1,0,3
2021-06-27 23:57:23,7,3,1,11
2021-06-27 23:57:54,0,0,0,0
2021-06-27 23:58:28,48,2,29,79
2021-06-27 23:58:45,2,0,0,2
2021-06-27 23:58:46,1,1,0,2
2021-06-27 23:58:53,7,0,3,10
2021-06-27 23:59:46,0,0,0,0
2021-06-28 00:00:01,15,0,4,19
2021-06-28 00:00:16,1,0,0,1
2021-06-28 00:00:28,5,0,1,6
2021-06-28 00:01:31,35,9,4,48
2021-06-28 00:02:35,3,0,0,3
2021-06-28 00:02:50,4,0,1,5
2021-06-28 00:02:53,2,0,2,4
2021-06-28 00:03:00,1,0,0,1
2021-06-28 00:03:21,0,0,0,0
2021-06-28 00:03:34,0,0,0,0
2021-06-28 00:03:49,0,0,0,0
2021-06-28 00:03:59,1,0,0,1
2021-06-28 00:04:06,0,0,0,0
2021-06-28 00:06:57,0,0,0,0
2021-06-28 00:07:07,22,0,12,34
2021-06-28 00:07:12,1,0,0,1
2021-06-28 00:07:27,1,0,0,1
2021-06-28 00:08:01,0,0,0,0
2021-06-28 00:08:18,0,0,0,0
2021-06-28 00:08:34,0,0,0,0
2021-06-28 00:08:43,1,0,0,1
2021-06-28 00:09:21,2,1,1,4
2021-06-28 00:11:10,0,0,0,0
2021-06-28 00:12:40,0,0,0,0
2021-06-28 00:16:02,1,0,0,1
2021-06-28 00:16:06,0,0,0,0
2021-06-28 00:16:31,0,1,0,1
2021-06-28 00:17:14,0,0,1,1
2021-06-28 00:18:18,0,0,0,0
2021-06-28 00:18:37,0,0,0,0
2021-06-28 00:19:19,1,1,0,2
2021-06-28 00:20:00,6,1,0,7
2021-06-28 00:21:12,0,0,0,0
2021-06-28 00:21:21,4,0,0,4
2021-06-28 00:22:32,1,0,0,1
2021-06-28 00:22:49,1,0,0,1
2021-06-28 00:23:22,1,0,0,1
2021-06-28 00:23:38,5,0,0,5
2021-06-28 00:25:25,2,0,0,2
2021-06-28 00:25:26,0,0,0,0
2021-06-28 00:26:25,0,0,0,0
2021-06-28 00:26:31,1,0,0,1
2021-06-28 00:29:44,0,0,0,0
2021-06-28 00:31:15,1,0,0,1
2021-06-28 00:32:21,2,0,0,2
2021-06-28 00:34:06,4,1,0,5
2021-06-28 00:34:59,0,0,0,0
2021-06-28 00:35:48,1,0,0,1
2021-06-28 00:36:43,0,1,0,1
2021-06-28 00:37:35,0,0,0,0
2021-06-28 00:38:02,0,0,0,0
2021-06-28 00:38:31,0,0,0,0
2021-06-28 00:40:00,21,0,3,24
2021-06-28 00:40:30,0,0,0,0
2021-06-28 00:41:24,0,0,0,0
2021-06-28 00:42:06,0,0,0,0
2021-06-28 00:44:00,20,0,14,34
2021-06-28 00:46:45,0,2,0,2
2021-06-28 00:47:56,2,0,0,2
2021-06-28 00:48:53,2,0,0,2
2021-06-28 00:50:02,1,2,1,4
2021-06-28 00:50:21,2,0,0,2
2021-06-28 00:50:35,1,0,0,1
2021-06-28 00:51:19,62,0,23,85
2021-06-28 00:54:22,9,1,2,12
2021-06-28 00:55:02,2,0,0,2
2021-06-28 00:58:06,0,0,0,0
2021-06-28 00:58:19,0,0,0,0
2021-06-28 01:00:00,20,0,5,25
2021-06-28 01:05:12,0,0,0,0
2021-06-28 01:06:26,2,0,0,2
2021-06-28 01:08:52,3,0,0,3
2021-06-28 01:12:37,9,0,6,15
2021-06-28 01:14:51,3,0,0,3
2021-06-28 01:17:39,3,0,2,5
2021-06-28 01:20:00,39,2,12,53
2021-06-28 01:20:27,4,0,3,7
2021-06-28 01:20:56,3,1,0,4
2021-06-28 01:21:22,0,0,0,0
2021-06-28 01:21:37,43,4,20,67
2021-06-28 01:23:59,0,0,0,0
2021-06-28 01:29:11,4,0,0,4
2021-06-28 01:30:29,0,0,0,0
2021-06-28 01:33:20,0,0,0,0
2021-06-28 01:34:12,0,0,0,0
2021-06-28 01:35:07,0,0,0,0
2021-06-28 01:36:32,0,0,0,0
2021-06-28 01:36:49,0,0,1,1
2021-06-28 01:39:49,0,0,0,0
2021-06-28 01:40:00,19,0,6,25
2021-06-28 01:44:43,3,0,1,4
2021-06-28 01:44:58,17,0,12,29
2021-06-28 01:45:45,2,0,1,3
2021-06-28 01:51:19,0,0,0,0
2021-06-28 01:58:23,0,0,0,0
2021-06-28 01:59:02,0,0,0,0
2021-06-28 01:59:33,0,0,0,0
2021-06-28 02:01:09,1,0,0,1
2021-06-28 02:02:06,0,0,0,0
2021-06-28 02:04:05,2,0,1,3
2021-06-28 02:08:06,0,0,0,0
2021-06-28 02:12:22,1,1,0,2
2021-06-28 02:15:45,0,0,0,0
2021-06-28 02:16:00,0,0,0,0
2021-06-28 02:19:44,0,0,0,0
2021-06-28 02:24:36,0,0,0,0
2021-06-28 02:24:39,0,0,0,0
2021-06-28 02:25:37,0,0,0,0
2021-06-28 02:27:58,0,0,0,0
2021-06-28 02:29:23,0,0,0,0
2021-06-28 02:30:08,5,1,1,7
2021-06-28 02:30:32,3,0,0,3
2021-06-28 02:31:10,0,0,0,0
2021-06-28 02:34:21,0,0,0,0
2021-06-28 02:35:34,3,0,1,4
2021-06-28 02:36:58,1,0,0,1
2021-06-28 02:38:09,1,0,0,1
2021-06-28 02:40:18,2,0,0,2
2021-06-28 02:52:35,0,0,0,0
2021-06-28 02:52:52,1,0,1,2
2021-06-28 02:53:58,0,0,0,0
2021-06-28 02:55:37,5,0,3,8
2021-06-28 02:55:44,0,0,0,0
2021-06-28 02:56:17,0,1,0,1
2021-06-28 02:57:16,0,0,0,0
2021-06-28 03:01:02,0,0,0,0
2021-06-28 03:03:02,0,0,0,0
2021-06-28 03:10:34,0,0,0,0
2021-06-28 03:15:44,0,0,0,0
2021-06-28 03:16:54,3,1,1,5
2021-06-28 03:19:44,0,0,0,0
2021-06-28 03:55:25,0,0,0,0
2021-06-28 03:59:25,0,0,0,0
2021-06-28 04:01:36,0,0,0,0
2021-06-28 04:02:07,0,0,0,0
2021-06-28 04:04:45,30,8,13,51
2021-06-28 04:07:19,0,0,0,0
2021-06-28 04:12:42,0,0,0,0
2021-06-28 04:25:52,0,0,0,0
2021-06-28 04:29:32,47,0,16,63
2021-06-28 04:30:27,18,1,5,24
2021-06-28 04:31:20,34,2,6,42
2021-06-28 04:33:58,0,0,0,0
2021-06-28 04:34:49,0,0,0,0
2021-06-28 04:36:05,0,0,0,0
2021-06-28 04:38:44,0,0,0,0
2021-06-28 05:02:36,0,0,0,0
2021-06-28 05:11:01,0,0,0,0
2021-06-28 05:15:10,4,0,2,6
2021-06-28 05:24:10,2,0,0,2
2021-06-28 05:41:59,2,2,1,5
2021-06-28 05:49:03,2,1,0,3
2021-06-28 05:50:53,0,0,0,0
2021-06-28 05:59:07,1,0,0,1
2021-06-28 05:59:28,0,0,0,0
2021-06-28 05:59:46,0,0,0,0
2021-06-28 06:00:08,730,40,96,866
2021-06-28 06:01:25,0,0,0,0
2021-06-28 06:02:49,0,0,0,0
2021-06-28 06:04:43,6,1,0,7
2021-06-28 06:07:36,3,0,1,4
2021-06-28 06:07:53,6,0,1,7
2021-06-28 06:10:35,0,0,0,0
2021-06-28 06:10:58,0,0,0,0
2021-06-28 06:13:21,0,0,0,0
2021-06-28 06:14:07,0,0,0,0
2021-06-28 06:15:03,2,0,0,2
2021-06-28 06:16:27,0,0,0,0
2021-06-28 06:17:22,0,0,0,0
2021-06-28 06:18:29,1,0,0,1
2021-06-28 06:19:31,1,0,0,1
2021-06-28 06:20:30,0,0,0,0
2021-06-28 06:21:46,1,0,0,1
2021-06-28 06:22:00,689,18,160,867
2021-06-28 06:22:48,3,0,0,3
2021-06-28 06:23:26,0,0,0,0
2021-06-28 06:23:57,1,0,0,1
2021-06-28 06:25:20,0,0,0,0
2021-06-28 06:26:00,2,0,1,3
2021-06-28 06:26:35,1,0,0,1
2021-06-28 06:26:40,3,0,0,3
2021-06-28 06:27:30,4,0,1,5
2021-06-28 06:29:48,0,0,0,0
2021-06-28 06:30:46,0,0,0,0
2021-06-28 06:32:01,0,0,0,0
2021-06-28 06:34:48,4,0,1,5
2021-06-28 06:37:48,3,0,1,4
2021-06-28 06:39:20,0,0,0,0
2021-06-28 06:40:29,11,2,1,14
2021-06-28 06:41:36,0,0,0,0
2021-06-28 06:42:40,9,2,1,12
2021-06-28 06:45:06,1,0,0,1
2021-06-28 06:45:27,3,0,2,5
2021-06-28 06:45:53,1,0,1,2
2021-06-28 06:46:57,2,0,0,2
2021-06-28 06:47:22,2,1,0,3
2021-06-28 06:52:46,1,0,0,1
2021-06-28 06:53:42,33,3,12,48
2021-06-28 06:55:30,0,0,0,0
2021-06-28 06:59:17,3,0,0,3
2021-06-28 06:59:43,0,0,0,0
2021-06-28 07:00:34,6,0,3,9
2021-06-28 07:00:50,0,0,0,0
2021-06-28 07:00:55,0,0,0,0
2021-06-28 07:00:56,2,0,1,3
2021-06-28 07:01:56,0,1,0,1
2021-06-28 07:02:40,1,0,0,1
2021-06-28 07:02:48,0,0,0,0
2021-06-28 07:04:17,1,0,0,1
2021-06-28 07:04:59,0,0,0,0
2021-06-28 07:06:23,0,0,0,0
2021-06-28 07:07:06,0,0,0,0
2021-06-28 07:09:18,1,0,0,1
2021-06-28 07:09:19,1,0,0,1
2021-06-28 07:12:18,0,0,0,0
2021-06-28 07:12:53,0,0,0,0
2021-06-28 07:14:52,0,0,0,0
2021-06-28 07:15:01,3,0,0,3
2021-06-28 07:16:12,2,1,0,3
2021-06-28 07:16:47,0,0,0,0
2021-06-28 07:23:52,0,0,0,0
2021-06-28 07:25:06,0,0,0,0
2021-06-28 07:25:41,0,0,0,0
2021-06-28 07:28:12,1,0,1,2
2021-06-28 07:32:51,0,0,0,0
2021-06-28 07:39:36,1,0,0,1
2021-06-28 07:40:00,3,1,0,4
2021-06-28 07:40:32,8,0,3,11
2021-06-28 07:40:42,2,0,1,3
2021-06-28 07:40:55,1,0,0,1
2021-06-28 07:41:43,1,1,0,2
2021-06-28 07:43:12,0,0,0,0
2021-06-28 07:45:28,5,0,1,6
2021-06-28 07:46:44,3,2,1,6
2021-06-28 07:47:16,3,0,1,4
2021-06-28 07:50:25,0,0,0,0
2021-06-28 07:50:29,357,12,54,423
2021-06-28 07:51:38,1,0,0,1
2021-06-28 07:52:31,0,0,0,0
2021-06-28 07:54:04,5,0,0,5
2021-06-28 07:54:05,1,0,0,1
2021-06-28 07:55:37,0,0,0,0
2021-06-28 07:56:23,0,1,0,1
2021-06-28 07:56:38,0,0,0,0
2021-06-28 07:57:08,1,0,0,1
2021-06-28 07:57:50,14,0,2,16
2021-06-28 07:58:46,2,0,0,2
2021-06-28 08:00:16,10,0,0,10
2021-06-28 08:03:03,1,0,1,2
2021-06-28 08:03:16,3,0,0,3
2021-06-28 08:05:20,0,0,1,1
2021-06-28 08:06:46,4,1,0,5
2021-06-28 08:07:02,68,3,16,87
2021-06-28 08:11:53,0,0,0,0
2021-06-28 08:13:26,1,0,0,1
2021-06-28 08:14:08,4,0,0,4
2021-06-28 08:14:41,202,21,35,258
2021-06-28 08:15:54,0,0,0,0
2021-06-28 08:20:31,0,0,0,0
2021-06-28 08:21:57,0,0,0,0
2021-06-28 08:24:05,55,1,12,68
2021-06-28 08:25:05,0,0,0,0
2021-06-28 08:25:41,1,1,0,2
2021-06-28 08:27:59,1,0,0,1
2021-06-28 08:28:39,9,2,3,14
2021-06-28 08:30:34,1,1,0,2
2021-06-28 08:32:47,0,0,0,0
2021-06-28 08:33:04,1,1,0,2
2021-06-28 08:33:25,0,0,0,0
2021-06-28 08:33:42,0,0,0,0
2021-06-28 08:34:29,3,0,0,3
2021-06-28 08:36:03,0,0,1,1
2021-06-28 08:38:04,2,0,0,2
2021-06-28 08:39:34,0,0,0,0
2021-06-28 08:41:19,3,0,1,4
2021-06-28 08:41:34,2,0,0,2
2021-06-28 08:41:54,0,0,1,1
2021-06-28 08:42:42,0,0,0,0
2021-06-28 08:42:43,1,0,1,2
2021-06-28 08:43:17,0,0,1,1
2021-06-28 08:43:23,4,0,1,5
2021-06-28 08:43:26,0,0,0,0
2021-06-28 08:43:47,1,0,0,1
2021-06-28 08:44:09,0,0,0,0
2021-06-28 08:44:16,110,43,43,196
2021-06-28 08:45:04,1,0,0,1
2021-06-28 08:46:06,1,0,0,1
2021-06-28 08:46:48,9,1,6,16
2021-06-28 08:46:55,1,0,0,1
2021-06-28 08:46:57,0,0,0,0
2021-06-28 08:47:50,0,0,0,0
2021-06-28 08:48:17,0,0,0,0
2021-06-28 08:48:33,0,0,0,0
2021-06-28 08:48:52,0,0,0,0
2021-06-28 08:49:06,0,0,0,0
2021-06-28 08:49:13,1,0,0,1
2021-06-28 08:49:42,0,0,0,0
2021-06-28 08:51:21,0,0,0,0
2021-06-28 08:51:27,0,0,0,0
2021-06-28 08:53:20,0,0,0,0
2021-06-28 08:53:24,0,0,0,0
2021-06-28 08:54:19,31,2,2,35
2021-06-28 08:55:57,12,2,9,23
2021-06-28 08:56:45,3,1,1,5
2021-06-28 08:56:47,0,0,0,0
2021-06-28 08:57:30,0,0,0,0
2021-06-28 08:57:35,0,0,1,1
2021-06-28 08:58:18,0,0,0,0
2021-06-28 08:59:22,14,0,0,14
2021-06-28 09:00:10,3,1,0,4
2021-06-28 09:00:58,0,0,0,0
2021-06-28 09:01:54,0,0,0,0
2021-06-28 09:02:14,2,0,0,2
2021-06-28 09:02:19,2,0,0,2
2021-06-28 09:02:45,0,0,0,0
2021-06-28 09:02:46,2,1,2,5
2021-06-28 09:03:20,144,16,25,185
2021-06-28 09:03:33,0,0,0,0
2021-06-28 09:03:52,0,0,0,0
2021-06-28 09:04:21,4,0,0,4
2021-06-28 09:04:35,0,0,0,0
2021-06-28 09:05:35,0,0,0,0
2021-06-28 09:05:43,0,0,0,0
2021-06-28 09:06:25,2,0,1,3
2021-06-28 09:06:35,0,0,1,1
2021-06-28 09:06:46,0,0,0,0
2021-06-28 09:07:15,1,1,0,2
2021-06-28 09:07:48,2,0,0,2
2021-06-28 09:08:16,0,0,0,0
2021-06-28 09:09:28,0,0,0,0
2021-06-28 09:10:38,0,0,1,1
2021-06-28 09:12:30,99,32,4,135
2021-06-28 09:12:41,0,0,0,0
2021-06-28 09:12:56,27,6,13,46
2021-06-28 09:13:58,0,0,0,0
2021-06-28 09:14:27,29,0,15,44
2021-06-28 09:14:42,0,0,1,1
2021-06-28 09:15:30,0,0,0,0
2021-06-28 09:16:05,0,0,0,0
2021-06-28 09:16:29,0,0,0,0
2021-06-28 09:18:53,1,0,0,1
2021-06-28 09:20:04,0,0,0,0
2021-06-28 09:20:47,0,0,0,0
2021-06-28 09:21:04,1,2,0,3
2021-06-28 09:23:39,0,0,0,0
2021-06-28 09:23:59,0,0,0,0
2021-06-28 09:24:09,0,0,0,0
2021-06-28 09:24:14,1,0,0,1
2021-06-28 09:24:19,0,0,1,1
2021-06-28 09:24:44,0,0,0,0
2021-06-28 09:24:45,0,0,1,1
2021-06-28 09:25:13,0,0,0,0
2021-06-28 09:25:33,0,0,0,0
2021-06-28 09:25:46,0,0,0,0
2021-06-28 09:26:11,0,0,1,1
2021-06-28 09:26:19,2,0,0,2
2021-06-28 09:26:30,1,0,1,2
2021-06-28 09:26:32,0,0,1,1
2021-06-28 09:26:37,0,0,0,0
2021-06-28 09:27:17,1,0,1,2
2021-06-28 09:27:19,1,0,0,1
2021-06-28 09:27:25,20,1,6,27
2021-06-28 09:27:28,11,0,1,12
2021-06-28 09:29:00,0,0,0,0
2021-06-28 09:29:10,2,1,0,3
2021-06-28 09:29:48,0,0,0,0
2021-06-28 09:30:02,0,0,0,0
2021-06-28 09:30:23,0,0,0,0
2021-06-28 09:31:22,0,0,0,0
2021-06-28 09:31:24,0,0,1,1
2021-06-28 09:31:29,6,1,3,10
2021-06-28 09:31:37,0,0,0,0
2021-06-28 09:32:29,0,0,1,1
2021-06-28 09:32:57,0,0,1,1
2021-06-28 09:33:25,0,0,0,0
2021-06-28 09:33:30,1,0,1,2
2021-06-28 09:34:16,2,0,1,3
2021-06-28 09:34:24,39,1,24,64
2021-06-28 09:34:45,1,0,2,3
2021-06-28 09:35:29,0,0,1,1
2021-06-28 09:35:49,2,0,0,2
2021-06-28 09:36:01,0,0,1,1
2021-06-28 09:36:29,0,0,1,1
2021-06-28 09:36:39,0,1,1,2
2021-06-28 09:36:56,1,0,0,1
2021-06-28 09:37:00,0,0,1,1
2021-06-28 09:37:41,13,0,4,17
2021-06-28 09:37:45,3,0,0,3
2021-06-28 09:38:31,0,0,1,1
2021-06-28 09:38:46,0,0,1,1
2021-06-28 09:39:22,0,0,0,0
2021-06-28 09:40:26,5,0,1,6
2021-06-28 09:42:30,3,0,0,3
2021-06-28 09:42:34,0,1,0,1
2021-06-28 09:43:07,0,0,0,0
2021-06-28 09:43:22,3,0,2,5
2021-06-28 09:43:24,46,0,12,58
2021-06-28 09:45:22,1,0,0,1
2021-06-28 09:46:08,2,1,0,3
2021-06-28 09:46:34,1,0,1,2
2021-06-28 09:46:42,4,2,0,6
2021-06-28 09:46:48,1,0,0,1
2021-06-28 09:47:29,1,0,1,2
2021-06-28 09:48:19,26,6,6,38
2021-06-28 09:48:46,0,0,0,0
2021-06-28 09:48:58,1,1,0,2
2021-06-28 09:49:20,2,0,0,2
2021-06-28 09:49:49,5,1,1,7
2021-06-28 09:50:02,11,0,3,14
2021-06-28 09:50:28,1,0,1,2
2021-06-28 09:51:03,0,0,0,0
2021-06-28 09:51:27,0,0,0,0
2021-06-28 09:51:48,5,1,0,6
2021-06-28 09:52:14,1,0,0,1
2021-06-28 09:52:25,2,0,0,2
2021-06-28 09:52:38,0,0,0,0
2021-06-28 09:53:53,0,0,0,0
2021-06-28 09:53:54,5,0,0,5
2021-06-28 09:54:03,4,0,1,5
2021-06-28 09:54:06,0,0,0,0
2021-06-28 09:55:02,0,0,0,0
2021-06-28 09:55:33,2,1,2,5
2021-06-28 09:55:42,0,0,0,0
2021-06-28 09:56:58,2,0,1,3
2021-06-28 09:56:59,0,0,0,0
2021-06-28 09:57:11,0,0,0,0
2021-06-28 09:57:22,5,0,3,8
2021-06-28 09:58:12,2,0,0,2
2021-06-28 09:58:15,1,0,0,1
2021-06-28 09:58:51,6,0,2,8
2021-06-28 09:59:31,5,1,0,6
2021-06-28 10:00:02,10,0,6,16
2021-06-28 10:00:11,0,0,0,0
2021-06-28 10:00:18,3,1,0,4
2021-06-28 10:00:40,0,0,0,0
2021-06-28 10:00:43,0,0,0,0
2021-06-28 10:00:47,0,0,0,0
2021-06-28 10:00:53,0,0,0,0
2021-06-28 10:01:16,1,0,0,1
2021-06-28 10:02:11,0,0,0,0
2021-06-28 10:03:22,0,0,0,0
2021-06-28 10:03:29,1,0,0,1
2021-06-28 10:03:35,5,0,2,7
2021-06-28 10:04:24,28,0,7,35
2021-06-28 10:04:52,4,0,1,5
2021-06-28 10:05:30,1,0,0,1
2021-06-28 10:07:43,0,0,0,0
2021-06-28 10:07:49,0,0,0,0
2021-06-28 10:08:25,0,0,0,0
2021-06-28 10:09:08,2,0,0,2
2021-06-28 10:10:57,2,0,1,3
2021-06-28 10:11:12,0,0,0,0
2021-06-28 10:11:28,5,0,0,5
2021-06-28 10:12:31,0,0,0,0
2021-06-28 10:13:47,8,2,1,11
2021-06-28 10:14:11,0,0,0,0
2021-06-28 10:14:56,5,1,0,6
2021-06-28 10:15:04,1,0,0,1
2021-06-28 10:15:05,64,2,10,76
2021-06-28 10:15:37,1,0,0,1
2021-06-28 10:16:00,5,2,0,7
2021-06-28 10:16:14,4,0,0,4
2021-06-28 10:16:36,0,0,0,0
2021-06-28 10:16:44,1,0,0,1
2021-06-28 10:16:56,0,0,0,0
2021-06-28 10:17:12,7,1,0,8
2021-06-28 10:17:24,10,1,8,19
2021-06-28 10:18:00,0,0,0,0
2021-06-28 10:18:21,0,0,0,0
2021-06-28 10:18:43,1,0,0,1
2021-06-28 10:19:03,0,0,0,0
2021-06-28 10:19:52,0,0,0,0
2021-06-28 10:19:53,1,1,1,3
2021-06-28 10:19:55,2,0,0,2
2021-06-28 10:20:21,4,1,1,6
2021-06-28 10:21:29,2,0,0,2
2021-06-28 10:21:37,3,0,0,3
2021-06-28 10:21:40,4,1,1,6
2021-06-28 10:23:21,0,0,0,0
2021-06-28 10:23:23,1,0,0,1
2021-06-28 10:23:49,3,0,4,7
2021-06-28 10:24:16,2,2,0,4
2021-06-28 10:26:16,0,0,0,0
2021-06-28 10:27:10,0,0,0,0
2021-06-28 10:28:46,0,0,0,0
2021-06-28 10:31:24,0,0,0,0
2021-06-28 10:31:59,1,0,1,2
2021-06-28 10:32:30,23,2,13,38
2021-06-28 10:32:53,1,0,0,1
2021-06-28 10:33:46,0,1,0,1
2021-06-28 10:33:55,1,0,1,2
2021-06-28 10:34:47,0,0,0,0
2021-06-28 10:35:22,5,1,4,10
2021-06-28 10:35:31,4,0,2,6
2021-06-28 10:35:46,0,0,0,0
2021-06-28 10:36:24,0,0,0,0
2021-06-28 10:36:32,1,0,0,1
2021-06-28 10:36:47,0,0,0,0
2021-06-28 10:38:46,0,0,0,0
2021-06-28 10:39:14,22,0,2,24
2021-06-28 10:39:28,54,0,12,66
2021-06-28 10:40:01,0,0,0,0
2021-06-28 10:40:03,0,0,0,0
2021-06-28 10:40:47,33,2,12,47
2021-06-28 10:41:02,0,0,0,0
2021-06-28 10:42:23,2,0,2,4
2021-06-28 10:43:16,0,0,0,0
2021-06-28 10:43:25,4,0,2,6
2021-06-28 10:43:38,2,0,1,3
2021-06-28 10:43:48,1,0,2,3
2021-06-28 10:45:04,1,0,0,1
2021-06-28 10:45:21,0,0,0,0
2021-06-28 10:45:38,6,2,2,10
2021-06-28 10:45:50,33,4,13,50
2021-06-28 10:46:31,2,0,0,2
2021-06-28 10:46:52,3,1,1,5
2021-06-28 10:47:21,2,0,0,2
2021-06-28 10:47:40,0,0,0,0
2021-06-28 10:47:50,0,0,0,0
2021-06-28 10:47:54,1,0,0,1
2021-06-28 10:47:56,1,1,0,2
2021-06-28 10:48:04,0,0,0,0
2021-06-28 10:48:14,1,0,0,1
2021-06-28 10:48:27,2,0,0,2
2021-06-28 10:48:32,77,4,22,103
2021-06-28 10:48:44,0,0,0,0
2021-06-28 10:49:10,16,0,6,22
2021-06-28 10:49:39,3,0,0,3
2021-06-28 10:50:19,0,0,0,0
2021-06-28 10:51:32,0,0,0,0
2021-06-28 10:51:55,0,0,0,0
2021-06-28 10:52:26,2,0,1,3
2021-06-28 10:52:36,2,0,0,2
2021-06-28 10:52:57,0,0,0,0
2021-06-28 10:53:31,0,0,0,0
2021-06-28 10:54:10,4,1,3,8
2021-06-28 10:54:23,0,0,0,0
2021-06-28 10:54:35,0,0,0,0
2021-06-28 10:54:43,7,1,1,9
2021-06-28 10:57:06,2,2,1,5
2021-06-28 10:57:09,7,0,0,7
2021-06-28 10:57:12,0,0,0,0
2021-06-28 10:57:39,4,0,3,7
2021-06-28 10:58:43,0,0,0,0
2021-06-28 10:58:53,0,0,0,0
2021-06-28 11:00:50,0,0,0,0
2021-06-28 11:00:53,4,0,0,4
2021-06-28 11:01:34,5,0,0,5
2021-06-28 11:01:43,1,0,0,1
2021-06-28 11:01:50,15,2,4,21
2021-06-28 11:01:58,44,1,9,54
2021-06-28 11:02:52,1,1,0,2
2021-06-28 11:03:40,0,0,0,0
2021-06-28 11:03:48,0,0,0,0
2021-06-28 11:03:57,1,0,0,1
2021-06-28 11:04:06,0,0,0,0
2021-06-28 11:04:28,1,1,0,2
2021-06-28 11:04:33,0,0,0,0
2021-06-28 11:04:43,0,0,0,0
2021-06-28 11:05:00,0,0,0,0
2021-06-28 11:05:02,2,0,1,3
2021-06-28 11:05:09,2,0,1,3
2021-06-28 11:05:11,1,0,0,1
2021-06-28 11:05:16,1,0,0,1
2021-06-28 11:05:18,1,0,0,1
2021-06-28 11:05:54,3,0,1,4
2021-06-28 11:06:21,104,12,34,150
2021-06-28 11:08:07,8,2,0,10
2021-06-28 11:08:21,26,2,5,33
2021-06-28 11:11:26,4,1,0,5
2021-06-28 11:11:44,9,0,1,10
2021-06-28 11:13:53,3,1,1,5
2021-06-28 11:14:01,0,0,0,0
2021-06-28 11:15:28,4,1,1,6
2021-06-28 11:15:54,1,0,0,1
2021-06-28 11:17:30,0,0,0,0
2021-06-28 11:17:40,1,0,1,2
2021-06-28 11:17:48,1,0,0,1
2021-06-28 11:17:59,0,0,0,0
2021-06-28 11:18:20,6,0,4,10
2021-06-28 11:18:22,0,0,0,0
2021-06-28 11:18:59,0,0,0,0
2021-06-28 11:19:37,0,0,0,0
2021-06-28 11:19:43,0,0,0,0
2021-06-28 11:19:58,5,0,0,5
2021-06-28 11:20:15,5,0,0,5
2021-06-28 11:20:47,10,1,6,17
2021-06-28 11:20:52,2,0,0,2
2021-06-28 11:21:14,5,0,0,5
2021-06-28 11:21:35,0,0,0,0
2021-06-28 11:21:56,4,1,1,6
2021-06-28 11:22:04,3,0,0,3
2021-06-28 11:22:46,34,2,28,64
2021-06-28 11:23:05,2,0,0,2
2021-06-28 11:23:16,4,0,2,6
2021-06-28 11:23:33,1,0,0,1
2021-06-28 11:23:59,0,0,0,0
2021-06-28 11:24:36,0,0,0,0
2021-06-28 11:27:05,59,9,11,79
2021-06-28 11:27:30,2,0,1,3
2021-06-28 11:28:16,1,0,0,1
2021-06-28 11:31:52,28,2,9,39
2021-06-28 11:32:15,0,0,0,0
2021-06-28 11:33:06,1,0,0,1
2021-06-28 11:33:33,4,0,0,4
2021-06-28 11:34:14,15,1,6,22
2021-06-28 11:34:19,1,1,0,2
2021-06-28 11:35:19,2,1,0,3
2021-06-28 11:35:41,1,0,1,2
2021-06-28 11:36:41,0,0,0,0
2021-06-28 11:36:45,2,1,1,4
2021-06-28 11:36:59,0,0,0,0
2021-06-28 11:37:52,0,0,0,0
2021-06-28 11:38:54,0,0,0,0
2021-06-28 11:39:12,2,0,0,2
2021-06-28 11:39:15,0,0,0,0
2021-06-28 11:39:20,0,0,0,0
2021-06-28 11:39:50,0,0,0,0
2021-06-28 11:39:53,0,0,0,0
2021-06-28 11:40:27,1,0,0,1
2021-06-28 11:41:16,7,0,3,10
2021-06-28 11:42:17,0,0,0,0
2021-06-28 11:42:49,1,0,0,1
2021-06-28 11:43:18,0,0,0,0
2021-06-28 11:45:16,9,0,3,12
2021-06-28 11:45:31,0,0,0,0
2021-06-28 11:47:53,0,0,0,0
2021-06-28 11:48:04,6,2,4,12
2021-06-28 11:48:17,12,0,3,15
2021-06-28 11:48:40,2,0,1,3
2021-06-28 11:49:09,0,0,0,0
2021-06-28 11:50:07,1,0,0,1
2021-06-28 11:50:21,1,0,0,1
2021-06-28 11:50:25,1,0,0,1
2021-06-28 11:50:45,0,0,0,0
2021-06-28 11:51:18,4,2,0,6
2021-06-28 11:51:21,0,0,0,0
2021-06-28 11:51:56,1,0,1,2
2021-06-28 11:52:46,3,0,0,3
2021-06-28 11:52:51,2,0,0,2
2021-06-28 11:53:41,4,0,0,4
2021-06-28 11:53:52,0,0,0,0
2021-06-28 11:54:13,0,0,0,0
2021-06-28 11:55:44,76,11,2,89
2021-06-28 11:57:03,0,0,0,0
2021-06-28 11:57:10,114,9,26,149
2021-06-28 11:57:38,3,1,0,4
2021-06-28 11:59:25,56,5,10,71
2021-06-28 11:59:40,0,0,0,0
2021-06-28 12:00:40,4,0,0,4
2021-06-28 12:00:46,0,0,0,0
2021-06-28 12:00:53,0,0,0,0
2021-06-28 12:01:04,37,0,14,51
2021-06-28 12:01:29,0,0,0,0
2021-06-28 12:03:05,6,0,1,7
2021-06-28 12:03:37,0,0,0,0
2021-06-28 12:04:31,0,0,0,0
2021-06-28 12:05:54,0,0,0,0
2021-06-28 12:06:21,0,0,0,0
2021-06-28 12:06:32,0,0,0,0
2021-06-28 12:07:03,0,0,0,0
2021-06-28 12:07:27,0,0,0,0
2021-06-28 12:08:08,0,0,0,0
2021-06-28 12:08:19,13,0,0,13
2021-06-28 12:09:11,2,0,1,3
2021-06-28 12:09:23,0,0,0,0
2021-06-28 12:09:44,0,0,0,0
2021-06-28 12:11:12,48,4,29,81
2021-06-28 12:11:27,0,0,0,0
2021-06-28 12:11:58,0,0,0,0
2021-06-28 12:12:19,11,0,2,13
2021-06-28 12:12:44,0,0,0,0
2021-06-28 12:13:52,0,0,0,0
2021-06-28 12:14:05,7,0,6,13
2021-06-28 12:14:12,9,0,1,10
2021-06-28 12:14:18,0,0,0,0
2021-06-28 12:14:33,10,0,4,14
2021-06-28 12:15:01,0,0,0,0
2021-06-28 12:16:18,0,0,0,0
2021-06-28 12:16:27,12,0,0,12
2021-06-28 12:16:31,37,1,10,48
2021-06-28 12:17:37,0,0,0,0
2021-06-28 12:18:50,0,0,0,0
2021-06-28 12:19:15,11,1,1,13
2021-06-28 12:21:19,3,0,0,3
2021-06-28 12:21:35,1,0,0,1
2021-06-28 12:21:46,0,0,0,0
2021-06-28 12:22:27,2,0,0,2
2021-06-28 12:23:08,0,0,0,0
2021-06-28 12:26:06,1,0,0,1
2021-06-28 12:26:29,0,0,0,0
2021-06-28 12:26:52,1,0,1,2
2021-06-28 12:27:39,0,0,0,0
2021-06-28 12:28:12,3,0,0,3
2021-06-28 12:28:37,0,0,0,0
2021-06-28 12:29:38,1,0,1,2
2021-06-28 12:29:43,5,3,0,8
2021-06-28 12:31:00,0,1,0,1
2021-06-28 12:32:25,1,0,0,1
2021-06-28 12:33:40,0,0,0,0
2021-06-28 12:34:07,0,0,0,0
2021-06-28 12:34:28,0,1,0,1
2021-06-28 12:36:08,0,0,0,0
2021-06-28 12:37:31,0,0,0,0
2021-06-28 12:38:40,1,0,1,2
2021-06-28 12:38:46,0,0,0,0
2021-06-28 12:38:53,1,0,0,1
2021-06-28 12:38:59,0,0,0,0
2021-06-28 12:39:08,0,0,0,0
2021-06-28 12:39:23,4,0,2,6
2021-06-28 12:39:40,0,0,0,0
2021-06-28 12:41:48,0,1,0,1
2021-06-28 12:46:10,0,0,0,0
2021-06-28 12:46:32,0,0,0,0
2021-06-28 12:46:47,0,0,0,0
2021-06-28 12:46:52,4,0,0,4
2021-06-28 12:47:56,0,1,0,1
2021-06-28 12:49:01,14,7,1,22
2021-06-28 12:49:25,0,1,0,1
2021-06-28 12:49:58,18,0,8,26
2021-06-28 12:50:49,8,0,2,10
2021-06-28 12:51:16,1,0,0,1
2021-06-28 12:51:19,0,0,0,0
2021-06-28 12:51:30,0,0,0,0
2021-06-28 12:51:34,0,0,0,0
2021-06-28 12:52:03,0,1,0,1
2021-06-28 12:52:24,0,0,0,0
2021-06-28 12:53:39,0,0,0,0
2021-06-28 12:54:03,0,0,0,0
2021-06-28 12:54:25,0,0,0,0
2021-06-28 12:54:30,0,0,0,0
2021-06-28 12:54:59,0,0,0,0
2021-06-28 12:55:28,12,0,6,18
2021-06-28 12:56:17,4,1,1,6
2021-06-28 12:56:20,0,0,0,0
2021-06-28 12:56:41,31,2,3,36
2021-06-28 12:56:47,0,0,0,0
2021-06-28 12:56:50,8,0,1,9
2021-06-28 12:57:12,0,0,0,0
2021-06-28 12:57:42,1,0,0,1
2021-06-28 12:57:50,30,0,7,37
2021-06-28 12:58:23,0,0,0,0
2021-06-28 12:59:04,0,0,0,0
2021-06-28 12:59:13,0,0,0,0
2021-06-28 12:59:38,2,1,1,4
2021-06-28 13:00:55,0,0,0,0
2021-06-28 13:01:32,0,0,0,0
2021-06-28 13:02:46,0,0,0,0
2021-06-28 13:02:47,0,0,0,0
2021-06-28 13:03:08,1,0,1,2
2021-06-28 13:03:15,3,0,0,3
2021-06-28 13:03:56,0,0,0,0
2021-06-28 13:07:12,3,2,0,5
2021-06-28 13:07:33,0,0,0,0
2021-06-28 13:08:41,1,0,0,1
2021-06-28 13:10:24,0,0,0,0
2021-06-28 13:12:11,1,0,0,1
2021-06-28 13:12:20,0,0,0,0
2021-06-28 13:13:13,0,0,0,0
2021-06-28 13:13:22,146,5,70,221
2021-06-28 13:13:28,1,1,0,2
2021-06-28 13:15:12,14,3,3,20
2021-06-28 13:15:55,1,0,0,1
2021-06-28 13:16:23,3,0,0,3
2021-06-28 13:17:32,0,0,0,0
2021-06-28 13:17:54,3,0,1,4
2021-06-28 13:17:56,2,0,1,3
2021-06-28 13:17:57,2,0,0,2
2021-06-28 13:18:36,9,0,0,9
2021-06-28 13:18:39,5,0,2,7
2021-06-28 13:18:50,0,0,0,0
2021-06-28 13:20:00,1,3,0,4
2021-06-28 13:20:13,2,0,0,2
2021-06-28 13:20:43,8,0,0,8
2021-06-28 13:22:19,1,0,0,1
2021-06-28 13:25:51,4,0,2,6
2021-06-28 13:25:52,1,0,0,1
2021-06-28 13:27:05,0,0,0,0
2021-06-28 13:28:12,2,0,0,2
2021-06-28 13:28:20,2,0,2,4
2021-06-28 13:29:10,18,3,1,22
2021-06-28 13:29:32,1,0,0,1
2021-06-28 13:30:04,5,0,1,6
2021-06-28 13:31:48,2,0,0,2
2021-06-28 13:32:02,7,0,1,8
2021-06-28 13:32:03,25,1,11,37
2021-06-28 13:32:16,2,0,0,2
2021-06-28 13:32:18,2,0,0,2
2021-06-28 13:32:39,7,0,1,8
2021-06-28 13:32:57,0,0,0,0
2021-06-28 13:33:55,2,0,0,2
2021-06-28 13:35:50,2,0,0,2
2021-06-28 13:35:54,3,0,2,5
2021-06-28 13:36:22,1,0,0,1
2021-06-28 13:36:23,0,0,0,0
2021-06-28 13:36:51,1,0,0,1
2021-06-28 13:37:23,2,0,1,3
2021-06-28 13:37:52,0,0,0,0
2021-06-28 13:38:10,0,0,0,0
2021-06-28 13:38:45,104,8,54,166
2021-06-28 13:38:55,1,0,2,3
2021-06-28 13:38:59,0,0,0,0
2021-06-28 13:40:17,0,0,0,0
2021-06-28 13:43:22,2,1,0,3
2021-06-28 13:45:08,267,10,164,441
2021-06-28 13:45:26,0,0,0,0
2021-06-28 13:45:42,1,0,0,1
2021-06-28 13:45:49,0,0,0,0
2021-06-28 13:47:21,1,0,0,1
2021-06-28 13:47:29,0,0,0,0
2021-06-28 13:47:40,3,0,0,3
2021-06-28 13:48:00,0,0,0,0
2021-06-28 13:48:07,0,0,0,0
2021-06-28 13:48:12,0,0,0,0
2021-06-28 13:48:27,0,0,0,0
2021-06-28 13:48:30,0,0,0,0
2021-06-28 13:48:39,9,0,0,9
2021-06-28 13:48:54,0,0,0,0
2021-06-28 13:49:16,0,0,0,0
2021-06-28 13:49:40,0,0,0,0
2021-06-28 13:49:49,0,0,0,0
2021-06-28 13:50:12,0,0,0,0
2021-06-28 13:50:23,0,0,0,0
2021-06-28 13:50:34,0,0,0,0
2021-06-28 13:50:44,0,0,0,0
2021-06-28 13:50:47,0,0,0,0
2021-06-28 13:50:57,0,0,0,0
2021-06-28 13:50:58,0,0,0,0
2021-06-28 13:51:11,0,0,0,0
2021-06-28 13:51:16,15,0,2,17
2021-06-28 13:51:27,0,0,0,0
2021-06-28 13:51:38,0,0,0,0
2021-06-28 13:51:57,0,0,0,0
2021-06-28 13:52:10,0,0,0,0
2021-06-28 13:52:18,0,0,0,0
2021-06-28 13:52:21,1,0,0,1
2021-06-28 13:52:39,0,0,0,0
2021-06-28 13:52:59,0,0,0,0
2021-06-28 13:53:07,4,0,1,5
2021-06-28 13:54:13,0,0,0,0
2021-06-28 13:54:37,70,2,17,89
2021-06-28 13:54:38,1,0,0,1
2021-06-28 13:54:42,0,0,0,0
2021-06-28 13:54:54,6,0,3,9
2021-06-28 13:55:44,24,1,8,33
2021-06-28 13:55:53,0,0,0,0
2021-06-28 13:57:17,0,0,0,0
2021-06-28 13:58:04,0,0,0,0
2021-06-28 13:59:10,0,0,0,0
2021-06-28 13:59:16,0,0,0,0
2021-06-28 13:59:25,9,0,4,13
2021-06-28 13:59:26,2,0,0,2
2021-06-28 13:59:38,0,0,0,0
2021-06-28 14:01:31,0,0,0,0
2021-06-28 14:01:38,1,0,0,1
2021-06-28 14:02:08,0,0,0,0
2021-06-28 14:02:26,2,0,0,2
2021-06-28 14:02:51,1,0,0,1
2021-06-28 14:03:05,6,0,2,8
2021-06-28 14:04:04,1,0,0,1
2021-06-28 14:04:30,1,0,1,2
2021-06-28 14:04:54,0,0,0,0
2021-06-28 14:05:16,0,0,0,0
2021-06-28 14:05:40,0,0,0,0
2021-06-28 14:06:15,4,0,0,4
2021-06-28 14:06:17,1,0,0,1
2021-06-28 14:06:40,32,2,3,37
2021-06-28 14:07:20,0,0,0,0
2021-06-28 14:07:31,1,0,0,1
2021-06-28 14:08:15,0,0,0,0
2021-06-28 14:08:27,4,1,1,6
2021-06-28 14:09:14,1,0,0,1
2021-06-28 14:09:19,0,0,0,0
2021-06-28 14:09:46,2,1,0,3
2021-06-28 14:10:12,1,0,0,1
2021-06-28 14:10:59,0,0,0,0
2021-06-28 14:11:02,0,0,0,0
2021-06-28 14:11:35,0,0,0,0
2021-06-28 14:11:39,0,0,0,0
2021-06-28 14:11:42,0,0,0,0
2021-06-28 14:11:48,0,0,0,0
2021-06-28 14:11:54,0,0,0,0
2021-06-28 14:12:00,1,0,1,2
2021-06-28 14:12:01,0,0,0,0
2021-06-28 14:12:08,0,0,0,0
2021-06-28 14:12:16,0,0,0,0
2021-06-28 14:12:28,0,0,0,0
2021-06-28 14:12:52,0,0,0,0
2021-06-28 14:13:17,0,0,0,0
2021-06-28 14:13:47,35,2,12,49
2021-06-28 14:14:05,0,0,0,0
2021-06-28 14:14:12,1,0,0,1
2021-06-28 14:14:20,2,6,1,9
2021-06-28 14:14:39,0,0,0,0
2021-06-28 14:15:07,0,0,0,0
2021-06-28 14:15:22,0,0,0,0
2021-06-28 14:15:35,1,0,0,1
2021-06-28 14:16:20,2,0,0,2
2021-06-28 14:17:26,33,1,20,54
2021-06-28 14:18:04,1,0,0,1
2021-06-28 14:18:14,1,0,0,1
2021-06-28 14:19:12,21,4,7,32
2021-06-28 14:19:54,0,0,0,0
2021-06-28 14:19:58,3,1,2,6
2021-06-28 14:20:13,1,0,0,1
2021-06-28 14:21:14,1,2,0,3
2021-06-28 14:22:16,0,0,0,0
2021-06-28 14:23:35,14,3,2,19
2021-06-28 14:23:46,4,0,0,4
2021-06-28 14:24:35,0,0,0,0
2021-06-28 14:24:47,1,0,0,1
2021-06-28 14:24:54,3,0,1,4
2021-06-28 14:25:21,8,2,1,11
2021-06-28 14:25:33,1,0,0,1
2021-06-28 14:25:49,1,0,0,1
2021-06-28 14:26:16,0,0,0,0
2021-06-28 14:26:17,3,2,0,5
2021-06-28 14:26:19,0,0,0,0
2021-06-28 14:26:33,0,0,0,0
2021-06-28 14:27:04,1,0,2,3
2021-06-28 14:27:20,0,0,0,0
2021-06-28 14:27:30,1,0,0,1
2021-06-28 14:27:37,1,0,0,1
2021-06-28 14:29:20,0,0,0,0
2021-06-28 14:29:22,0,0,0,0
2021-06-28 14:29:57,2,0,0,2
2021-06-28 14:30:16,0,1,0,1
2021-06-28 14:31:11,3,0,0,3
2021-06-28 14:31:51,0,0,0,0
2021-06-28 14:33:13,1,0,0,1
2021-06-28 14:33:23,21,0,11,32
2021-06-28 14:33:41,0,0,0,0
2021-06-28 14:33:53,0,0,0,0
2021-06-28 14:33:58,0,0,0,0
2021-06-28 14:34:27,1,0,0,1
2021-06-28 14:34:32,21,0,5,26
2021-06-28 14:34:54,0,0,0,0
2021-06-28 14:35:22,53,2,26,81
2021-06-28 14:35:38,0,0,0,0
2021-06-28 14:35:49,1,0,0,1
2021-06-28 14:38:01,1,0,0,1
2021-06-28 14:38:23,21,3,10,34
2021-06-28 14:38:54,3,1,0,4
2021-06-28 14:39:30,0,0,0,0
2021-06-28 14:39:38,2,0,0,2
2021-06-28 14:39:41,1,0,0,1
2021-06-28 14:40:21,6,0,0,6
2021-06-28 14:40:38,13,0,9,22
2021-06-28 14:41:36,2,0,1,3
2021-06-28 14:42:18,3,3,1,7
2021-06-28 14:42:59,9,0,1,10
2021-06-28 14:43:29,14,1,6,21
2021-06-28 14:43:46,0,0,0,0
2021-06-28 14:44:28,0,0,0,0
2021-06-28 14:47:08,0,0,0,0
2021-06-28 14:48:15,2,0,0,2
2021-06-28 14:55:05,5,1,1,7
2021-06-28 14:57:33,0,0,0,0
2021-06-28 14:57:48,14,0,3,17
2021-06-28 15:00:11,59,0,11,70
2021-06-28 15:03:23,0,0,0,0
2021-06-28 15:03:50,0,0,0,0
2021-06-28 15:05:21,0,0,0,0
2021-06-28 15:08:21,0,0,0,0
2021-06-28 15:08:25,2,0,0,2
2021-06-28 15:10:03,3,0,4,7
2021-06-28 15:11:36,1,0,0,1
2021-06-28 15:13:02,4,1,0,5
2021-06-28 15:13:45,1,0,0,1
2021-06-28 15:13:55,7,0,1,8
2021-06-28 15:14:26,0,0,0,0
2021-06-28 15:18:13,4,0,0,4
2021-06-28 15:19:15,14,0,5,19
2021-06-28 15:23:48,0,0,0,0
2021-06-28 15:24:09,0,0,0,0
2021-06-28 15:30:00,2,0,0,2
2021-06-28 15:31:21,0,0,0,0
2021-06-28 15:33:29,1,0,0,1
2021-06-28 15:34:00,1,0,1,2
2021-06-28 15:34:36,0,0,0,0
2021-06-28 15:36:58,1,0,0,1
2021-06-28 15:38:44,0,0,0,0
2021-06-28 15:39:13,0,0,0,0
2021-06-28 15:41:34,0,0,0,0
2021-06-28 15:43:18,1,0,0,1
2021-06-28 15:43:34,0,0,0,0
2021-06-28 15:43:41,0,0,0,0
2021-06-28 15:44:20,0,0,0,0
2021-06-28 15:44:22,0,0,0,0
2021-06-28 15:46:23,0,0,0,0
2021-06-28 15:47:21,2,0,0,2
2021-06-28 15:48:03,1,0,0,1
2021-06-28 15:48:27,1,0,0,1
2021-06-28 15:49:05,160,10,34,204
2021-06-28 15:49:34,2,2,0,4
2021-06-28 15:52:32,0,0,0,0
2021-06-28 15:52:41,110,7,37,154
2021-06-28 15:53:21,0,0,0,0
2021-06-28 15:53:47,2,0,4,6
2021-06-28 15:54:05,0,0,0,0
2021-06-28 15:54:44,0,0,0,0
2021-06-28 15:55:11,0,0,0,0
2021-06-28 15:56:36,1,0,0,1
2021-06-28 15:57:55,1,0,0,1
2021-06-28 15:59:25,1,0,0,1
2021-06-28 16:00:01,197,8,57,262
2021-06-28 16:01:21,170,8,68,246
2021-06-28 16:01:47,0,0,0,0
2021-06-28 16:02:25,7,0,1,8
2021-06-28 16:02:51,0,0,0,0
2021-06-28 16:02:59,1,0,0,1
2021-06-28 16:03:36,2,0,1,3
2021-06-28 16:03:40,0,0,0,0
2021-06-28 16:04:11,1,0,0,1
2021-06-28 16:04:39,2,0,0,2
2021-06-28 16:04:43,5,1,1,7
2021-06-28 16:04:47,40,1,12,53
2021-06-28 16:06:03,0,0,0,0
2021-06-28 16:06:40,27,0,4,31
2021-06-28 16:08:17,0,0,0,0
2021-06-28 16:08:19,0,0,0,0
2021-06-28 16:08:49,46,0,6,52
2021-06-28 16:08:58,112,6,49,167
2021-06-28 16:09:22,0,0,0,0
2021-06-28 16:09:51,0,0,0,0
2021-06-28 16:10:03,5,0,3,8
2021-06-28 16:10:38,9,1,4,14
2021-06-28 16:10:39,8,1,0,9
2021-06-28 16:10:41,2,0,0,2
2021-06-28 16:10:51,0,0,0,0
2021-06-28 16:11:15,1,0,0,1
2021-06-28 16:11:21,0,0,0,0
2021-06-28 16:12:02,2,1,0,3
2021-06-28 16:12:03,2,1,0,3
2021-06-28 16:13:00,1,0,0,1
2021-06-28 16:13:11,0,0,0,0
2021-06-28 16:13:13,9,2,0,11
2021-06-28 16:13:42,90,30,39,159
2021-06-28 16:14:28,38,2,19,59
2021-06-28 16:14:59,4,0,1,5
2021-06-28 16:16:36,2,2,0,4
2021-06-28 16:16:40,1,4,0,5
2021-06-28 16:20:23,0,5,0,5
2021-06-28 16:21:21,7,6,0,13
2021-06-28 16:21:34,2,6,1,9
2021-06-28 16:23:38,9,6,1,16
2021-06-28 16:24:05,0,0,0,0
2021-06-28 16:24:44,3,0,1,4
2021-06-28 16:25:35,0,6,0,6
2021-06-28 16:25:57,7,6,0,13
2021-06-28 16:29:23,1,0,0,1
2021-06-28 16:29:42,7,0,0,7
2021-06-28 16:31:48,1,0,0,1
2021-06-28 16:32:01,4,0,1,5
2021-06-28 16:32:39,18,2,3,23
2021-06-28 16:33:23,1,0,0,1
2021-06-28 16:37:19,0,0,0,0
2021-06-28 16:37:20,0,0,0,0
2021-06-28 16:37:32,1,0,0,1
2021-06-28 16:38:04,0,0,0,0
2021-06-28 16:38:23,5,0,1,6
2021-06-28 16:40:57,0,0,0,0
2021-06-28 16:40:59,0,0,0,0
2021-06-28 16:41:49,1,0,0,1
2021-06-28 16:42:04,1,1,0,2
2021-06-28 16:43:02,0,0,0,0
2021-06-28 16:43:35,4,0,0,4
2021-06-28 16:45:09,3,1,1,5
2021-06-28 16:46:22,3,0,0,3
2021-06-28 16:46:35,0,0,0,0
2021-06-28 16:46:37,0,0,0,0
2021-06-28 16:47:06,1,0,0,1
2021-06-28 16:47:55,27,4,11,42
2021-06-28 16:47:59,0,0,0,0
2021-06-28 16:49:11,0,0,0,0
2021-06-28 16:50:12,0,0,0,0
2021-06-28 16:50:19,0,0,0,0
2021-06-28 16:50:40,2,0,0,2
2021-06-28 16:51:21,1,0,0,1
2021-06-28 16:51:54,0,0,0,0
2021-06-28 16:52:04,0,1,0,1
2021-06-28 16:52:06,0,0,0,0
2021-06-28 16:52:48,9,2,1,12
2021-06-28 16:52:57,1,0,0,1
2021-06-28 16:53:15,0,0,0,0
2021-06-28 16:56:34,0,0,0,0
2021-06-28 16:56:50,66,7,3,76
2021-06-28 16:57:16,4,0,0,4
2021-06-28 16:59:15,0,0,0,0
2021-06-28 16:59:56,1,0,0,1
2021-06-28 17:00:00,103,6,22,131
2021-06-28 17:00:46,2,0,0,2
2021-06-28 17:00:50,1,0,0,1
2021-06-28 17:01:24,2544,45,433,3022
2021-06-28 17:02:34,11,0,4,15
2021-06-28 17:02:48,10,0,3,13
2021-06-28 17:04:08,2,0,1,3
2021-06-28 17:05:01,1,0,0,1
2021-06-28 17:05:02,2,0,0,2
2021-06-28 17:05:34,2,0,0,2
2021-06-28 17:06:12,11,0,1,12
2021-06-28 17:07:53,5,1,1,7
2021-06-28 17:09:30,2,1,0,3
2021-06-28 17:09:31,0,0,0,0
2021-06-28 17:10:01,0,0,0,0
2021-06-28 17:10:24,4,0,0,4
2021-06-28 17:11:31,0,0,0,0
2021-06-28 17:12:29,0,0,0,0
2021-06-28 17:12:53,2,0,0,2
2021-06-28 17:13:16,0,0,0,0
2021-06-28 17:14:54,0,0,0,0
2021-06-28 17:15:16,57,5,37,99
2021-06-28 17:16:34,1,0,0,1
2021-06-28 17:17:25,84,6,21,111
2021-06-28 17:17:26,0,0,1,1
2021-06-28 17:17:46,10,0,4,14
2021-06-28 17:17:52,2,0,0,2
2021-06-28 17:18:47,40,1,14,55
2021-06-28 17:21:21,2,0,1,3
2021-06-28 17:22:49,0,0,0,0
2021-06-28 17:23:06,0,0,0,0
2021-06-28 17:23:14,1,0,1,2
2021-06-28 17:23:27,1,0,1,2
2021-06-28 17:24:29,2,0,0,2
2021-06-28 17:24:51,0,0,0,0
2021-06-28 17:25:53,14,2,7,23
2021-06-28 17:25:56,0,0,0,0
2021-06-28 17:25:57,20,0,7,27
2021-06-28 17:26:00,1,0,0,1
2021-06-28 17:26:47,1,0,0,1
2021-06-28 17:27:19,2,0,0,2
2021-06-28 17:29:44,31,0,21,52
2021-06-28 17:29:55,1,0,0,1
2021-06-28 17:30:00,3,0,2,5
2021-06-28 17:30:37,0,0,0,0
2021-06-28 17:31:27,0,0,0,0
2021-06-28 17:31:36,26,1,6,33
2021-06-28 17:31:51,0,0,0,0
2021-06-28 17:32:12,3,0,1,4
2021-06-28 17:32:35,1,0,0,1
2021-06-28 17:32:51,0,0,0,0
2021-06-28 17:32:52,3,0,0,3
2021-06-28 17:34:54,0,0,0,0
2021-06-28 17:38:35,16,0,2,18
2021-06-28 17:39:06,0,0,0,0
2021-06-28 17:41:29,0,0,0,0
2021-06-28 17:42:18,0,0,0,0
2021-06-28 17:43:44,0,0,0,0
2021-06-28 17:44:01,0,0,0,0
2021-06-28 17:44:35,2,0,1,3
2021-06-28 17:46:02,0,0,0,0
2021-06-28 17:46:54,0,0,0,0
2021-06-28 17:48:30,1,0,0,1
2021-06-28 17:48:57,0,0,0,0
2021-06-28 17:49:52,0,0,0,0
2021-06-28 17:50:22,2,0,2,4
2021-06-28 17:51:10,9,1,4,14
2021-06-28 17:51:34,5,1,0,6
2021-06-28 17:51:44,0,0,0,0
2021-06-28 17:52:01,19,1,4,24
2021-06-28 17:52:12,0,0,0,0
2021-06-28 17:52:19,1,0,0,1
2021-06-28 17:54:00,0,0,0,0
2021-06-28 17:54:36,3,0,3,6
2021-06-28 17:54:50,0,0,0,0
2021-06-28 17:55:08,0,0,0,0
2021-06-28 17:55:15,1,0,0,1
2021-06-28 17:55:43,1,0,1,2
2021-06-28 17:55:52,2,0,0,2
2021-06-28 17:56:28,2,0,1,3
2021-06-28 17:57:00,234,9,40,283
2021-06-28 17:57:42,14,1,3,18
2021-06-28 17:57:50,0,0,0,0
2021-06-28 17:58:15,0,0,1,1
2021-06-28 17:58:23,27,1,6,34
2021-06-28 17:58:46,39,2,16,57
2021-06-28 18:00:05,24,6,10,40
2021-06-28 18:00:11,10,1,3,14
2021-06-28 18:00:20,34,0,11,45
2021-06-28 18:02:52,4,1,0,5
2021-06-28 18:03:16,1,0,0,1
2021-06-28 18:03:30,60,0,20,80
2021-06-28 18:03:56,15,5,3,23
2021-06-28 18:04:52,2,0,0,2
2021-06-28 18:05:49,0,0,0,0
2021-06-28 18:06:14,1,0,1,2
2021-06-28 18:06:40,7,0,3,10
2021-06-28 18:07:04,53,3,14,70
2021-06-28 18:10:12,0,0,0,0
2021-06-28 18:10:24,0,0,0,0
2021-06-28 18:10:30,14,1,2,17
2021-06-28 18:11:10,0,0,0,0
2021-06-28 18:11:38,1,0,0,1
2021-06-28 18:11:46,0,0,0,0
2021-06-28 18:12:06,226,131,42,399
2021-06-28 18:13:36,13,0,3,16
2021-06-28 18:14:08,0,0,1,1
2021-06-28 18:15:25,0,0,0,0
2021-06-28 18:17:22,0,0,0,0
2021-06-28 18:17:35,0,0,0,0
2021-06-28 18:17:40,0,0,0,0
2021-06-28 18:18:05,2,0,3,5
2021-06-28 18:18:22,2,0,0,2
2021-06-28 18:18:42,2,0,1,3
2021-06-28 18:19:03,20,1,5,26
2021-06-28 18:19:14,14,0,4,18
2021-06-28 18:19:17,1,0,0,1
2021-06-28 18:20:23,0,0,0,0
2021-06-28 18:21:27,6,1,1,8
2021-06-28 18:22:27,138,4,49,191
2021-06-28 18:22:43,2,0,1,3
2021-06-28 18:22:45,3,0,1,4
2021-06-28 18:22:53,31,0,12,43
2021-06-28 18:23:16,28,0,7,35
2021-06-28 18:23:57,0,0,0,0
2021-06-28 18:24:12,1,0,0,1
2021-06-28 18:24:54,2,0,0,2
2021-06-28 18:25:22,3,0,1,4
2021-06-28 18:25:25,4,0,0,4
2021-06-28 18:26:40,60,4,11,75
2021-06-28 18:27:02,0,0,0,0
2021-06-28 18:27:15,1,0,0,1
2021-06-28 18:28:40,0,0,0,0
2021-06-28 18:29:02,0,1,0,1
2021-06-28 18:29:35,2,0,0,2
2021-06-28 18:29:54,0,0,0,0
2021-06-28 18:30:39,0,0,0,0
2021-06-28 18:30:46,0,0,0,0
2021-06-28 18:30:54,0,0,0,0
2021-06-28 18:31:45,8,3,1,12
2021-06-28 18:33:43,0,0,0,0
2021-06-28 18:34:03,3,1,0,4
2021-06-28 18:35:28,3,1,0,4
2021-06-28 18:35:52,0,0,0,0
2021-06-28 18:36:09,0,0,0,0
2021-06-28 18:36:31,0,0,0,0
2021-06-28 18:36:54,0,0,0,0
2021-06-28 18:38:07,16,1,2,19
2021-06-28 18:38:16,5,0,2,7
2021-06-28 18:39:01,5,0,0,5
2021-06-28 18:39:24,0,0,0,0
2021-06-28 18:39:28,0,0,0,0
2021-06-28 18:40:37,3,0,0,3
2021-06-28 18:40:42,1,1,0,2
2021-06-28 18:41:16,4,1,1,6
2021-06-28 18:41:45,0,0,0,0
2021-06-28 18:42:03,0,0,0,0
2021-06-28 18:43:13,5,0,3,8
2021-06-28 18:43:35,0,0,0,0
2021-06-28 18:44:03,0,0,0,0
2021-06-28 18:44:10,1,0,0,1
2021-06-28 18:45:27,1,0,1,2
2021-06-28 18:45:50,3,0,0,3
2021-06-28 18:45:51,0,0,0,0
2021-06-28 18:46:39,1,0,0,1
2021-06-28 18:46:43,0,0,0,0
2021-06-28 18:46:52,4,0,1,5
2021-06-28 18:48:05,0,0,0,0
2021-06-28 18:48:12,2,0,0,2
2021-06-28 18:48:36,0,0,0,0
2021-06-28 18:48:50,4,0,0,4
2021-06-28 18:48:54,0,0,0,0
2021-06-28 18:49:03,0,0,0,0
2021-06-28 18:49:09,18,0,6,24
2021-06-28 18:49:28,0,0,0,0
2021-06-28 18:49:37,1,0,0,1
2021-06-28 18:49:45,0,0,0,0
2021-06-28 18:50:47,0,0,0,0
2021-06-28 18:51:34,1,0,0,1
2021-06-28 18:52:36,0,0,0,0
2021-06-28 18:52:47,0,0,0,0
2021-06-28 18:53:03,0,0,0,0
2021-06-28 18:53:13,0,0,0,0
2021-06-28 18:53:56,1,0,0,1
2021-06-28 18:54:03,1,0,0,1
2021-06-28 18:55:03,0,0,0,0
2021-06-28 18:55:05,1,0,0,1
2021-06-28 18:55:29,0,0,0,0
2021-06-28 18:55:47,2,0,0,2
2021-06-28 18:57:41,0,0,0,0
2021-06-28 18:57:42,1,0,0,1
2021-06-28 18:58:03,0,0,0,0
2021-06-28 18:58:32,0,1,0,1
2021-06-28 18:58:34,2,0,0,2
2021-06-28 19:00:01,0,0,0,0
2021-06-28 19:00:18,3,0,1,4
2021-06-28 19:00:26,4,1,1,6
2021-06-28 19:01:06,0,0,0,0
2021-06-28 19:09:30,32,1,14,47
2021-06-28 19:10:50,0,0,0,0
2021-06-28 19:11:26,2,0,0,2
2021-06-28 19:11:54,0,0,0,0
2021-06-28 19:13:09,12,0,6,18
2021-06-28 19:13:21,1,0,0,1
2021-06-28 19:13:22,0,0,0,0
2021-06-28 19:13:39,0,0,0,0
2021-06-28 19:16:44,0,0,0,0
2021-06-28 19:17:17,0,0,0,0
2021-06-28 19:17:38,0,0,0,0
2021-06-28 19:17:40,408,0,8,416
2021-06-28 19:21:51,2,1,0,3
2021-06-28 19:23:07,3,0,0,3
2021-06-28 19:23:19,1,1,0,2
2021-06-28 19:23:24,0,0,0,0
2021-06-28 19:23:30,3,0,1,4
2021-06-28 19:23:40,0,0,0,0
2021-06-28 19:23:55,10,1,0,11
2021-06-28 19:25:04,39,1,7,47
2021-06-28 19:25:05,0,0,0,0
2021-06-28 19:25:55,0,0,0,0
2021-06-28 19:26:04,1,0,0,1
2021-06-28 19:26:20,4,1,1,6
2021-06-28 19:26:28,0,0,0,0
2021-06-28 19:26:46,0,0,0,0
2021-06-28 19:27:36,26,1,7,34
2021-06-28 19:30:12,24,0,6,30
2021-06-28 19:31:15,12,1,5,18
2021-06-28 19:31:54,182,13,46,241
2021-06-28 19:32:29,0,0,0,0
2021-06-28 19:32:52,0,0,0,0
2021-06-28 19:34:33,32,2,14,48
2021-06-28 19:34:43,0,0,0,0
2021-06-28 19:35:02,70,2,17,89
2021-06-28 19:35:07,35,13,0,48
2021-06-28 19:35:15,1,0,2,3
2021-06-28 19:36:42,0,0,0,0
2021-06-28 19:37:05,0,0,0,0
2021-06-28 19:38:17,1,1,0,2
2021-06-28 19:39:07,3,0,1,4
2021-06-28 19:39:15,0,0,0,0
2021-06-28 19:39:45,1,0,1,2
2021-06-28 19:40:22,5,0,2,7
2021-06-28 19:40:32,497,10,114,621
2021-06-28 19:40:56,0,0,0,0
2021-06-28 19:41:21,1,0,0,1
2021-06-28 19:41:39,1,0,0,1
2021-06-28 19:43:08,1,0,0,1
2021-06-28 19:44:44,0,0,0,0
2021-06-28 19:46:50,5,0,0,5
2021-06-28 19:48:15,2,0,0,2
2021-06-28 19:48:30,23,3,6,32
2021-06-28 19:49:30,5,0,0,5
2021-06-28 19:50:36,2,0,0,2
2021-06-28 19:50:41,1,0,1,2
2021-06-28 19:50:52,2,0,1,3
2021-06-28 19:51:01,3,0,0,3
2021-06-28 19:51:44,18,0,12,30
2021-06-28 19:52:12,22,2,0,24
2021-06-28 19:53:15,322,4,6,332
2021-06-28 19:53:31,7,1,1,9
2021-06-28 19:53:41,0,0,0,0
2021-06-28 19:55:32,0,0,0,0
2021-06-28 19:55:51,4,0,1,5
2021-06-28 19:55:53,1,1,7,9
2021-06-28 19:56:35,143,10,33,186
2021-06-28 19:56:39,12,0,0,12
2021-06-28 19:57:11,1,1,0,2
2021-06-28 19:57:29,0,0,0,0
2021-06-28 19:57:48,1,0,0,1
2021-06-28 20:00:02,0,0,0,0
2021-06-28 20:00:48,1,0,0,1
2021-06-28 20:02:34,0,0,0,0
2021-06-28 20:02:50,0,0,0,0
2021-06-28 20:03:04,22,2,13,37
2021-06-28 20:04:20,1,0,0,1
2021-06-28 20:04:32,0,0,0,0
2021-06-28 20:04:51,0,0,0,0
2021-06-28 20:05:50,0,0,0,0
2021-06-28 20:06:04,1,0,0,1
2021-06-28 20:06:14,19,1,1,21
2021-06-28 20:07:39,0,0,0,0
2021-06-28 20:08:04,0,0,0,0
2021-06-28 20:09:01,0,0,0,0
2021-06-28 20:09:55,2,0,0,2
2021-06-28 20:09:58,3,0,0,3
2021-06-28 20:10:11,0,0,0,0
2021-06-28 20:10:12,0,0,0,0
2021-06-28 20:11:24,1,0,0,1
2021-06-28 20:12:32,74,3,11,88
2021-06-28 20:12:35,0,0,0,0
2021-06-28 20:12:41,1,0,0,1
2021-06-28 20:14:35,0,0,0,0
2021-06-28 20:17:07,3,0,0,3
2021-06-28 20:17:56,0,0,0,0
2021-06-28 20:17:58,1,1,0,2
2021-06-28 20:18:36,2,0,1,3
2021-06-28 20:18:54,2,0,0,2
2021-06-28 20:23:05,3,1,0,4
2021-06-28 20:23:49,0,0,0,0
2021-06-28 20:24:25,1,0,0,1
2021-06-28 20:27:33,0,0,0,0
2021-06-28 20:28:14,0,0,0,0
2021-06-28 20:30:00,186,2,41,229
2021-06-28 20:30:08,0,0,0,0
2021-06-28 20:31:50,56,1,5,62
2021-06-28 20:31:52,1,0,0,1
2021-06-28 20:32:25,2,0,0,2
2021-06-28 20:32:55,1,0,0,1
2021-06-28 20:33:01,0,0,0,0
2021-06-28 20:33:08,1,0,0,1
2021-06-28 20:33:13,14,0,2,16
2021-06-28 20:33:19,0,0,0,0
2021-06-28 20:33:22,0,0,0,0
2021-06-28 20:33:40,1,0,0,1
2021-06-28 20:33:58,2,0,0,2
2021-06-28 20:34:28,2,1,0,3
2021-06-28 20:34:59,0,0,0,0
2021-06-28 20:35:01,4,1,0,5
2021-06-28 20:35:06,2,0,0,2
2021-06-28 20:35:22,0,0,0,0
2021-06-28 20:35:27,3,0,2,5
2021-06-28 20:35:44,3,0,0,3
2021-06-28 20:36:07,16,1,6,23
2021-06-28 20:36:14,4245,68,551,4864
2021-06-28 20:36:18,1,0,0,1
2021-06-28 20:36:40,4,0,0,4
2021-06-28 20:36:57,0,0,0,0
2021-06-28 20:37:17,1,0,0,1
2021-06-28 20:37:46,1,0,0,1
2021-06-28 20:37:48,0,0,0,0
2021-06-28 20:37:50,3,0,0,3
2021-06-28 20:38:23,2,0,0,2
2021-06-28 20:38:25,1,0,0,1
2021-06-28 20:38:55,0,0,0,0
2021-06-28 20:39:16,2,0,1,3
2021-06-28 20:39:29,0,0,0,0
2021-06-28 20:39:53,14,0,10,24
2021-06-28 20:39:57,1,1,0,2
2021-06-28 20:40:14,1,1,0,2
2021-06-28 20:40:31,0,0,0,0
2021-06-28 20:40:39,25,1,2,28
2021-06-28 20:41:09,2,0,1,3
2021-06-28 20:41:36,1,0,0,1
2021-06-28 20:42:45,0,0,0,0
2021-06-28 20:42:47,2,0,0,2
2021-06-28 20:43:10,4,0,1,5
2021-06-28 20:43:26,2,0,0,2
2021-06-28 20:43:41,2,0,0,2
2021-06-28 20:43:49,7,0,2,9
2021-06-28 20:43:55,0,0,0,0
2021-06-28 20:44:19,22,1,4,27
2021-06-28 20:44:44,0,0,0,0
2021-06-28 20:44:56,1,0,0,1
2021-06-28 20:46:03,2,0,1,3
2021-06-28 20:46:57,0,0,0,0
2021-06-28 20:47:06,3,0,1,4
2021-06-28 20:47:15,0,0,0,0
2021-06-28 20:47:16,0,0,0,0
2021-06-28 20:47:20,0,0,0,0
2021-06-28 20:47:55,2,0,1,3
2021-06-28 20:47:57,0,0,0,0
2021-06-28 20:48:09,1,0,0,1
2021-06-28 20:48:43,12,0,6,18
2021-06-28 20:48:49,12,1,6,19
2021-06-28 20:48:56,0,0,0,0
2021-06-28 20:48:59,2,1,0,3
2021-06-28 20:49:03,2,0,2,4
2021-06-28 20:49:46,1,0,0,1
2021-06-28 20:50:46,1,0,0,1
2021-06-28 20:50:57,2,1,0,3
2021-06-28 20:51:16,18,2,5,25
2021-06-28 20:52:07,3,0,1,4
2021-06-28 20:52:22,1,0,0,1
2021-06-28 20:52:40,1,0,0,1
2021-06-28 20:52:55,5,0,2,7
2021-06-28 20:53:01,0,0,0,0
2021-06-28 20:53:29,1,0,0,1
2021-06-28 20:54:04,13,0,0,13
2021-06-28 20:54:10,4,0,2,6
2021-06-28 20:55:26,1,0,1,2
2021-06-28 20:55:28,0,0,0,0
2021-06-28 20:55:48,1,0,0,1
2021-06-28 20:56:19,0,0,0,0
2021-06-28 20:57:11,0,0,0,0
2021-06-28 20:57:17,1,0,0,1
2021-06-28 20:57:33,0,0,0,0
2021-06-28 20:58:04,1,0,0,1
2021-06-28 20:58:16,0,0,0,0
2021-06-28 20:58:55,187,14,72,273
2021-06-28 20:58:56,1,0,0,1
2021-06-28 21:00:01,50,0,16,66
2021-06-28 21:00:08,0,0,0,0
2021-06-28 21:00:11,2,0,1,3
2021-06-28 21:00:13,4,0,1,5
2021-06-28 21:02:00,1,2,0,3
2021-06-28 21:03:12,2,0,0,2
2021-06-28 21:03:22,0,0,0,0
2021-06-28 21:03:44,2,0,1,3
2021-06-28 21:04:22,3,0,1,4
2021-06-28 21:04:36,1,0,0,1
2021-06-28 21:04:37,0,0,0,0
2021-06-28 21:04:39,1,0,0,1
2021-06-28 21:05:21,0,0,0,0
2021-06-28 21:05:36,0,0,0,0
2021-06-28 21:06:53,1,0,0,1
2021-06-28 21:07:41,0,1,0,1
2021-06-28 21:07:51,0,0,0,0
2021-06-28 21:08:05,1,0,0,1
2021-06-28 21:08:26,14,3,7,24
2021-06-28 21:08:54,6,0,2,8
2021-06-28 21:09:27,22,0,4,26
2021-06-28 21:10:39,64,6,10,80
2021-06-28 21:11:43,35,0,11,46
2021-06-28 21:11:58,2,1,0,3
2021-06-28 21:12:02,1,0,0,1
2021-06-28 21:12:13,12,0,1,13
2021-06-28 21:12:17,1,0,0,1
2021-06-28 21:12:48,2,0,0,2
2021-06-28 21:12:50,3,1,1,5
2021-06-28 21:12:51,0,0,0,0
2021-06-28 21:13:54,0,0,0,0
2021-06-28 21:14:26,0,0,0,0
2021-06-28 21:14:36,0,0,0,0
2021-06-28 21:14:46,0,0,0,0
2021-06-28 21:15:11,18,3,8,29
2021-06-28 21:15:33,0,0,0,0
2021-06-28 21:15:49,0,0,0,0
2021-06-28 21:16:29,7,0,0,7
2021-06-28 21:16:49,22,0,7,29
2021-06-28 21:16:51,4,0,0,4
2021-06-28 21:17:05,0,0,0,0
2021-06-28 21:17:35,0,0,0,0
2021-06-28 21:17:46,10,2,6,18
2021-06-28 21:18:38,1,0,0,1
2021-06-28 21:20:39,18,1,2,21
2021-06-28 21:20:49,549,13,86,648
2021-06-28 21:20:56,0,0,0,0
2021-06-28 21:21:06,6,0,6,12
2021-06-28 21:21:24,0,0,1,1
2021-06-28 21:23:04,1,0,0,1
2021-06-28 21:23:12,52,3,24,79
2021-06-28 21:23:22,1,0,0,1
2021-06-28 21:23:55,0,0,0,0
2021-06-28 21:24:15,0,0,0,0
2021-06-28 21:24:55,3,1,1,5
2021-06-28 21:25:04,0,0,0,0
2021-06-28 21:25:06,1,0,0,1
2021-06-28 21:25:34,0,0,0,0
2021-06-28 21:25:52,1,0,0,1
2021-06-28 21:26:37,0,0,0,0
2021-06-28 21:26:39,3,0,1,4
2021-06-28 21:27:33,0,0,0,0
2021-06-28 21:28:14,4,2,0,6
2021-06-28 21:28:24,0,0,0,0
2021-06-28 21:29:14,17,0,5,22
2021-06-28 21:29:24,3,0,1,4
2021-06-28 21:30:56,1,0,0,1
2021-06-28 21:31:11,0,0,0,0
2021-06-28 21:32:01,4,0,0,4
2021-06-28 21:32:17,41,2,12,55
2021-06-28 21:32:42,16,0,9,25
2021-06-28 21:32:46,4,0,0,4
2021-06-28 21:33:05,2,0,0,2
2021-06-28 21:33:34,2,0,0,2
2021-06-28 21:34:01,4,0,0,4
2021-06-28 21:34:18,6,0,4,10
2021-06-28 21:35:26,0,0,0,0
2021-06-28 21:36:34,1,0,0,1
2021-06-28 21:37:06,0,0,0,0
2021-06-28 21:37:17,1,0,0,1
2021-06-28 21:37:23,0,0,0,0
2021-06-28 21:37:33,0,0,0,0
2021-06-28 21:37:44,0,0,0,0
2021-06-28 21:38:41,1,0,0,1
2021-06-28 21:38:53,0,0,0,0
2021-06-28 21:39:07,1,0,0,1
2021-06-28 21:39:22,3,0,1,4
2021-06-28 21:39:36,1,0,0,1
2021-06-28 21:40:07,0,0,0,0
2021-06-28 21:40:15,1,0,1,2
2021-06-28 21:40:27,6,0,1,7
2021-06-28 21:41:03,0,0,0,0
2021-06-28 21:41:50,1,0,0,1
2021-06-28 21:42:21,0,0,0,0
2021-06-28 21:42:34,1,0,0,1
2021-06-28 21:42:40,5,0,0,5
2021-06-28 21:43:09,0,0,0,0
2021-06-28 21:43:24,3,0,1,4
2021-06-28 21:44:24,2,0,1,3
2021-06-28 21:44:28,8,1,2,11
2021-06-28 21:44:48,4,0,2,6
2021-06-28 21:45:04,13,0,8,21
2021-06-28 21:45:49,0,0,0,0
2021-06-28 21:46:17,0,0,0,0
2021-06-28 21:48:05,0,0,0,0
2021-06-28 21:48:48,6,0,1,7
2021-06-28 21:50:10,1,0,1,2
2021-06-28 21:52:03,0,0,0,0
2021-06-28 21:52:18,36,0,11,47
2021-06-28 21:53:54,1,0,0,1
2021-06-28 21:54:17,1,0,0,1
2021-06-28 21:54:24,1,0,0,1
2021-06-28 21:54:25,4,0,1,5
2021-06-28 21:54:41,0,0,0,0
2021-06-28 21:56:23,0,0,0,0
2021-06-28 21:57:08,10,0,3,13
2021-06-28 21:57:39,134,1,21,156
2021-06-28 21:58:40,2,0,0,2
2021-06-28 21:58:44,3,0,0,3
2021-06-28 21:59:37,0,0,0,0
2021-06-28 21:59:49,2,0,2,4
2021-06-28 22:00:23,0,0,0,0
2021-06-28 22:00:52,1,0,0,1
2021-06-28 22:02:02,3,0,0,3
2021-06-28 22:02:17,7,0,2,9
2021-06-28 22:02:59,0,0,0,0
2021-06-28 22:03:00,76,2,27,105
2021-06-28 22:03:07,0,0,0,0
2021-06-28 22:03:32,0,0,0,0
2021-06-28 22:03:44,0,0,0,0
2021-06-28 22:03:49,0,0,0,0
2021-06-28 22:04:49,0,0,0,0
2021-06-28 22:05:52,0,0,0,0
2021-06-28 22:05:57,0,0,0,0
2021-06-28 22:06:18,0,0,0,0
2021-06-28 22:06:28,1,0,0,1
2021-06-28 22:06:40,0,0,0,0
2021-06-28 22:06:57,0,0,0,0
2021-06-28 22:08:00,0,0,0,0
2021-06-28 22:08:03,1,0,0,1
2021-06-28 22:08:22,0,0,0,0
2021-06-28 22:09:22,9,0,3,12
2021-06-28 22:10:16,0,0,0,0
2021-06-28 22:13:51,7,0,0,7
2021-06-28 22:14:50,3,1,0,4
2021-06-28 22:14:55,0,0,0,0
2021-06-28 22:15:17,20,0,3,23
2021-06-28 22:17:49,1,0,0,1
2021-06-28 22:19:24,0,0,0,0
2021-06-28 22:19:57,0,0,0,0
2021-06-28 22:20:10,0,0,0,0
2021-06-28 22:20:43,0,0,0,0
2021-06-28 22:21:55,0,0,0,0
2021-06-28 22:22:23,20,2,10,32
2021-06-28 22:23:14,0,0,0,0
2021-06-28 22:23:47,0,0,0,0
2021-06-28 22:24:19,0,0,0,0
2021-06-28 22:25:27,0,0,0,0
2021-06-28 22:26:19,0,0,0,0
2021-06-28 22:27:36,18,2,12,32
2021-06-28 22:30:25,0,0,0,0
2021-06-28 22:30:35,0,0,0,0
2021-06-28 22:30:51,0,0,0,0
2021-06-28 22:31:24,0,0,0,0
2021-06-28 22:32:28,0,0,0,0
2021-06-28 22:33:42,1,0,1,2
2021-06-28 22:34:19,7,4,1,12
2021-06-28 22:34:42,2,0,1,3
2021-06-28 22:35:00,164,6,29,199
2021-06-28 22:35:17,1,0,0,1
2021-06-28 22:36:18,1,0,0,1
2021-06-28 22:36:47,0,0,0,0
2021-06-28 22:38:45,0,0,0,0
2021-06-28 22:40:34,8,3,0,11
2021-06-28 22:41:11,1,0,0,1
2021-06-28 22:41:14,3,0,0,3
2021-06-28 22:41:51,0,0,0,0
2021-06-28 22:41:54,0,0,0,0
2021-06-28 22:42:22,1,0,0,1
2021-06-28 22:43:04,0,0,0,0
2021-06-28 22:44:11,1,0,1,2
2021-06-28 22:45:00,1,0,0,1
2021-06-28 22:46:59,1,1,0,2
2021-06-28 22:47:16,16,4,8,28
2021-06-28 22:50:21,1,0,0,1
2021-06-28 22:50:39,0,0,0,0
2021-06-28 22:51:56,5,1,4,10
2021-06-28 22:53:02,3,0,0,3
2021-06-28 22:55:32,0,0,0,0
2021-06-28 22:56:44,1,0,0,1
2021-06-28 22:57:54,1,0,0,1
2021-06-28 22:59:00,4963,68,557,5588
2021-06-28 23:02:00,4,0,1,5
2021-06-28 23:02:45,1,0,0,1
2021-06-28 23:02:58,17,0,6,23
2021-06-28 23:03:56,1,1,0,2
2021-06-28 23:04:21,1,0,0,1
2021-06-28 23:05:12,1329,95,195,1619
2021-06-28 23:06:43,1,0,0,1
2021-06-28 23:06:59,1,1,0,2
2021-06-28 23:07:05,0,0,0,0
2021-06-28 23:07:08,1,0,0,1
2021-06-28 23:07:12,0,0,0,0
2021-06-28 23:08:27,2,1,0,3
2021-06-28 23:09:11,0,0,0,0
2021-06-28 23:10:00,0,1,0,1
2021-06-28 23:10:56,0,0,0,0
2021-06-28 23:11:18,2,0,0,2
2021-06-28 23:11:45,0,0,0,0
2021-06-28 23:11:54,7,0,3,10
2021-06-28 23:12:19,0,0,0,0
2021-06-28 23:12:44,0,0,0,0
2021-06-28 23:12:54,4,2,0,6
2021-06-28 23:14:00,0,0,0,0
2021-06-28 23:14:35,1,0,0,1
2021-06-28 23:16:16,0,0,0,0
2021-06-28 23:16:41,0,0,0,0
2021-06-28 23:18:36,0,0,0,0
2021-06-28 23:20:00,1,0,0,1
2021-06-28 23:20:12,0,0,0,0
2021-06-28 23:20:17,1,0,0,1
2021-06-28 23:21:10,0,0,0,0
2021-06-28 23:22:03,0,0,0,0
2021-06-28 23:22:06,2,0,1,3
2021-06-28 23:22:28,42,2,16,60
2021-06-28 23:23:06,1,0,0,1
2021-06-28 23:23:14,4,0,2,6
2021-06-28 23:23:26,0,0,0,0
2021-06-28 23:23:44,1,0,0,1
2021-06-28 23:24:23,5,0,2,7
2021-06-28 23:25:15,3,0,4,7
2021-06-28 23:25:32,0,0,0,0
2021-06-28 23:26:02,0,0,0,0
2021-06-28 23:26:22,0,3,0,3
2021-06-28 23:26:24,0,1,0,1
2021-06-28 23:26:31,2,0,12,14
2021-06-28 23:27:51,2,0,0,2
2021-06-28 23:28:27,3,0,0,3
2021-06-28 23:28:28,5,0,4,9
2021-06-28 23:28:37,1,0,0,1
2021-06-28 23:29:00,6,0,3,9
2021-06-28 23:31:37,2,5,1,8
2021-06-28 23:33:28,8,0,1,9
2021-06-28 23:37:28,3,0,0,3
2021-06-28 23:38:14,0,0,0,0
2021-06-28 23:40:37,0,0,0,0
2021-06-28 23:40:52,23,1,3,27
2021-06-28 23:42:24,30,0,6,36
2021-06-28 23:42:33,0,0,0,0
2021-06-28 23:45:49,0,0,0,0
2021-06-28 23:46:19,0,0,0,0
2021-06-28 23:46:34,0,0,0,0
2021-06-28 23:46:42,0,0,0,0
2021-06-28 23:46:55,0,0,0,0
2021-06-28 23:46:58,7,0,4,11
2021-06-28 23:47:07,0,0,0,0
2021-06-28 23:47:27,0,0,0,0
2021-06-28 23:48:05,0,0,0,0
2021-06-28 23:48:25,0,0,0,0
2021-06-28 23:48:42,2,0,1,3
2021-06-28 23:48:59,0,0,0,0
2021-06-28 23:49:28,1,0,0,1
2021-06-28 23:50:14,2,0,1,3
2021-06-28 23:50:24,2,0,0,2
2021-06-28 23:53:23,0,0,0,0
2021-06-28 23:54:14,1,0,0,1
2021-06-28 23:54:59,1,0,0,1
2021-06-28 23:56:50,1,0,0,1
2021-06-28 23:59:39,0,0,0,0
2021-06-29 00:00:00,16,0,2,18
2021-06-29 00:00:14,1,0,0,1
2021-06-29 00:02:16,0,0,0,0
2021-06-29 00:02:23,19,0,9,28
2021-06-29 00:03:51,5,0,2,7
2021-06-29 00:06:27,4,0,1,5
2021-06-29 00:09:02,0,0,0,0
2021-06-29 00:10:02,0,0,0,0
2021-06-29 00:19:59,1,0,0,1
2021-06-29 00:20:00,4,0,1,5
2021-06-29 00:20:01,0,0,0,0
2021-06-29 00:21:52,6,0,0,6
2021-06-29 00:26:17,2,0,1,3
2021-06-29 00:29:23,3,1,1,5
2021-06-29 00:29:27,0,0,0,0
2021-06-29 00:29:39,1,0,0,1
2021-06-29 00:30:40,0,0,0,0
2021-06-29 00:30:49,109,4,20,133
2021-06-29 00:32:07,1,0,0,1
2021-06-29 00:33:24,3,0,2,5
2021-06-29 00:37:17,3,0,1,4
2021-06-29 00:37:21,40,0,13,53
2021-06-29 00:39:51,0,0,0,0
2021-06-29 00:40:00,10,0,3,13
2021-06-29 00:41:22,0,0,0,0
2021-06-29 00:42:04,0,0,0,0
2021-06-29 00:43:01,7,0,3,10
2021-06-29 00:46:46,17,0,13,30
2021-06-29 00:57:06,0,0,0,0
2021-06-29 01:00:01,11,1,4,16
2021-06-29 01:00:41,0,0,0,0
2021-06-29 01:01:45,0,0,0,0
2021-06-29 01:04:20,3,0,0,3
2021-06-29 01:04:22,0,0,0,0
2021-06-29 01:05:39,1,0,0,1
2021-06-29 01:05:54,1,0,1,2
2021-06-29 01:06:11,0,0,0,0
2021-06-29 01:06:32,0,0,0,0
2021-06-29 01:07:01,0,0,0,0
2021-06-29 01:07:06,0,0,0,0
2021-06-29 01:07:21,0,0,0,0
2021-06-29 01:07:36,0,0,0,0
2021-06-29 01:07:56,0,0,0,0
2021-06-29 01:10:32,2,0,0,2
2021-06-29 01:10:52,2,0,1,3
2021-06-29 01:13:11,5,0,2,7
2021-06-29 01:13:40,22,1,4,27
2021-06-29 01:26:48,7,1,3,11
2021-06-29 01:27:45,0,0,0,0
2021-06-29 01:27:47,8,0,4,12
2021-06-29 01:28:29,7,0,4,11
2021-06-29 01:29:58,36,1,11,48
2021-06-29 01:30:00,83,3,18,104
2021-06-29 01:30:14,7,0,2,9
2021-06-29 01:31:02,5,0,2,7
2021-06-29 01:32:01,17,0,5,22
2021-06-29 01:32:58,6,0,1,7
2021-06-29 01:34:59,12,0,3,15
2021-06-29 01:35:06,3,0,0,3
2021-06-29 01:36:58,0,0,0,0
2021-06-29 01:39:18,0,0,0,0
2021-06-29 01:39:54,0,0,0,0
2021-06-29 01:41:02,0,0,0,0
2021-06-29 01:44:09,0,0,0,0
2021-06-29 01:45:44,8,0,2,10
2021-06-29 01:46:18,0,0,0,0
2021-06-29 01:49:19,0,0,0,0
2021-06-29 01:55:50,0,0,0,0
2021-06-29 01:56:37,0,0,0,0
2021-06-29 02:00:00,14,0,1,15
2021-06-29 02:00:05,0,0,0,0
2021-06-29 02:04:10,0,0,0,0
2021-06-29 02:06:13,0,0,0,0
2021-06-29 02:13:58,0,0,0,0
2021-06-29 02:14:19,0,0,0,0
2021-06-29 02:14:31,0,0,0,0
2021-06-29 02:20:00,52,1,25,78
2021-06-29 02:20:53,0,0,0,0
2021-06-29 02:25:46,2,1,1,4
2021-06-29 02:28:41,4,0,1,5
2021-06-29 02:32:18,1,0,0,1
2021-06-29 02:32:54,2,0,1,3
2021-06-29 02:34:21,2,0,2,4
2021-06-29 02:37:01,2,0,0,2
2021-06-29 02:37:25,0,0,0,0
2021-06-29 03:08:36,0,1,0,1
2021-06-29 03:16:24,22,0,16,38
2021-06-29 03:17:14,0,0,0,0
2021-06-29 03:58:51,4,0,1,5
2021-06-29 04:05:14,9,4,1,14
2021-06-29 04:08:03,1,1,0,2
2021-06-29 04:12:09,3,0,1,4
2021-06-29 04:24:06,1,0,0,1
2021-06-29 04:27:09,0,0,0,0
2021-06-29 04:27:15,0,0,0,0
2021-06-29 04:30:42,0,0,0,0
2021-06-29 04:43:00,0,0,0,0
2021-06-29 04:55:37,21,1,10,32
2021-06-29 04:59:03,1,0,1,2
2021-06-29 05:03:58,1,0,0,1
2021-06-29 05:05:21,1,0,0,1
2021-06-29 05:06:01,2,0,0,2
2021-06-29 05:08:15,2,0,0,2
2021-06-29 05:09:24,0,0,0,0
2021-06-29 05:15:37,2,0,0,2
2021-06-29 05:18:15,1,0,0,1
2021-06-29 05:19:06,3,0,0,3
2021-06-29 05:21:58,3,1,2,6
2021-06-29 05:29:20,0,0,0,0
2021-06-29 05:30:45,0,0,0,0
2021-06-29 05:33:10,0,0,0,0
2021-06-29 05:33:27,0,0,0,0
2021-06-29 05:34:21,0,0,0,0
2021-06-29 05:36:21,1,0,0,1
2021-06-29 05:38:57,481,12,124,617
2021-06-29 05:50:27,1,0,0,1
2021-06-29 05:58:40,3,0,0,3
2021-06-29 06:00:00,39,4,24,67
2021-06-29 06:09:29,12,0,2,14
2021-06-29 06:21:13,0,0,0,0
2021-06-29 06:21:44,4,0,0,4
2021-06-29 06:22:48,1,0,0,1
2021-06-29 06:22:57,0,0,0,0
2021-06-29 06:30:55,4,0,0,4
2021-06-29 06:31:51,2,0,0,2
2021-06-29 06:39:18,0,0,0,0
2021-06-29 06:41:29,1,0,0,1
2021-06-29 06:42:44,1,0,0,1
2021-06-29 06:43:10,2,0,1,3
2021-06-29 06:45:11,0,0,0,0
2021-06-29 06:49:12,2656,117,298,3071
2021-06-29 06:50:48,0,0,0,0
2021-06-29 06:55:08,0,0,0,0
2021-06-29 06:58:23,0,0,0,0
2021-06-29 07:02:24,23,3,0,26
2021-06-29 07:04:37,0,1,0,1
2021-06-29 07:06:21,0,0,0,0
2021-06-29 07:08:54,0,0,0,0
2021-06-29 07:09:15,1,0,0,1
2021-06-29 07:10:15,0,0,0,0
2021-06-29 07:14:20,0,0,0,0
2021-06-29 07:17:10,0,0,0,0
2021-06-29 07:21:15,0,0,0,0
2021-06-29 07:21:32,755,15,111,881
2021-06-29 07:25:16,172,4,28,204
2021-06-29 07:27:00,0,0,0,0
2021-06-29 07:30:06,4,0,1,5
2021-06-29 07:31:33,1,0,0,1
2021-06-29 07:33:35,6,0,0,6
2021-06-29 07:33:40,0,0,0,0
2021-06-29 07:35:10,0,0,0,0
2021-06-29 07:36:57,1,0,0,1
2021-06-29 07:37:13,2,0,0,2
2021-06-29 07:38:02,2,1,0,3
2021-06-29 07:38:32,0,0,0,0
2021-06-29 07:41:35,0,0,0,0
2021-06-29 07:43:34,0,0,0,0
2021-06-29 07:44:20,4,0,1,5
2021-06-29 07:45:36,0,0,0,0
2021-06-29 07:49:48,2,0,0,2
2021-06-29 07:51:18,6,0,3,9
2021-06-29 07:52:12,0,0,0,0
2021-06-29 07:54:34,4,0,0,4
2021-06-29 07:56:46,0,0,0,0
2021-06-29 07:59:07,4,0,0,4
2021-06-29 08:00:31,0,1,0,1
2021-06-29 08:05:14,0,0,0,0
2021-06-29 08:06:12,2,0,0,2
2021-06-29 08:11:05,1,0,0,1
2021-06-29 08:11:28,0,0,0,0
2021-06-29 08:14:26,3,1,1,5
2021-06-29 08:15:57,0,0,0,0
2021-06-29 08:16:56,0,0,0,0
2021-06-29 08:24:18,6,2,2,10
2021-06-29 08:25:47,0,0,0,0
2021-06-29 08:26:04,0,0,0,0
2021-06-29 08:26:52,0,0,0,0
2021-06-29 08:28:08,0,0,0,0
2021-06-29 08:29:24,0,0,0,0
2021-06-29 08:29:41,0,0,0,0
2021-06-29 08:30:01,3,0,0,3
2021-06-29 08:30:32,0,0,0,0
2021-06-29 08:30:36,0,0,0,0
2021-06-29 08:30:50,0,0,0,0
2021-06-29 08:31:07,3,1,0,4
2021-06-29 08:31:30,0,0,0,0
2021-06-29 08:31:56,0,0,0,0
2021-06-29 08:31:58,0,0,0,0
2021-06-29 08:32:09,0,0,0,0
2021-06-29 08:32:20,0,0,0,0
2021-06-29 08:32:31,0,0,0,0
2021-06-29 08:32:57,0,0,0,0
2021-06-29 08:33:07,0,0,0,0
2021-06-29 08:33:22,0,0,0,0
2021-06-29 08:33:45,0,0,0,0
2021-06-29 08:33:47,0,0,0,0
2021-06-29 08:34:07,0,0,0,0
2021-06-29 08:34:49,6,2,1,9
2021-06-29 08:34:59,2,0,0,2
2021-06-29 08:36:40,2,2,0,4
2021-06-29 08:38:32,0,0,0,0
2021-06-29 08:39:16,2,0,0,2
2021-06-29 08:39:28,0,0,0,0
2021-06-29 08:40:39,0,0,0,0
2021-06-29 08:40:58,0,0,0,0
2021-06-29 08:41:57,2,0,2,4
2021-06-29 08:46:00,17,0,12,29
2021-06-29 08:46:37,110,30,41,181
2021-06-29 08:47:08,1,0,0,1
2021-06-29 08:49:01,29,6,13,48
2021-06-29 08:50:08,0,0,0,0
2021-06-29 08:50:21,23,0,7,30
2021-06-29 08:50:22,0,0,0,0
2021-06-29 08:51:02,1,0,0,1
2021-06-29 08:52:02,0,0,0,0
2021-06-29 08:54:29,0,0,0,0
2021-06-29 08:57:14,0,0,0,0
2021-06-29 08:57:30,1,0,0,1
2021-06-29 08:58:11,0,0,0,0
2021-06-29 08:58:57,3,0,1,4
2021-06-29 09:01:33,0,0,0,0
2021-06-29 09:03:25,0,0,0,0
2021-06-29 09:04:30,0,0,0,0
2021-06-29 09:04:34,5,1,1,7
2021-06-29 09:06:30,2,0,0,2
2021-06-29 09:08:07,1,0,0,1
2021-06-29 09:08:24,2,0,0,2
2021-06-29 09:08:29,0,0,0,0
2021-06-29 09:09:48,0,0,0,0
2021-06-29 09:11:12,0,0,0,0
2021-06-29 09:11:51,0,0,0,0
2021-06-29 09:13:50,0,2,0,2
2021-06-29 09:15:46,0,0,0,0
2021-06-29 09:16:52,2,0,1,3
2021-06-29 09:17:16,1,0,0,1
2021-06-29 09:17:18,2,0,0,2
2021-06-29 09:20:11,0,0,0,0
2021-06-29 09:22:20,2,0,0,2
2021-06-29 09:23:07,112,4,28,144
2021-06-29 09:26:28,436,70,82,588
2021-06-29 09:30:52,0,0,0,0
2021-06-29 09:30:56,0,0,0,0
2021-06-29 09:40:34,0,0,0,0
2021-06-29 09:41:47,0,0,0,0
2021-06-29 09:42:35,0,0,0,0
2021-06-29 09:45:40,1,0,2,3
2021-06-29 09:46:22,1,0,0,1
2021-06-29 09:47:16,3,0,1,4
2021-06-29 09:47:20,0,0,0,0
2021-06-29 09:48:01,2,0,0,2
2021-06-29 09:48:30,0,0,0,0
2021-06-29 09:49:00,203,4,52,259
2021-06-29 09:53:08,0,0,0,0
2021-06-29 09:55:03,20,4,1,25
2021-06-29 09:55:24,4,0,0,4
2021-06-29 09:55:30,10,1,3,14
2021-06-29 09:55:33,0,0,0,0
2021-06-29 09:56:57,8,0,2,10
2021-06-29 09:59:21,2,0,0,2
2021-06-29 10:00:03,1,0,0,1
2021-06-29 10:00:40,0,0,0,0
2021-06-29 10:01:56,1,0,0,1
2021-06-29 10:02:07,0,0,0,0
2021-06-29 10:02:43,0,0,0,0
2021-06-29 10:02:51,0,0,0,0
2021-06-29 10:03:38,6,0,2,8
2021-06-29 10:04:05,19,1,10,30
2021-06-29 10:04:25,0,0,0,0
2021-06-29 10:04:38,0,0,0,0
2021-06-29 10:04:59,1,0,0,1
2021-06-29 10:05:14,0,0,0,0
2021-06-29 10:05:46,12,0,6,18
2021-06-29 10:07:25,1,0,0,1
2021-06-29 10:07:51,0,0,0,0
2021-06-29 10:08:18,127,5,9,141
2021-06-29 10:08:40,0,0,0,0
2021-06-29 10:08:43,5,1,0,6
2021-06-29 10:08:50,0,0,0,0
2021-06-29 10:09:03,1,0,0,1
2021-06-29 10:09:17,0,0,0,0
2021-06-29 10:09:50,0,0,0,0
2021-06-29 10:10:06,0,0,0,0
2021-06-29 10:10:10,0,0,0,0
2021-06-29 10:10:51,1,0,1,2
2021-06-29 10:12:38,1,0,0,1
2021-06-29 10:14:25,1,0,0,1
2021-06-29 10:16:52,2,0,1,3
2021-06-29 10:17:21,79,3,38,120
2021-06-29 10:18:33,1,0,0,1
2021-06-29 10:19:16,0,0,0,0
2021-06-29 10:19:49,0,0,0,0
2021-06-29 10:19:52,5,0,1,6
2021-06-29 10:20:47,5,1,1,7
2021-06-29 10:20:48,1,1,1,3
2021-06-29 10:23:02,10,0,5,15
2021-06-29 10:25:49,0,0,0,0
2021-06-29 10:26:35,1,0,0,1
2021-06-29 10:26:48,0,0,0,0
2021-06-29 10:28:00,1,0,0,1
2021-06-29 10:30:07,1,0,0,1
2021-06-29 10:30:11,0,0,0,0
2021-06-29 10:30:30,1,0,0,1
2021-06-29 10:30:46,2,0,0,2
2021-06-29 10:31:08,1,0,0,1
2021-06-29 10:31:36,0,0,0,0
2021-06-29 10:32:24,0,0,0,0
2021-06-29 10:32:40,0,0,0,0
2021-06-29 10:33:26,0,0,0,0
2021-06-29 10:33:52,0,0,0,0
2021-06-29 10:34:48,1,0,0,1
2021-06-29 10:39:59,1,0,0,1
2021-06-29 10:44:32,0,0,0,0
2021-06-29 10:45:56,2,0,0,2
2021-06-29 10:45:57,44,0,14,58
2021-06-29 10:46:22,1,0,0,1
2021-06-29 10:46:54,5,0,0,5
2021-06-29 10:47:22,4,1,0,5
2021-06-29 10:47:39,7,3,2,12
2021-06-29 10:47:52,1,1,0,2
2021-06-29 10:48:38,0,0,0,0
2021-06-29 10:49:57,0,0,0,0
2021-06-29 10:50:07,0,0,0,0
2021-06-29 10:50:52,1,0,0,1
2021-06-29 10:50:58,3,0,0,3
2021-06-29 10:51:06,0,0,0,0
2021-06-29 10:52:59,10,1,3,14
2021-06-29 10:54:24,2,0,0,2
2021-06-29 10:54:35,1,0,0,1
2021-06-29 10:54:40,1,0,0,1
2021-06-29 10:54:50,0,0,0,0
2021-06-29 10:56:44,0,0,0,0
2021-06-29 10:56:46,6,1,2,9
2021-06-29 10:58:35,1,0,0,1
2021-06-29 10:58:53,5,0,2,7
2021-06-29 10:59:16,0,0,0,0
2021-06-29 10:59:24,8,0,4,12
2021-06-29 11:00:32,1,0,0,1
2021-06-29 11:01:39,0,0,0,0
2021-06-29 11:01:48,0,0,0,0
2021-06-29 11:02:05,0,0,0,0
2021-06-29 11:02:32,0,0,0,0
2021-06-29 11:02:46,2,0,0,2
2021-06-29 11:02:55,5,1,0,6
2021-06-29 11:03:38,0,0,0,0
2021-06-29 11:03:44,103,0,35,138
2021-06-29 11:04:12,2,0,0,2
2021-06-29 11:04:21,17,4,9,30
2021-06-29 11:04:55,50,3,5,58
2021-06-29 11:05:42,1,0,0,1
2021-06-29 11:06:10,70,3,25,98
2021-06-29 11:07:07,1,0,0,1
2021-06-29 11:07:20,2,0,0,2
2021-06-29 11:07:52,1,0,0,1
2021-06-29 11:08:09,1,0,0,1
2021-06-29 11:08:56,1,0,1,2
2021-06-29 11:13:36,110,13,45,168
2021-06-29 11:14:31,8,0,2,10
2021-06-29 11:15:34,0,0,0,0
2021-06-29 11:18:05,0,0,0,0
2021-06-29 11:19:14,0,0,0,0
2021-06-29 11:20:11,23,0,9,32
2021-06-29 11:20:28,0,0,0,0
2021-06-29 11:21:35,1,0,0,1
2021-06-29 11:22:18,7,0,0,7
2021-06-29 11:23:14,2,0,0,2
2021-06-29 11:23:44,0,0,0,0
2021-06-29 11:24:30,8,0,2,10
2021-06-29 11:26:16,1,0,0,1
2021-06-29 11:28:01,2,0,1,3
2021-06-29 11:31:12,0,0,0,0
2021-06-29 11:31:47,2,0,0,2
2021-06-29 11:32:57,1,0,0,1
2021-06-29 11:33:30,0,0,0,0
2021-06-29 11:33:49,6,0,3,9
2021-06-29 11:35:38,11,0,2,13
2021-06-29 11:36:05,4,0,0,4
2021-06-29 11:36:41,2,0,0,2
2021-06-29 11:36:48,29,0,19,48
2021-06-29 11:38:01,0,0,0,0
2021-06-29 11:38:32,2922,148,473,3543
2021-06-29 11:38:46,0,0,0,0
2021-06-29 11:39:36,6,0,2,8
2021-06-29 11:44:47,0,0,0,0
2021-06-29 11:45:03,7,1,3,11
2021-06-29 11:45:19,1,0,1,2
2021-06-29 11:45:49,3,0,0,3
2021-06-29 11:46:41,4,0,0,4
2021-06-29 11:46:48,4,1,1,6
2021-06-29 11:47:08,30,1,14,45
2021-06-29 11:47:15,3,0,0,3
2021-06-29 11:47:33,2,1,0,3
2021-06-29 11:49:08,2,0,0,2
2021-06-29 11:49:32,1,0,0,1
2021-06-29 11:50:17,0,0,0,0
2021-06-29 11:51:45,0,0,0,0
2021-06-29 11:57:09,0,0,0,0
2021-06-29 11:57:29,9,1,6,16
2021-06-29 11:57:56,16,0,11,27
2021-06-29 11:58:18,0,0,0,0
2021-06-29 11:59:56,1,0,0,1
2021-06-29 12:00:01,35,1,23,59
2021-06-29 12:00:05,1,0,0,1
2021-06-29 12:00:07,3,0,0,3
2021-06-29 12:00:24,1,0,0,1
2021-06-29 12:00:48,0,1,0,1
2021-06-29 12:01:20,0,0,0,0
2021-06-29 12:01:21,4,0,0,4
2021-06-29 12:01:25,0,0,0,0
2021-06-29 12:01:37,1,0,0,1
2021-06-29 12:01:51,0,0,0,0
2021-06-29 12:02:21,6,1,3,10
2021-06-29 12:02:26,0,0,0,0
2021-06-29 12:02:39,22,2,7,31
2021-06-29 12:03:55,0,0,0,0
2021-06-29 12:04:33,6,0,0,6
2021-06-29 12:04:34,0,0,0,0
2021-06-29 12:05:15,10,2,6,18
2021-06-29 12:05:20,18,0,0,18
2021-06-29 12:06:09,0,0,0,0
2021-06-29 12:06:36,3,0,0,3
2021-06-29 12:06:58,0,0,0,0
2021-06-29 12:07:29,18,0,4,22
2021-06-29 12:07:45,3,0,4,7
2021-06-29 12:08:55,0,0,0,0
2021-06-29 12:09:39,0,0,0,0
2021-06-29 12:10:29,1,0,0,1
2021-06-29 12:10:45,4,1,1,6
2021-06-29 12:11:46,2,0,0,2
2021-06-29 12:11:56,0,0,0,0
2021-06-29 12:13:06,13,3,2,18
2021-06-29 12:13:48,38,2,24,64
2021-06-29 12:13:52,1,0,1,2
2021-06-29 12:14:05,0,0,0,0
2021-06-29 12:14:40,0,0,0,0
2021-06-29 12:15:06,12,1,1,14
2021-06-29 12:15:52,0,0,0,0
2021-06-29 12:16:20,0,0,0,0
2021-06-29 12:16:24,0,0,0,0
2021-06-29 12:16:35,0,0,0,0
2021-06-29 12:17:23,1,0,0,1
2021-06-29 12:18:07,1,1,0,2
2021-06-29 12:18:18,0,0,0,0
2021-06-29 12:18:37,1,0,0,1
2021-06-29 12:21:49,4,0,1,5
2021-06-29 12:22:25,7,4,0,11
2021-06-29 12:22:31,1,1,0,2
2021-06-29 12:23:00,1,0,0,1
2021-06-29 12:23:08,0,0,0,0
2021-06-29 12:25:03,35,1,17,53
2021-06-29 12:25:51,2,0,0,2
2021-06-29 12:25:53,2,0,0,2
2021-06-29 12:28:05,55,4,0,59
2021-06-29 12:28:40,1,0,0,1
2021-06-29 12:28:44,5,0,0,5
2021-06-29 12:28:45,0,0,0,0
2021-06-29 12:29:14,0,0,0,0
2021-06-29 12:30:53,0,0,0,0
2021-06-29 12:31:25,8,0,1,9
2021-06-29 12:31:28,0,0,0,0
2021-06-29 12:31:30,2,0,0,2
2021-06-29 12:32:12,16,0,7,23
2021-06-29 12:32:31,0,0,0,0
2021-06-29 12:32:58,0,0,0,0
2021-06-29 12:33:23,8,0,2,10
2021-06-29 12:33:44,19,6,6,31
2021-06-29 12:34:55,2,0,0,2
2021-06-29 12:35:09,3,0,0,3
2021-06-29 12:35:29,4,0,1,5
2021-06-29 12:35:38,6,1,3,10
2021-06-29 12:36:40,3,0,0,3
2021-06-29 12:37:50,208,5,39,252
2021-06-29 12:38:01,27,3,17,47
2021-06-29 12:39:11,7,0,0,7
2021-06-29 12:39:22,0,0,0,0
2021-06-29 12:39:50,7,0,0,7
2021-06-29 12:41:07,1,0,0,1
2021-06-29 12:42:04,1,0,0,1
2021-06-29 12:42:36,9,3,1,13
2021-06-29 12:45:14,1,1,0,2
2021-06-29 12:45:28,8,0,0,8
2021-06-29 12:45:40,1,0,0,1
2021-06-29 12:45:51,0,0,0,0
2021-06-29 12:46:25,1,0,0,1
2021-06-29 12:46:59,0,0,0,0
2021-06-29 12:47:25,6,0,2,8
2021-06-29 12:47:46,6,1,0,7
2021-06-29 12:48:08,364,7,25,396
2021-06-29 12:48:24,25,3,14,42
2021-06-29 12:48:33,1,1,0,2
2021-06-29 12:49:09,5,0,0,5
2021-06-29 12:50:05,0,0,0,0
2021-06-29 12:50:17,1,0,2,3
2021-06-29 12:50:51,0,0,0,0
2021-06-29 12:51:19,0,0,0,0
2021-06-29 12:51:22,1,0,1,2
2021-06-29 12:51:36,0,0,0,0
2021-06-29 12:51:48,35,0,17,52
2021-06-29 12:51:58,3,0,0,3
2021-06-29 12:52:09,16,2,5,23
2021-06-29 12:52:11,1,0,1,2
2021-06-29 12:52:32,0,0,0,0
2021-06-29 12:53:20,0,1,0,1
2021-06-29 12:53:58,1,0,0,1
2021-06-29 12:54:08,9,0,3,12
2021-06-29 12:54:13,2,0,0,2
2021-06-29 12:54:34,4,0,0,4
2021-06-29 12:55:58,760,15,207,982
2021-06-29 12:56:41,7,0,3,10
2021-06-29 12:56:48,1,0,0,1
2021-06-29 12:56:58,1,0,0,1
2021-06-29 12:57:00,1,0,2,3
2021-06-29 12:57:24,3,1,0,4
2021-06-29 12:58:22,0,0,0,0
2021-06-29 12:58:24,0,1,0,1
2021-06-29 12:58:43,0,0,0,0
2021-06-29 12:58:58,1,1,1,3
2021-06-29 12:59:54,16,0,8,24
2021-06-29 13:00:20,0,0,0,0
2021-06-29 13:01:05,0,0,0,0
2021-06-29 13:01:40,6,0,4,10
2021-06-29 13:01:57,0,0,0,0
2021-06-29 13:02:44,3,0,3,6
2021-06-29 13:03:53,91,4,19,114
2021-06-29 13:03:54,7,0,4,11
2021-06-29 13:04:24,0,0,0,0
2021-06-29 13:04:37,1,0,1,2
2021-06-29 13:04:51,0,0,0,0
2021-06-29 13:05:11,77,0,27,104
2021-06-29 13:05:30,2,0,2,4
2021-06-29 13:05:58,3,1,1,5
2021-06-29 13:06:59,1,0,0,1
2021-06-29 13:07:37,0,0,0,0
2021-06-29 13:08:00,12,1,2,15
2021-06-29 13:09:20,0,0,0,0
2021-06-29 13:09:45,24,5,7,36
2021-06-29 13:10:10,0,0,0,0
2021-06-29 13:10:37,17,1,6,24
2021-06-29 13:11:46,14,3,4,21
2021-06-29 13:11:50,13,1,2,16
2021-06-29 13:12:27,2,0,0,2
2021-06-29 13:14:50,4,0,0,4
2021-06-29 13:15:01,0,0,0,0
2021-06-29 13:15:04,11,0,2,13
2021-06-29 13:16:06,2,0,1,3
2021-06-29 13:16:09,0,0,0,0
2021-06-29 13:16:59,3,2,0,5
2021-06-29 13:17:46,1,0,0,1
2021-06-29 13:18:02,1,0,0,1
2021-06-29 13:19:22,42,0,7,49
2021-06-29 13:19:48,3,0,1,4
2021-06-29 13:20:02,20,0,8,28
2021-06-29 13:21:09,0,0,0,0
2021-06-29 13:21:34,4,1,1,6
2021-06-29 13:21:50,0,0,0,0
2021-06-29 13:22:14,1,0,0,1
2021-06-29 13:22:58,6,0,0,6
2021-06-29 13:23:26,2,0,2,4
2021-06-29 13:23:54,33,2,16,51
2021-06-29 13:24:00,6,1,0,7
2021-06-29 13:24:19,11,0,1,12
2021-06-29 13:24:34,0,0,0,0
2021-06-29 13:25:09,0,0,1,1
2021-06-29 13:25:11,2,1,0,3
2021-06-29 13:25:28,2,0,0,2
2021-06-29 13:25:38,1,0,0,1
2021-06-29 13:27:41,0,0,0,0
2021-06-29 13:28:03,5,2,1,8
2021-06-29 13:28:04,1,0,1,2
2021-06-29 13:28:45,14,0,2,16
2021-06-29 13:29:07,0,0,0,0
2021-06-29 13:30:00,0,0,0,0
2021-06-29 13:32:50,50,2,14,66
2021-06-29 13:35:48,0,0,0,0
2021-06-29 13:36:34,0,0,0,0
2021-06-29 13:37:35,0,0,0,0
2021-06-29 13:38:11,72,2,19,93
2021-06-29 13:38:13,6,0,2,8
2021-06-29 13:38:35,5,2,0,7
2021-06-29 13:38:37,1,0,0,1
2021-06-29 13:39:06,0,0,0,0
2021-06-29 13:42:18,6,0,0,6
2021-06-29 13:42:20,0,0,0,0
2021-06-29 13:42:32,5,0,3,8
2021-06-29 13:42:47,6,0,5,11
2021-06-29 13:43:16,0,0,0,0
2021-06-29 13:43:17,11,4,3,18
2021-06-29 13:43:41,0,0,0,0
2021-06-29 13:44:08,11,1,2,14
2021-06-29 13:44:48,5,0,3,8
2021-06-29 13:45:21,7,1,4,12
2021-06-29 13:45:24,3,1,0,4
2021-06-29 13:45:26,0,0,0,0
2021-06-29 13:46:03,1,0,0,1
2021-06-29 13:46:17,1,0,0,1
2021-06-29 13:47:27,0,0,2,2
2021-06-29 13:48:44,0,0,0,0
2021-06-29 13:48:46,4,0,2,6
2021-06-29 13:49:12,1,0,2,3
2021-06-29 13:49:21,0,0,0,0
2021-06-29 13:50:33,4,0,2,6
2021-06-29 13:50:36,1,0,3,4
2021-06-29 13:51:24,1,0,0,1
2021-06-29 13:51:38,0,1,0,1
2021-06-29 13:52:01,4,0,4,8
2021-06-29 13:52:33,1,0,0,1
2021-06-29 13:53:02,0,0,0,0
2021-06-29 13:53:53,2619,49,706,3374
2021-06-29 13:53:59,1,0,0,1
2021-06-29 13:54:25,0,0,0,0
2021-06-29 13:54:50,0,0,0,0
2021-06-29 13:55:06,8,0,4,12
2021-06-29 13:57:05,17,2,4,23
2021-06-29 13:57:58,3,0,1,4
2021-06-29 13:58:00,12,2,5,19
2021-06-29 13:58:09,0,0,0,0
2021-06-29 13:58:27,10,1,2,13
2021-06-29 13:58:48,25,4,16,45
2021-06-29 13:59:16,4,1,2,7
2021-06-29 13:59:23,0,0,0,0
2021-06-29 13:59:33,2,1,0,3
2021-06-29 13:59:58,9,0,0,9
2021-06-29 14:01:16,0,0,0,0
2021-06-29 14:01:36,0,0,0,0
2021-06-29 14:02:08,9,0,0,9
2021-06-29 14:02:57,0,0,0,0
2021-06-29 14:03:18,2,0,1,3
2021-06-29 14:04:10,0,0,0,0
2021-06-29 14:04:26,0,0,0,0
2021-06-29 14:05:09,1,0,0,1
2021-06-29 14:05:19,0,0,0,0
2021-06-29 14:06:09,0,0,0,0
2021-06-29 14:06:10,1,0,0,1
2021-06-29 14:06:47,1,0,0,1
2021-06-29 14:07:07,1,1,1,3
2021-06-29 14:07:12,1,0,1,2
2021-06-29 14:07:17,1,0,0,1
2021-06-29 14:07:20,0,0,0,0
2021-06-29 14:08:05,2,0,0,2
2021-06-29 14:08:27,0,0,0,0
2021-06-29 14:08:58,4,0,1,5
2021-06-29 14:08:59,1,0,0,1
2021-06-29 14:09:43,2,0,0,2
2021-06-29 14:09:50,2,0,0,2
2021-06-29 14:09:58,4,0,0,4
2021-06-29 14:10:10,14,0,1,15
2021-06-29 14:10:11,0,0,0,0
2021-06-29 14:10:30,0,0,0,0
2021-06-29 14:10:50,880,39,123,1042
2021-06-29 14:11:12,83,4,14,101
2021-06-29 14:11:38,0,0,0,0
2021-06-29 14:12:46,2,0,0,2
2021-06-29 14:13:35,2,0,0,2
2021-06-29 14:14:36,0,0,0,0
2021-06-29 14:14:39,0,0,2,2
2021-06-29 14:14:57,0,0,0,0
2021-06-29 14:15:03,0,1,0,1
2021-06-29 14:17:02,16,1,6,23
2021-06-29 14:17:50,5,0,6,11
2021-06-29 14:18:35,0,0,0,0
2021-06-29 14:18:38,17,1,9,27
2021-06-29 14:22:58,0,0,0,0
2021-06-29 14:23:29,14,2,9,25
2021-06-29 14:24:20,0,0,0,0
2021-06-29 14:24:26,10,0,4,14
2021-06-29 14:24:38,2,0,0,2
2021-06-29 14:24:39,1,0,0,1
2021-06-29 14:25:06,1,0,0,1
2021-06-29 14:26:21,6,0,3,9
2021-06-29 14:26:31,0,0,0,0
2021-06-29 14:26:50,5,0,2,7
2021-06-29 14:27:09,1,0,0,1
2021-06-29 14:27:18,18,0,6,24
2021-06-29 14:27:27,0,0,0,0
2021-06-29 14:27:32,28,2,13,43
2021-06-29 14:28:23,16,0,7,23
2021-06-29 14:29:17,4,0,0,4
2021-06-29 14:29:27,39,4,2,45
2021-06-29 14:29:29,1,0,0,1
2021-06-29 14:30:13,8,0,2,10
2021-06-29 14:30:14,15,3,8,26
2021-06-29 14:30:59,0,0,0,0
2021-06-29 14:31:12,1,0,0,1
2021-06-29 14:31:43,0,0,0,0
2021-06-29 14:32:13,17,2,8,27
2021-06-29 14:33:04,1,0,0,1
2021-06-29 14:34:04,0,0,0,0
2021-06-29 14:34:25,0,0,0,0
2021-06-29 14:34:36,37,4,25,66
2021-06-29 14:34:39,87,0,39,126
2021-06-29 14:35:16,274,32,99,405
2021-06-29 14:35:49,3,2,0,5
2021-06-29 14:35:56,6,0,1,7
2021-06-29 14:36:19,1,0,0,1
2021-06-29 14:36:21,0,0,0,0
2021-06-29 14:36:24,1,0,0,1
2021-06-29 14:36:35,0,0,0,0
2021-06-29 14:36:43,11,2,7,20
2021-06-29 14:37:41,0,0,0,0
2021-06-29 14:37:45,0,0,0,0
2021-06-29 14:37:52,0,0,0,0
2021-06-29 14:40:03,1,1,0,2
2021-06-29 14:40:29,1,0,1,2
2021-06-29 14:40:50,0,0,0,0
2021-06-29 14:41:52,0,0,0,0
2021-06-29 14:42:29,0,0,0,0
2021-06-29 14:43:02,2,0,1,3
2021-06-29 14:43:26,700,99,135,934
2021-06-29 14:44:49,0,0,0,0
2021-06-29 14:45:18,0,0,0,0
2021-06-29 14:46:39,4,0,1,5
2021-06-29 14:47:02,0,0,0,0
2021-06-29 14:47:08,3,0,0,3
2021-06-29 14:47:46,3912,83,373,4368
2021-06-29 14:48:20,0,0,0,0
2021-06-29 14:49:07,0,0,0,0
2021-06-29 14:49:12,0,0,0,0
2021-06-29 14:49:25,0,0,1,1
2021-06-29 14:50:43,3,0,0,3
2021-06-29 14:51:37,17,0,4,21
2021-06-29 14:52:45,0,0,0,0
2021-06-29 14:52:48,0,0,0,0
2021-06-29 14:52:53,0,0,0,0
2021-06-29 14:53:02,2,0,0,2
2021-06-29 14:53:03,0,0,0,0
2021-06-29 14:53:50,6,0,0,6
2021-06-29 14:54:01,1,1,0,2
2021-06-29 14:54:33,0,0,0,0
2021-06-29 14:54:36,0,0,0,0
2021-06-29 14:55:10,1,0,0,1
2021-06-29 14:55:41,1,0,0,1
2021-06-29 14:56:36,0,0,0,0
2021-06-29 14:58:34,0,0,0,0
2021-06-29 14:58:41,1,0,0,1
2021-06-29 14:59:13,7,0,4,11
2021-06-29 14:59:19,12,0,5,17
2021-06-29 14:59:40,0,0,0,0
2021-06-29 14:59:43,4,0,0,4
2021-06-29 14:59:54,0,0,0,0
2021-06-29 15:00:13,2,2,1,5
2021-06-29 15:00:23,3,1,1,5
2021-06-29 15:00:35,4,0,1,5
2021-06-29 15:00:44,0,2,2,4
2021-06-29 15:01:30,0,0,0,0
2021-06-29 15:02:03,3,0,0,3
2021-06-29 15:02:05,1,0,0,1
2021-06-29 15:02:20,0,1,0,1
2021-06-29 15:03:17,0,0,0,0
2021-06-29 15:04:00,36,3,10,49
2021-06-29 15:04:29,6,0,2,8
2021-06-29 15:04:36,12,0,7,19
2021-06-29 15:05:06,2,0,1,3
2021-06-29 15:05:53,11,1,6,18
2021-06-29 15:06:52,0,0,0,0
2021-06-29 15:08:22,0,0,0,0
2021-06-29 15:08:32,0,0,0,0
2021-06-29 15:08:49,0,0,0,0
2021-06-29 15:09:10,0,0,0,0
2021-06-29 15:09:53,21,0,17,38
2021-06-29 15:09:54,0,0,0,0
2021-06-29 15:11:07,363,9,92,464
2021-06-29 15:11:15,0,0,0,0
2021-06-29 15:13:32,7,0,3,10
2021-06-29 15:14:03,0,0,0,0
2021-06-29 15:15:02,0,0,0,0
2021-06-29 15:15:05,0,0,0,0
2021-06-29 15:15:19,0,0,0,0
2021-06-29 15:15:31,1,0,0,1
2021-06-29 15:15:47,1,0,1,2
2021-06-29 15:16:55,12,3,5,20
2021-06-29 15:18:20,0,0,0,0
2021-06-29 15:19:42,0,0,0,0
2021-06-29 15:19:43,1,0,1,2
2021-06-29 15:20:24,1,0,1,2
2021-06-29 15:20:47,0,0,0,0
2021-06-29 15:21:58,0,0,0,0
2021-06-29 15:22:06,2,0,0,2
2021-06-29 15:22:57,4,0,1,5
2021-06-29 15:23:56,2,0,0,2
2021-06-29 15:24:21,1,0,0,1
2021-06-29 15:24:26,3,0,3,6
2021-06-29 15:25:54,259,10,82,351
2021-06-29 15:28:08,0,0,0,0
2021-06-29 15:28:14,0,0,0,0
2021-06-29 15:29:37,2,0,0,2
2021-06-29 15:32:26,0,0,0,0
2021-06-29 15:33:07,2,0,0,2
2021-06-29 15:33:37,0,0,0,0
2021-06-29 15:34:02,0,0,0,0
2021-06-29 15:34:57,0,0,0,0
2021-06-29 15:35:34,0,0,0,0
2021-06-29 15:35:41,0,0,0,0
2021-06-29 15:36:43,35,1,12,48
2021-06-29 15:36:50,1,0,1,2
2021-06-29 15:37:02,2,1,0,3
2021-06-29 15:37:22,0,0,0,0
2021-06-29 15:38:00,2,0,0,2
2021-06-29 15:38:37,1,0,0,1
2021-06-29 15:38:46,1,0,1,2
2021-06-29 15:38:57,2,0,0,2
2021-06-29 15:39:23,0,0,0,0
2021-06-29 15:40:56,1,0,0,1
2021-06-29 15:42:13,85,32,37,154
2021-06-29 15:42:47,2,2,1,5
2021-06-29 15:42:52,0,0,0,0
2021-06-29 15:43:14,2,2,0,4
2021-06-29 15:44:09,0,0,0,0
2021-06-29 15:45:01,66,0,16,82
2021-06-29 15:45:14,0,0,0,0
2021-06-29 15:45:15,14,0,3,17
2021-06-29 15:46:04,0,0,0,0
2021-06-29 15:46:41,0,0,0,0
2021-06-29 15:47:16,6,0,1,7
2021-06-29 15:47:27,0,0,0,0
2021-06-29 15:47:38,0,0,0,0
2021-06-29 15:48:48,1,0,0,1
2021-06-29 15:48:56,0,0,0,0
2021-06-29 15:49:08,0,0,0,0
2021-06-29 15:49:54,0,0,0,0
2021-06-29 15:50:27,3,0,0,3
2021-06-29 15:52:44,0,0,0,0
2021-06-29 15:52:48,10,1,5,16
2021-06-29 15:52:57,0,0,0,0
2021-06-29 15:53:09,4,0,0,4
2021-06-29 15:53:28,2,0,1,3
2021-06-29 15:55:12,1,0,0,1
2021-06-29 15:56:47,1,0,0,1
2021-06-29 15:57:09,0,0,0,0
2021-06-29 15:57:33,1,0,0,1
2021-06-29 15:57:51,0,0,0,0
2021-06-29 15:58:14,7,0,0,7
2021-06-29 15:58:43,1,0,0,1
2021-06-29 15:59:40,0,0,0,0
2021-06-29 16:00:18,20,1,11,32
2021-06-29 16:01:38,3,0,4,7
2021-06-29 16:02:31,0,0,0,0
2021-06-29 16:03:11,0,0,0,0
2021-06-29 16:03:39,2,0,0,2
2021-06-29 16:03:50,0,0,0,0
2021-06-29 16:05:09,1,1,0,2
2021-06-29 16:06:36,4,1,3,8
2021-06-29 16:07:12,5,0,2,7
2021-06-29 16:10:00,2,0,1,3
2021-06-29 16:10:22,265,24,74,363
2021-06-29 16:10:50,0,0,0,0
2021-06-29 16:11:07,4,0,0,4
2021-06-29 16:11:23,3,1,0,4
2021-06-29 16:11:40,51,3,15,69
2021-06-29 16:12:05,0,0,0,0
2021-06-29 16:12:33,1,0,0,1
2021-06-29 16:12:48,0,0,0,0
2021-06-29 16:12:57,3,0,1,4
2021-06-29 16:13:11,1,1,0,2
2021-06-29 16:14:24,3,2,1,6
2021-06-29 16:15:13,4,0,0,4
2021-06-29 16:15:34,1,0,0,1
2021-06-29 16:17:38,10,0,4,14
2021-06-29 16:18:19,0,0,0,0
2021-06-29 16:19:06,0,0,0,0
2021-06-29 16:19:34,3,0,1,4
2021-06-29 16:20:01,0,0,0,0
2021-06-29 16:20:13,3,0,0,3
2021-06-29 16:20:23,2,0,0,2
2021-06-29 16:20:34,0,0,0,0
2021-06-29 16:20:38,1,0,0,1
2021-06-29 16:21:01,2,0,0,2
2021-06-29 16:21:02,0,0,0,0
2021-06-29 16:21:25,0,0,0,0
2021-06-29 16:21:27,1,0,1,2
2021-06-29 16:21:51,32,2,2,36
2021-06-29 16:21:55,0,0,0,0
2021-06-29 16:21:59,1,0,0,1
2021-06-29 16:22:18,3,0,2,5
2021-06-29 16:22:28,1,0,0,1
2021-06-29 16:22:32,2,1,1,4
2021-06-29 16:22:56,1,0,0,1
2021-06-29 16:23:00,2,0,2,4
2021-06-29 16:23:45,2,1,0,3
2021-06-29 16:24:20,3,0,0,3
2021-06-29 16:24:33,0,0,0,0
2021-06-29 16:24:34,1,1,0,2
2021-06-29 16:24:38,1,0,0,1
2021-06-29 16:25:01,7,0,1,8
2021-06-29 16:25:02,0,0,0,0
2021-06-29 16:25:31,9,1,3,13
2021-06-29 16:25:34,8,0,0,8
2021-06-29 16:26:14,6,1,3,10
2021-06-29 16:26:21,2,0,1,3
2021-06-29 16:27:08,2,0,1,3
2021-06-29 16:27:11,1,0,1,2
2021-06-29 16:27:29,0,0,0,0
2021-06-29 16:27:32,1,0,0,1
2021-06-29 16:27:40,5,0,2,7
2021-06-29 16:27:59,7,0,2,9
2021-06-29 16:28:01,5,2,1,8
2021-06-29 16:28:11,1,0,0,1
2021-06-29 16:28:18,0,0,0,0
2021-06-29 16:29:01,2,0,2,4
2021-06-29 16:29:56,4,0,0,4
2021-06-29 16:30:11,786,16,169,971
2021-06-29 16:30:16,0,0,1,1
2021-06-29 16:30:34,0,0,0,0
2021-06-29 16:30:49,0,0,0,0
2021-06-29 16:30:59,0,0,0,0
2021-06-29 16:31:04,2,0,1,3
2021-06-29 16:31:10,0,0,0,0
2021-06-29 16:31:12,2,0,2,4
2021-06-29 16:31:16,0,0,0,0
2021-06-29 16:31:22,0,0,0,0
2021-06-29 16:31:30,0,0,0,0
2021-06-29 16:31:37,0,0,0,0
2021-06-29 16:31:44,0,0,0,0
2021-06-29 16:31:48,3,0,0,3
2021-06-29 16:31:51,0,0,0,0
2021-06-29 16:31:57,0,0,0,0
2021-06-29 16:32:05,1,0,0,1
2021-06-29 16:32:28,2,0,0,2
2021-06-29 16:32:47,0,0,0,0
2021-06-29 16:32:48,1,0,0,1
2021-06-29 16:33:06,2,0,0,2
2021-06-29 16:33:13,4,0,2,6
2021-06-29 16:33:18,0,1,0,1
2021-06-29 16:33:48,19,0,8,27
2021-06-29 16:34:02,2,0,0,2
2021-06-29 16:34:26,0,0,0,0
2021-06-29 16:35:46,0,0,0,0
2021-06-29 16:35:56,0,0,0,0
2021-06-29 16:36:00,0,0,0,0
2021-06-29 16:36:01,58,0,15,73
2021-06-29 16:36:56,0,0,0,0
2021-06-29 16:37:25,0,0,0,0
2021-06-29 16:37:44,0,0,0,0
2021-06-29 16:38:00,0,0,0,0
2021-06-29 16:38:01,1,0,0,1
2021-06-29 16:38:15,47,6,28,81
2021-06-29 16:38:21,18,3,18,39
2021-06-29 16:38:25,2,0,0,2
2021-06-29 16:38:34,71,1,19,91
2021-06-29 16:38:46,0,0,0,0
2021-06-29 16:39:09,0,0,0,0
2021-06-29 16:39:15,1,1,0,2
2021-06-29 16:39:27,41,0,11,52
2021-06-29 16:39:45,8,0,2,10
2021-06-29 16:40:10,99,5,29,133
2021-06-29 16:41:15,6,0,0,6
2021-06-29 16:41:18,0,0,0,0
2021-06-29 16:41:24,2,0,0,2
2021-06-29 16:41:51,2,0,1,3
2021-06-29 16:43:38,0,0,0,0
2021-06-29 16:43:57,0,0,0,0
2021-06-29 16:44:05,0,0,0,0
2021-06-29 16:44:13,0,0,0,0
2021-06-29 16:44:23,0,0,0,0
2021-06-29 16:44:27,0,0,1,1
2021-06-29 16:45:01,1,0,1,2
2021-06-29 16:45:23,0,0,0,0
2021-06-29 16:45:54,1,0,1,2
2021-06-29 16:46:24,1,0,0,1
2021-06-29 16:46:32,0,0,0,0
2021-06-29 16:46:45,1,0,0,1
2021-06-29 16:46:49,1,0,0,1
2021-06-29 16:47:04,1,0,0,1
2021-06-29 16:47:32,5,0,1,6
2021-06-29 16:48:00,2,0,0,2
2021-06-29 16:48:08,27,1,13,41
2021-06-29 16:48:33,3,0,0,3
2021-06-29 16:48:39,1,0,0,1
2021-06-29 16:48:58,2,0,0,2
2021-06-29 16:49:37,2,0,2,4
2021-06-29 16:50:00,4,0,1,5
2021-06-29 16:50:09,0,0,0,0
2021-06-29 16:50:53,3,0,2,5
2021-06-29 16:51:01,0,0,0,0
2021-06-29 16:51:08,3,0,2,5
2021-06-29 16:51:32,15,0,3,18
2021-06-29 16:52:09,1,0,0,1
2021-06-29 16:52:36,4,0,2,6
2021-06-29 16:53:13,1,0,0,1
2021-06-29 16:53:22,2,0,0,2
2021-06-29 16:53:46,1,0,0,1
2021-06-29 16:53:55,6,0,0,6
2021-06-29 16:54:01,39,1,19,59
2021-06-29 16:54:04,1,0,0,1
2021-06-29 16:54:11,0,0,0,0
2021-06-29 16:54:12,1,0,0,1
2021-06-29 16:54:43,1,0,0,1
2021-06-29 16:54:58,37,7,14,58
2021-06-29 16:55:29,2,0,0,2
2021-06-29 16:56:15,1,0,0,1
2021-06-29 16:56:28,1,0,0,1
2021-06-29 16:57:01,1,0,0,1
2021-06-29 16:57:30,1,0,0,1
2021-06-29 16:58:03,0,0,0,0
2021-06-29 16:58:18,0,0,0,0
2021-06-29 16:58:31,1,0,0,1
2021-06-29 16:58:32,1,0,0,1
2021-06-29 16:58:44,534,21,109,664
2021-06-29 16:58:50,0,0,0,0
2021-06-29 16:59:00,0,0,0,0
2021-06-29 17:00:51,2,0,1,3
2021-06-29 17:01:13,1,0,0,1
2021-06-29 17:01:14,2,1,0,3
2021-06-29 17:01:49,2,0,1,3
2021-06-29 17:01:51,3,0,2,5
2021-06-29 17:02:06,22,1,2,25
2021-06-29 17:03:01,0,0,0,0
2021-06-29 17:03:26,0,0,0,0
2021-06-29 17:03:28,0,0,0,0
2021-06-29 17:03:33,0,0,0,0
2021-06-29 17:03:51,0,0,0,0
2021-06-29 17:03:56,2,0,0,2
2021-06-29 17:04:00,1,2,0,3
2021-06-29 17:04:03,13,0,3,16
2021-06-29 17:05:44,0,0,0,0
2021-06-29 17:05:45,0,0,0,0
2021-06-29 17:05:48,7,1,0,8
2021-06-29 17:05:51,0,0,0,0
2021-06-29 17:06:08,0,1,0,1
2021-06-29 17:06:21,0,0,0,0
2021-06-29 17:06:36,3,0,1,4
2021-06-29 17:07:22,8,0,4,12
2021-06-29 17:07:41,0,0,0,0
2021-06-29 17:07:47,1,0,0,1
2021-06-29 17:08:13,1,0,0,1
2021-06-29 17:08:16,0,0,0,0
2021-06-29 17:08:17,7,0,1,8
2021-06-29 17:08:28,0,0,0,0
2021-06-29 17:08:54,2,1,0,3
2021-06-29 17:09:01,0,0,0,0
2021-06-29 17:09:12,7,1,4,12
2021-06-29 17:09:33,2,0,0,2
2021-06-29 17:09:36,0,3,0,3
2021-06-29 17:10:17,3,0,1,4
2021-06-29 17:10:24,0,2,0,2
2021-06-29 17:10:34,0,0,0,0
2021-06-29 17:10:39,0,0,0,0
2021-06-29 17:10:52,0,0,0,0
2021-06-29 17:11:56,0,0,0,0
2021-06-29 17:12:53,1,0,0,1
2021-06-29 17:13:44,1,0,0,1
2021-06-29 17:13:48,2,0,0,2
2021-06-29 17:14:25,0,0,0,0
2021-06-29 17:15:11,2,0,0,2
2021-06-29 17:15:15,0,0,0,0
2021-06-29 17:15:22,0,0,0,0
2021-06-29 17:16:04,0,0,0,0
2021-06-29 17:17:07,0,0,0,0
2021-06-29 17:17:15,2,2,1,5
2021-06-29 17:17:32,1,0,0,1
2021-06-29 17:17:35,0,0,0,0
2021-06-29 17:18:14,4,0,1,5
2021-06-29 17:18:17,1,0,0,1
2021-06-29 17:18:28,0,0,0,0
2021-06-29 17:19:05,0,0,0,0
2021-06-29 17:19:08,0,0,0,0
2021-06-29 17:19:24,7,0,2,9
2021-06-29 17:20:47,0,0,0,0
2021-06-29 17:21:14,0,0,0,0
2021-06-29 17:22:11,0,0,0,0
2021-06-29 17:22:18,2,0,3,5
2021-06-29 17:23:19,1,0,0,1
2021-06-29 17:23:30,13,0,13,26
2021-06-29 17:23:57,11,0,4,15
2021-06-29 17:24:47,0,0,0,0
2021-06-29 17:24:57,1,0,0,1
2021-06-29 17:25:16,1,0,0,1
2021-06-29 17:25:37,0,0,0,0
2021-06-29 17:25:50,0,0,0,0
2021-06-29 17:27:30,2,0,0,2
2021-06-29 17:27:42,2,0,0,2
2021-06-29 17:28:07,1,0,0,1
2021-06-29 17:28:43,1,0,0,1
2021-06-29 17:29:49,1,1,0,2
2021-06-29 17:30:43,1,0,0,1
2021-06-29 17:30:49,1,0,0,1
2021-06-29 17:30:56,2,0,1,3
2021-06-29 17:31:02,1,0,0,1
2021-06-29 17:31:42,0,0,0,0
2021-06-29 17:31:49,2,0,0,2
2021-06-29 17:33:00,2,0,0,2
2021-06-29 17:34:28,1,0,0,1
2021-06-29 17:34:45,3,0,1,4
2021-06-29 17:36:15,19,1,10,30
2021-06-29 17:36:23,1,0,0,1
2021-06-29 17:37:44,1,0,0,1
2021-06-29 17:37:52,1,0,0,1
2021-06-29 17:38:21,1,0,0,1
2021-06-29 17:38:44,8,0,3,11
2021-06-29 17:38:52,2,0,0,2
2021-06-29 17:39:09,1,0,0,1
2021-06-29 17:39:54,6,0,1,7
2021-06-29 17:40:00,2,0,0,2
2021-06-29 17:40:02,1,0,0,1
2021-06-29 17:40:29,1,0,0,1
2021-06-29 17:40:35,10,0,5,15
2021-06-29 17:40:38,2,0,0,2
2021-06-29 17:40:51,6,0,3,9
2021-06-29 17:41:01,1,0,0,1
2021-06-29 17:41:12,2,0,0,2
2021-06-29 17:41:50,5,0,4,9
2021-06-29 17:42:03,0,0,0,0
2021-06-29 17:42:06,82,2,31,115
2021-06-29 17:42:10,1,0,0,1
2021-06-29 17:43:21,2,0,0,2
2021-06-29 17:44:32,3,0,0,3
2021-06-29 17:44:47,1,0,0,1
2021-06-29 17:44:55,1,0,0,1
2021-06-29 17:45:20,2,0,0,2
2021-06-29 17:45:29,0,0,0,0
2021-06-29 17:45:41,1,0,0,1
2021-06-29 17:45:58,1,0,0,1
2021-06-29 17:46:00,6,2,2,10
2021-06-29 17:46:03,0,0,0,0
2021-06-29 17:46:07,5,0,1,6
2021-06-29 17:47:06,4,0,0,4
2021-06-29 17:47:33,0,0,0,0
2021-06-29 17:47:46,13,2,6,21
2021-06-29 17:48:04,6,0,0,6
2021-06-29 17:48:33,1,0,0,1
2021-06-29 17:48:40,2,0,0,2
2021-06-29 17:48:47,2,0,0,2
2021-06-29 17:49:21,41,1,20,62
2021-06-29 17:49:37,1,0,0,1
2021-06-29 17:53:02,0,0,0,0
2021-06-29 17:54:06,1,0,0,1
2021-06-29 17:54:17,1,0,0,1
2021-06-29 17:55:42,0,0,0,0
2021-06-29 17:55:57,0,0,0,0
2021-06-29 17:56:10,0,0,0,0
2021-06-29 17:56:58,1,0,0,1
2021-06-29 17:57:00,1,0,0,1
2021-06-29 17:57:13,2,0,0,2
2021-06-29 17:57:26,18,1,5,24
2021-06-29 17:58:44,1,0,0,1
2021-06-29 18:00:00,1229,35,401,1665
2021-06-29 18:00:08,1,0,0,1
2021-06-29 18:00:12,2,0,0,2
2021-06-29 18:00:49,10,2,2,14
2021-06-29 18:01:11,5,0,1,6
2021-06-29 18:01:16,2,0,0,2
2021-06-29 18:01:28,1,0,0,1
2021-06-29 18:01:55,3,0,1,4
2021-06-29 18:02:15,0,0,0,0
2021-06-29 18:02:25,3,0,0,3
2021-06-29 18:02:28,2,0,0,2
2021-06-29 18:02:34,4,0,0,4
2021-06-29 18:03:47,24,0,2,26
2021-06-29 18:04:03,0,0,0,0
2021-06-29 18:04:57,0,0,0,0
2021-06-29 18:06:43,1,0,0,1
2021-06-29 18:14:51,0,0,0,0
2021-06-29 18:15:31,3,0,0,3
2021-06-29 18:16:12,1,0,2,3
2021-06-29 18:16:14,1,0,0,1
2021-06-29 18:16:38,12,0,1,13
2021-06-29 18:16:40,11,0,0,11
2021-06-29 18:17:20,27,0,10,37
2021-06-29 18:18:26,110,2,12,124
2021-06-29 18:19:25,8,0,5,13
2021-06-29 18:20:22,2,0,0,2
2021-06-29 18:22:09,7,0,0,7
2021-06-29 18:23:25,0,0,0,0
2021-06-29 18:24:07,48,1,10,59
2021-06-29 18:24:43,3,0,0,3
2021-06-29 18:26:10,4,0,0,4
2021-06-29 18:26:41,1,0,0,1
2021-06-29 18:27:16,0,0,0,0
2021-06-29 18:27:29,1,0,0,1
2021-06-29 18:28:07,2,0,0,2
2021-06-29 18:28:43,0,0,0,0
2021-06-29 18:30:30,2,0,0,2
2021-06-29 18:32:45,1,0,0,1
2021-06-29 18:34:11,0,0,0,0
2021-06-29 18:34:45,6,0,0,6
2021-06-29 18:35:21,87,0,17,104
2021-06-29 18:35:47,14,1,6,21
2021-06-29 18:36:11,0,0,0,0
2021-06-29 18:36:13,1,0,0,1
2021-06-29 18:36:14,2,0,0,2
2021-06-29 18:39:35,1,0,0,1
2021-06-29 18:45:22,24,1,10,35
2021-06-29 18:45:29,1,0,0,1
2021-06-29 18:46:08,5,0,0,5
2021-06-29 18:46:29,1,0,0,1
2021-06-29 18:46:52,8,0,3,11
2021-06-29 18:48:11,1,0,0,1
2021-06-29 18:51:52,4,0,0,4
2021-06-29 18:52:29,1,0,0,1
2021-06-29 18:53:38,1,0,0,1
2021-06-29 18:55:29,1,0,0,1
2021-06-29 18:56:42,0,0,0,0
2021-06-29 18:58:11,2,0,0,2
2021-06-29 18:58:41,1,0,0,1
2021-06-29 18:59:40,41,0,11,52
2021-06-29 18:59:44,0,0,0,0
2021-06-29 19:00:54,0,0,0,0
2021-06-29 19:01:00,0,0,0,0
2021-06-29 19:02:45,0,0,0,0
2021-06-29 19:03:56,0,0,0,0
2021-06-29 19:05:30,0,0,0,0
2021-06-29 19:05:57,1,0,0,1
2021-06-29 19:06:34,9,0,5,14
2021-06-29 19:08:01,13,0,3,16
2021-06-29 19:09:00,2,1,0,3
2021-06-29 19:09:50,0,0,0,0
2021-06-29 19:10:14,5,0,0,5
2021-06-29 19:10:54,1,0,0,1
2021-06-29 19:11:45,0,0,0,0
2021-06-29 19:11:48,3,0,1,4
2021-06-29 19:12:00,0,0,1,1
2021-06-29 19:13:59,1,1,0,2
2021-06-29 19:14:26,1,0,1,2
2021-06-29 19:14:33,0,0,0,0
2021-06-29 19:14:45,9,0,3,12
2021-06-29 19:17:33,0,0,0,0
2021-06-29 19:18:40,0,0,0,0
2021-06-29 19:18:56,0,0,0,0
2021-06-29 19:19:22,1,0,1,2
2021-06-29 19:23:42,0,0,0,0
2021-06-29 19:24:23,0,0,0,0
2021-06-29 19:25:33,0,0,0,0
2021-06-29 19:25:49,0,0,0,0
2021-06-29 19:26:09,6,0,0,6
2021-06-29 19:26:16,0,0,1,1
2021-06-29 19:26:41,1,0,0,1
2021-06-29 19:26:47,5,0,2,7
2021-06-29 19:26:53,2,0,0,2
2021-06-29 19:27:25,32,0,14,46
2021-06-29 19:28:04,1,0,0,1
2021-06-29 19:28:21,3,0,1,4
2021-06-29 19:29:53,0,0,0,0
2021-06-29 19:30:00,0,0,0,0
2021-06-29 19:30:20,1,1,1,3
2021-06-29 19:30:27,0,0,0,0
2021-06-29 19:30:41,20,0,4,24
2021-06-29 19:31:53,1,0,0,1
2021-06-29 19:31:54,0,0,0,0
2021-06-29 19:32:23,0,0,0,0
2021-06-29 19:32:52,23,0,9,32
2021-06-29 19:35:02,1,1,0,2
2021-06-29 19:36:10,1,0,2,3
2021-06-29 19:36:26,3,0,1,4
2021-06-29 19:39:14,1,0,0,1
2021-06-29 19:39:41,0,0,0,0
2021-06-29 19:39:48,4,1,0,5
2021-06-29 19:39:57,2,0,1,3
2021-06-29 19:40:15,0,0,0,0
2021-06-29 19:40:41,1,0,0,1
2021-06-29 19:41:56,4,0,2,6
2021-06-29 19:43:58,10,0,0,10
2021-06-29 19:45:19,3,0,1,4
2021-06-29 19:46:30,0,0,0,0
2021-06-29 19:46:43,3,0,2,5
2021-06-29 19:46:49,1,0,0,1
2021-06-29 19:46:52,1,0,0,1
2021-06-29 19:47:43,6,0,2,8
2021-06-29 19:49:30,0,0,0,0
2021-06-29 19:49:41,0,0,0,0
2021-06-29 19:49:57,0,0,0,0
2021-06-29 19:50:21,0,0,1,1
2021-06-29 19:51:43,19,1,13,33
2021-06-29 19:51:59,1,1,0,2
2021-06-29 19:52:39,4,1,1,6
2021-06-29 19:54:09,1,0,1,2
2021-06-29 19:54:50,0,0,0,0
2021-06-29 19:55:44,2,0,0,2
2021-06-29 19:57:09,1,0,0,1
2021-06-29 19:57:51,9,1,6,16
2021-06-29 19:59:23,207,2,36,245
2021-06-29 20:00:11,2,0,0,2
2021-06-29 20:00:52,2,0,0,2
2021-06-29 20:01:56,1,0,0,1
2021-06-29 20:02:07,2,0,0,2
2021-06-29 20:02:31,2,0,0,2
2021-06-29 20:02:59,1,0,0,1
2021-06-29 20:04:05,10,0,4,14
2021-06-29 20:06:31,1,0,0,1
2021-06-29 20:07:09,4,0,1,5
2021-06-29 20:12:38,1,0,0,1
2021-06-29 20:15:07,1,0,0,1
2021-06-29 20:15:49,0,0,0,0
2021-06-29 20:17:00,1,0,0,1
2021-06-29 20:17:17,0,0,1,1
2021-06-29 20:17:56,18,1,2,21
2021-06-29 20:17:57,21,1,4,26
2021-06-29 20:19:22,0,0,0,0
2021-06-29 20:19:30,0,0,0,0
2021-06-29 20:20:17,1,0,0,1
2021-06-29 20:21:40,5,1,0,6
2021-06-29 20:22:15,31,8,30,69
2021-06-29 20:22:24,8,0,2,10
2021-06-29 20:23:20,16,0,0,16
2021-06-29 20:23:43,5,0,0,5
2021-06-29 20:26:08,0,0,0,0
2021-06-29 20:27:49,13,0,5,18
2021-06-29 20:29:59,1,0,0,1
2021-06-29 20:30:00,31,1,16,48
2021-06-29 20:30:47,0,0,0,0
2021-06-29 20:30:57,7,0,2,9
2021-06-29 20:33:25,2,0,1,3
2021-06-29 20:34:43,1,0,0,1
2021-06-29 20:38:07,0,0,0,0
2021-06-29 20:38:44,0,0,0,0
2021-06-29 20:38:47,9,1,4,14
2021-06-29 20:39:39,2,0,1,3
2021-06-29 20:39:40,0,0,0,0
2021-06-29 20:40:04,75,1,20,96
2021-06-29 20:41:12,1,0,0,1
2021-06-29 20:42:10,0,0,0,0
2021-06-29 20:42:20,0,0,0,0
2021-06-29 20:42:38,2,0,0,2
2021-06-29 20:43:10,0,0,0,0
2021-06-29 20:45:45,22,0,0,22
2021-06-29 20:46:37,0,0,0,0
2021-06-29 20:48:00,8,0,4,12
2021-06-29 20:49:12,1,0,0,1
2021-06-29 20:50:02,8,1,0,9
2021-06-29 20:50:42,1,0,1,2
2021-06-29 20:52:50,1,0,0,1
2021-06-29 20:53:12,3,1,0,4
2021-06-29 20:53:45,1,1,0,2
2021-06-29 20:54:26,1,0,0,1
2021-06-29 20:54:30,0,0,0,0
2021-06-29 20:54:41,11,0,5,16
2021-06-29 20:54:48,1,0,0,1
2021-06-29 20:55:07,30,0,0,30
2021-06-29 20:55:11,2,0,1,3
2021-06-29 20:55:25,1,0,0,1
2021-06-29 20:55:29,0,0,0,0
2021-06-29 20:55:45,1,0,0,1
2021-06-29 20:56:21,0,0,0,0
2021-06-29 20:56:54,5,0,0,5
2021-06-29 20:57:22,0,0,0,0
2021-06-29 20:57:35,0,0,0,0
2021-06-29 20:57:38,1,0,1,2
2021-06-29 20:57:41,0,0,0,0
2021-06-29 20:58:03,43,2,13,58
2021-06-29 20:58:41,2,0,0,2
2021-06-29 20:58:46,0,0,0,0
2021-06-29 20:59:20,14,0,3,17
2021-06-29 20:59:33,7,0,1,8
2021-06-29 21:00:17,1,0,1,2
2021-06-29 21:01:23,2,0,0,2
2021-06-29 21:01:26,0,0,0,0
2021-06-29 21:01:49,2,0,2,4
2021-06-29 21:01:50,13,0,2,15
2021-06-29 21:02:06,0,0,0,0
2021-06-29 21:02:54,0,0,0,0
2021-06-29 21:03:00,2,0,0,2
2021-06-29 21:03:28,0,0,0,0
2021-06-29 21:04:14,10,1,3,14
2021-06-29 21:04:31,4,0,2,6
2021-06-29 21:05:12,81,2,13,96
2021-06-29 21:05:44,1,0,1,2
2021-06-29 21:05:49,3,0,0,3
2021-06-29 21:06:29,0,0,0,0
2021-06-29 21:06:48,2,1,0,3
2021-06-29 21:07:08,3,0,0,3
2021-06-29 21:08:20,2,0,1,3
2021-06-29 21:08:44,1,0,0,1
2021-06-29 21:10:04,1,0,1,2
2021-06-29 21:10:09,25,3,12,40
2021-06-29 21:10:10,1,0,1,2
2021-06-29 21:12:07,6,0,0,6
2021-06-29 21:12:43,0,0,0,0
2021-06-29 21:12:44,1,0,0,1
2021-06-29 21:12:45,1,0,0,1
2021-06-29 21:12:48,0,0,0,0
2021-06-29 21:12:55,1,0,1,2
2021-06-29 21:13:28,0,0,0,0
2021-06-29 21:14:23,5,0,0,5
2021-06-29 21:14:24,5,0,0,5
2021-06-29 21:14:26,0,0,0,0
2021-06-29 21:14:41,1,0,1,2
2021-06-29 21:15:55,9,0,1,10
2021-06-29 21:16:25,37,7,8,52
2021-06-29 21:17:20,0,0,0,0
2021-06-29 21:18:16,0,0,0,0
2021-06-29 21:18:29,0,0,0,0
2021-06-29 21:18:43,2,0,1,3
2021-06-29 21:19:13,5,1,3,9
2021-06-29 21:20:28,0,0,0,0
2021-06-29 21:20:31,0,0,0,0
2021-06-29 21:20:48,2,0,0,2
2021-06-29 21:21:00,0,0,1,1
2021-06-29 21:21:11,4,1,2,7
2021-06-29 21:21:21,0,0,0,0
2021-06-29 21:22:09,1,0,1,2
2021-06-29 21:22:30,0,0,0,0
2021-06-29 21:22:35,0,0,0,0
2021-06-29 21:23:00,5,0,1,6
2021-06-29 21:23:20,0,0,0,0
2021-06-29 21:23:49,0,0,0,0
2021-06-29 21:23:55,4,0,1,5
2021-06-29 21:24:08,1,0,2,3
2021-06-29 21:24:45,4,1,3,8
2021-06-29 21:24:48,0,0,0,0
2021-06-29 21:26:14,4,0,0,4
2021-06-29 21:26:28,0,0,0,0
2021-06-29 21:26:34,3,0,0,3
2021-06-29 21:26:47,23,0,1,24
2021-06-29 21:26:57,11,0,0,11
2021-06-29 21:27:00,1,0,0,1
2021-06-29 21:27:17,0,0,0,0
2021-06-29 21:27:20,0,0,0,0
2021-06-29 21:27:38,0,0,0,0
2021-06-29 21:27:49,34,0,12,46
2021-06-29 21:28:05,16,1,5,22
2021-06-29 21:28:13,22,3,11,36
2021-06-29 21:28:48,8,1,1,10
2021-06-29 21:29:02,1,0,0,1
2021-06-29 21:29:03,2,0,0,2
2021-06-29 21:29:10,2,0,0,2
2021-06-29 21:29:13,0,0,0,0
2021-06-29 21:29:44,4,1,0,5
2021-06-29 21:29:46,2,1,1,4
2021-06-29 21:29:56,0,0,0,0
2021-06-29 21:30:00,1,0,0,1
2021-06-29 21:30:10,1,0,0,1
2021-06-29 21:30:13,1,0,1,2
2021-06-29 21:30:28,3,0,0,3
2021-06-29 21:30:43,1,0,0,1
2021-06-29 21:30:57,0,0,0,0
2021-06-29 21:31:01,0,0,0,0
2021-06-29 21:31:08,1,0,0,1
2021-06-29 21:31:09,4,0,1,5
2021-06-29 21:31:35,0,0,0,0
2021-06-29 21:31:39,0,0,0,0
2021-06-29 21:31:44,4,1,0,5
2021-06-29 21:31:45,3,0,0,3
2021-06-29 21:31:47,1,0,0,1
2021-06-29 21:32:19,1,0,0,1
2021-06-29 21:32:34,4,1,0,5
2021-06-29 21:32:44,7,1,0,8
2021-06-29 21:33:14,2,0,0,2
2021-06-29 21:33:27,0,0,0,0
2021-06-29 21:33:48,3,0,0,3
2021-06-29 21:33:55,7,0,2,9
2021-06-29 21:34:13,1,0,0,1
2021-06-29 21:34:29,0,0,0,0
2021-06-29 21:34:37,1,0,0,1
2021-06-29 21:34:47,0,0,0,0
2021-06-29 21:34:49,1,0,1,2
2021-06-29 21:34:51,0,0,0,0
2021-06-29 21:34:54,1,0,0,1
2021-06-29 21:34:59,20,0,8,28
2021-06-29 21:35:00,2,0,2,4
2021-06-29 21:35:10,2,0,1,3
2021-06-29 21:35:15,1,0,0,1
2021-06-29 21:35:17,0,0,0,0
2021-06-29 21:35:24,0,0,0,0
2021-06-29 21:35:43,0,0,0,0
2021-06-29 21:35:49,6,0,1,7
2021-06-29 21:36:39,0,0,0,0
2021-06-29 21:36:47,3,0,0,3
2021-06-29 21:36:58,6,0,1,7
2021-06-29 21:37:21,0,0,0,0
2021-06-29 21:37:50,0,0,0,0
2021-06-29 21:38:07,2,0,0,2
2021-06-29 21:38:11,1,0,0,1
2021-06-29 21:38:16,5,0,2,7
2021-06-29 21:38:22,14,0,7,21
2021-06-29 21:38:23,0,0,0,0
2021-06-29 21:38:47,1,0,0,1
2021-06-29 21:39:03,0,0,0,0
2021-06-29 21:39:10,4,0,1,5
2021-06-29 21:39:16,8,2,3,13
2021-06-29 21:39:30,0,0,0,0
2021-06-29 21:39:36,3,0,2,5
2021-06-29 21:39:40,15,0,1,16
2021-06-29 21:39:41,1,0,0,1
2021-06-29 21:39:44,1,0,1,2
2021-06-29 21:39:55,0,0,0,0
2021-06-29 21:40:14,1,0,0,1
2021-06-29 21:40:16,1,0,0,1
2021-06-29 21:40:21,24,1,1,26
2021-06-29 21:40:28,68,2,6,76
2021-06-29 21:40:32,0,0,0,0
2021-06-29 21:40:33,0,0,0,0
2021-06-29 21:40:39,3,0,0,3
2021-06-29 21:40:57,0,0,0,0
2021-06-29 21:40:59,0,0,0,0
2021-06-29 21:41:09,2,0,0,2
2021-06-29 21:41:55,6,0,4,10
2021-06-29 21:42:03,0,0,0,0
2021-06-29 21:42:31,2,0,0,2
2021-06-29 21:42:33,120,1,23,144
2021-06-29 21:42:47,2,1,0,3
2021-06-29 21:43:22,0,0,0,0
2021-06-29 21:43:33,1,0,0,1
2021-06-29 21:43:50,0,0,0,0
2021-06-29 21:44:01,4,0,1,5
2021-06-29 21:44:12,4,0,0,4
2021-06-29 21:44:34,1862,30,207,2099
2021-06-29 21:44:35,0,0,0,0
2021-06-29 21:44:52,3,1,0,4
2021-06-29 21:45:07,70,4,9,83
2021-06-29 21:45:35,0,0,1,1
2021-06-29 21:45:37,7,0,1,8
2021-06-29 21:45:43,2,0,0,2
2021-06-29 21:45:58,0,0,1,1
2021-06-29 21:46:00,0,0,0,0
2021-06-29 21:46:14,8,0,3,11
2021-06-29 21:46:15,0,0,0,0
2021-06-29 21:46:25,675,33,144,852
2021-06-29 21:46:54,0,0,0,0
2021-06-29 21:46:59,0,0,0,0
2021-06-29 21:47:05,3,0,0,3
2021-06-29 21:47:19,1,0,0,1
2021-06-29 21:47:43,0,0,0,0
2021-06-29 21:48:01,0,0,0,0
2021-06-29 21:48:08,11,1,6,18
2021-06-29 21:48:36,1,0,0,1
2021-06-29 21:48:57,620,49,103,772
2021-06-29 21:49:19,0,0,0,0
2021-06-29 21:49:26,19,2,8,29
2021-06-29 21:50:03,0,0,0,0
2021-06-29 21:51:01,0,0,0,0
2021-06-29 21:51:32,3,0,1,4
2021-06-29 21:51:45,2,0,0,2
2021-06-29 21:51:47,0,0,0,0
2021-06-29 21:51:56,13,0,1,14
2021-06-29 21:52:06,1,0,2,3
2021-06-29 21:52:13,8,0,7,15
2021-06-29 21:52:40,138,2,26,166
2021-06-29 21:52:41,0,0,0,0
2021-06-29 21:53:20,1,0,0,1
2021-06-29 21:53:21,2,0,1,3
2021-06-29 21:53:27,2,0,0,2
2021-06-29 21:53:34,0,0,0,0
2021-06-29 21:53:39,4,0,2,6
2021-06-29 21:53:51,16,1,6,23
2021-06-29 21:54:02,2,0,0,2
2021-06-29 21:54:03,0,0,0,0
2021-06-29 21:54:37,1,0,0,1
2021-06-29 21:54:38,0,0,1,1
2021-06-29 21:54:43,0,1,0,1
2021-06-29 21:54:50,0,0,0,0
2021-06-29 21:54:51,5,0,0,5
2021-06-29 21:55:02,0,0,0,0
2021-06-29 21:55:23,0,0,0,0
2021-06-29 21:55:30,26,2,0,28
2021-06-29 21:55:32,1,0,0,1
2021-06-29 21:55:34,1,0,0,1
2021-06-29 21:55:40,5,0,0,5
2021-06-29 21:55:44,8,0,0,8
2021-06-29 21:56:01,6,0,0,6
2021-06-29 21:56:09,0,0,1,1
2021-06-29 21:56:17,1,0,0,1
2021-06-29 21:56:33,0,0,0,0
2021-06-29 21:56:43,290,2,33,325
2021-06-29 21:56:51,0,0,0,0
2021-06-29 21:56:58,11,0,0,11
2021-06-29 21:57:13,1,0,0,1
2021-06-29 21:57:17,0,0,0,0
2021-06-29 21:57:37,1,0,0,1
2021-06-29 21:57:51,1,0,0,1
2021-06-29 21:57:52,2,0,1,3
2021-06-29 21:57:53,1,0,0,1
2021-06-29 21:57:56,1,0,0,1
2021-06-29 21:57:58,0,0,0,0
2021-06-29 21:58:05,0,0,0,0
2021-06-29 21:58:17,16,1,6,23
2021-06-29 21:58:21,0,0,0,0
2021-06-29 21:58:35,1,0,0,1
2021-06-29 21:58:36,0,0,0,0
2021-06-29 21:58:40,0,0,0,0
2021-06-29 21:58:43,1,0,0,1
2021-06-29 21:58:46,2,0,0,2
2021-06-29 21:58:56,0,0,0,0
2021-06-29 21:59:07,128,3,16,147
2021-06-29 21:59:14,0,0,0,0
2021-06-29 21:59:29,0,0,0,0
2021-06-29 21:59:30,0,0,0,0
2021-06-29 21:59:36,0,0,0,0
2021-06-29 21:59:47,0,0,0,0
2021-06-29 22:00:12,0,0,0,0
2021-06-29 22:00:33,0,0,0,0
2021-06-29 22:00:41,1,0,0,1
2021-06-29 22:00:42,2,0,0,2
2021-06-29 22:00:46,1,1,0,2
2021-06-29 22:00:52,9,0,2,11
2021-06-29 22:00:54,0,0,0,0
2021-06-29 22:01:09,0,0,0,0
2021-06-29 22:01:17,2,0,0,2
2021-06-29 22:01:22,0,0,0,0
2021-06-29 22:01:23,0,0,0,0
2021-06-29 22:01:55,0,0,0,0
2021-06-29 22:01:58,0,0,1,1
2021-06-29 22:02:15,1,0,1,2
2021-06-29 22:02:18,0,0,0,0
2021-06-29 22:02:23,0,0,0,0
2021-06-29 22:02:31,0,0,0,0
2021-06-29 22:02:48,1,1,0,2
2021-06-29 22:03:00,7,0,2,9
2021-06-29 22:03:06,0,0,1,1
2021-06-29 22:03:08,2,0,1,3
2021-06-29 22:03:19,3,0,0,3
2021-06-29 22:03:33,0,2,0,2
2021-06-29 22:03:46,0,0,0,0
2021-06-29 22:04:10,0,0,0,0
2021-06-29 22:04:14,1,0,0,1
2021-06-29 22:04:18,1,0,0,1
2021-06-29 22:04:20,7,0,1,8
2021-06-29 22:04:25,1,0,0,1
2021-06-29 22:04:35,1,0,0,1
2021-06-29 22:04:42,3,0,0,3
2021-06-29 22:04:43,20,1,2,23
2021-06-29 22:04:44,10,0,6,16
2021-06-29 22:04:47,0,0,0,0
2021-06-29 22:04:50,3,0,1,4
2021-06-29 22:05:01,0,0,0,0
2021-06-29 22:05:03,0,0,0,0
2021-06-29 22:05:11,0,0,0,0
2021-06-29 22:05:12,0,0,0,0
2021-06-29 22:05:16,1,0,0,1
2021-06-29 22:05:19,0,0,0,0
2021-06-29 22:05:22,0,0,0,0
2021-06-29 22:05:26,0,0,0,0
2021-06-29 22:05:32,2,0,0,2
2021-06-29 22:05:39,0,0,0,0
2021-06-29 22:05:47,2,0,0,2
2021-06-29 22:05:50,0,0,0,0
2021-06-29 22:05:57,0,0,0,0
2021-06-29 22:06:01,0,0,0,0
2021-06-29 22:06:14,2,0,1,3
2021-06-29 22:06:18,0,0,1,1
2021-06-29 22:06:32,0,0,0,0
2021-06-29 22:06:38,2,0,0,2
2021-06-29 22:06:49,0,0,0,0
2021-06-29 22:06:57,0,0,0,0
2021-06-29 22:07:05,4,0,0,4
2021-06-29 22:07:07,0,0,0,0
2021-06-29 22:07:08,0,0,0,0
2021-06-29 22:07:16,0,0,0,0
2021-06-29 22:07:24,0,0,0,0
2021-06-29 22:07:42,0,0,0,0
2021-06-29 22:07:43,7,0,1,8
2021-06-29 22:07:45,1,0,0,1
2021-06-29 22:07:48,0,0,0,0
2021-06-29 22:07:58,1,0,0,1
2021-06-29 22:08:09,0,0,0,0
2021-06-29 22:08:11,0,0,0,0
2021-06-29 22:08:15,0,0,1,1
2021-06-29 22:08:16,2,0,0,2
2021-06-29 22:08:41,0,0,0,0
2021-06-29 22:08:48,13,1,0,14
2021-06-29 22:09:11,0,0,0,0
2021-06-29 22:09:18,0,0,0,0
2021-06-29 22:09:30,12,1,2,15
2021-06-29 22:10:13,0,0,0,0
2021-06-29 22:10:22,1,0,0,1
2021-06-29 22:10:33,0,0,0,0
2021-06-29 22:10:49,2,0,2,4
2021-06-29 22:10:50,0,0,0,0
2021-06-29 22:10:52,0,0,0,0
2021-06-29 22:10:58,0,0,0,0
2021-06-29 22:11:01,0,0,0,0
2021-06-29 22:11:18,1,0,0,1
2021-06-29 22:11:19,0,0,0,0
2021-06-29 22:11:28,0,0,0,0
2021-06-29 22:11:38,1,0,1,2
2021-06-29 22:11:42,0,0,0,0
2021-06-29 22:11:44,0,0,0,0
2021-06-29 22:11:45,6,0,0,6
2021-06-29 22:11:50,27,6,2,35
2021-06-29 22:12:27,33,4,16,53
2021-06-29 22:12:28,19,1,6,26
2021-06-29 22:12:41,0,0,0,0
2021-06-29 22:13:49,17,1,14,32
2021-06-29 22:14:07,1,0,0,1
2021-06-29 22:14:44,0,0,0,0
2021-06-29 22:15:01,1,0,0,1
2021-06-29 22:15:03,0,0,0,0
2021-06-29 22:15:08,58,1,16,75
2021-06-29 22:15:27,636,85,111,832
2021-06-29 22:15:49,0,0,0,0
2021-06-29 22:15:52,21,1,13,35
2021-06-29 22:15:53,16,0,0,16
2021-06-29 22:16:33,0,0,0,0
2021-06-29 22:16:40,3,0,1,4
2021-06-29 22:16:46,2,0,0,2
2021-06-29 22:16:50,1,0,0,1
2021-06-29 22:17:00,1,0,0,1
2021-06-29 22:17:23,2,0,1,3
2021-06-29 22:17:30,0,0,0,0
2021-06-29 22:17:40,0,0,0,0
2021-06-29 22:17:55,6,0,0,6
2021-06-29 22:18:18,2,0,0,2
2021-06-29 22:18:23,0,0,0,0
2021-06-29 22:18:32,7,0,1,8
2021-06-29 22:18:40,2,0,0,2
2021-06-29 22:18:43,19,0,0,19
2021-06-29 22:18:45,0,0,0,0
2021-06-29 22:18:47,2,2,1,5
2021-06-29 22:18:57,109,1,28,138
2021-06-29 22:19:07,0,0,0,0
2021-06-29 22:19:13,0,0,0,0
2021-06-29 22:19:21,3,1,0,4
2021-06-29 22:19:24,252,5,46,303
2021-06-29 22:19:26,3,0,0,3
2021-06-29 22:20:00,1,0,0,1
2021-06-29 22:20:06,0,0,0,0
2021-06-29 22:20:14,0,0,0,0
2021-06-29 22:20:20,0,0,0,0
2021-06-29 22:20:26,0,0,0,0
2021-06-29 22:20:45,4,1,0,5
2021-06-29 22:20:46,3,1,0,4
2021-06-29 22:20:47,1,0,0,1
2021-06-29 22:20:50,1,0,0,1
2021-06-29 22:20:55,10,0,1,11
2021-06-29 22:20:57,1,0,0,1
2021-06-29 22:21:07,0,0,0,0
2021-06-29 22:21:09,1,0,0,1
2021-06-29 22:21:14,2,0,2,4
2021-06-29 22:21:23,0,0,0,0
2021-06-29 22:21:26,0,0,0,0
2021-06-29 22:21:27,13,0,3,16
2021-06-29 22:21:53,3,0,0,3
2021-06-29 22:22:15,36,1,5,42
2021-06-29 22:22:25,1,1,0,2
2021-06-29 22:22:33,0,0,0,0
2021-06-29 22:22:34,9,0,1,10
2021-06-29 22:22:39,24,1,18,43
2021-06-29 22:22:46,0,0,0,0
2021-06-29 22:22:56,0,0,0,0
2021-06-29 22:23:08,0,0,0,0
2021-06-29 22:23:09,0,0,0,0
2021-06-29 22:23:20,0,0,0,0
2021-06-29 22:23:24,2,0,1,3
2021-06-29 22:23:37,4,0,0,4
2021-06-29 22:23:41,0,0,0,0
2021-06-29 22:23:45,0,0,1,1
2021-06-29 22:23:47,0,0,0,0
2021-06-29 22:23:48,1,0,0,1
2021-06-29 22:23:50,10,0,5,15
2021-06-29 22:23:59,0,0,0,0
2021-06-29 22:24:12,0,0,0,0
2021-06-29 22:24:14,0,0,0,0
2021-06-29 22:24:25,0,0,0,0
2021-06-29 22:24:33,0,0,0,0
2021-06-29 22:24:35,0,0,0,0
2021-06-29 22:24:39,0,0,0,0
2021-06-29 22:24:47,49,5,17,71
2021-06-29 22:24:48,0,0,0,0
2021-06-29 22:24:56,0,0,0,0
2021-06-29 22:25:09,0,0,0,0
2021-06-29 22:25:23,3,0,2,5
2021-06-29 22:25:38,0,0,0,0
2021-06-29 22:25:39,1,0,0,1
2021-06-29 22:25:43,2,0,1,3
2021-06-29 22:26:03,0,0,0,0
2021-06-29 22:26:06,0,0,0,0
2021-06-29 22:26:16,2,0,1,3
2021-06-29 22:26:18,0,0,0,0
2021-06-29 22:26:21,0,0,0,0
2021-06-29 22:26:25,79,5,17,101
2021-06-29 22:26:32,0,0,0,0
2021-06-29 22:26:45,1,0,0,1
2021-06-29 22:26:50,0,0,0,0
2021-06-29 22:26:55,0,0,0,0
2021-06-29 22:27:04,1,0,0,1
2021-06-29 22:27:06,2,0,0,2
2021-06-29 22:27:11,0,0,1,1
2021-06-29 22:27:21,0,0,0,0
2021-06-29 22:27:23,0,0,0,0
2021-06-29 22:27:31,128,3,52,183
2021-06-29 22:27:36,0,0,0,0
2021-06-29 22:27:39,0,0,0,0
2021-06-29 22:27:40,0,0,0,0
2021-06-29 22:27:41,2,1,1,4
2021-06-29 22:27:50,0,0,0,0
2021-06-29 22:28:04,3,0,0,3
2021-06-29 22:28:11,10,0,4,14
2021-06-29 22:28:12,0,0,0,0
2021-06-29 22:28:17,1,1,0,2
2021-06-29 22:28:21,1,0,0,1
2021-06-29 22:28:29,0,0,0,0
2021-06-29 22:28:35,0,0,0,0
2021-06-29 22:28:37,1,0,0,1
2021-06-29 22:28:39,0,0,0,0
2021-06-29 22:28:41,1,1,0,2
2021-06-29 22:28:43,0,0,0,0
2021-06-29 22:28:46,13,2,3,18
2021-06-29 22:28:51,1,0,0,1
2021-06-29 22:28:53,2,0,1,3
2021-06-29 22:28:56,0,0,0,0
2021-06-29 22:28:58,2,0,2,4
2021-06-29 22:29:05,2,0,1,3
2021-06-29 22:29:09,1,0,1,2
2021-06-29 22:29:27,30,0,12,42
2021-06-29 22:29:31,1,0,0,1
2021-06-29 22:29:58,0,0,0,0
2021-06-29 22:30:18,118,3,35,156
2021-06-29 22:30:24,1,0,1,2
2021-06-29 22:30:25,1,1,1,3
2021-06-29 22:30:26,3,0,2,5
2021-06-29 22:30:29,16,1,2,19
2021-06-29 22:30:46,8,0,1,9
2021-06-29 22:30:49,0,0,0,0
2021-06-29 22:30:57,0,0,0,0
2021-06-29 22:31:05,0,0,0,0
2021-06-29 22:31:13,0,0,0,0
2021-06-29 22:31:27,0,0,0,0
2021-06-29 22:31:34,0,0,0,0
2021-06-29 22:31:36,114,2,30,146
2021-06-29 22:31:42,0,0,0,0
2021-06-29 22:31:52,8,0,1,9
2021-06-29 22:31:53,0,0,0,0
2021-06-29 22:32:03,0,0,0,0
2021-06-29 22:32:10,0,0,0,0
2021-06-29 22:32:16,0,0,0,0
2021-06-29 22:32:22,0,0,0,0
2021-06-29 22:32:27,1,0,0,1
2021-06-29 22:32:38,1,0,0,1
2021-06-29 22:32:44,4,0,0,4
2021-06-29 22:32:49,0,0,1,1
2021-06-29 22:32:54,0,0,0,0
2021-06-29 22:32:56,0,0,0,0
2021-06-29 22:32:59,5,0,0,5
2021-06-29 22:33:09,0,0,0,0
2021-06-29 22:33:11,2,1,0,3
2021-06-29 22:33:13,1,1,0,2
2021-06-29 22:33:31,0,0,0,0
2021-06-29 22:33:39,0,0,0,0
2021-06-29 22:33:43,3,1,0,4
2021-06-29 22:34:17,4,0,2,6
2021-06-29 22:34:30,1,1,0,2
2021-06-29 22:34:31,1,0,0,1
2021-06-29 22:34:36,0,0,0,0
2021-06-29 22:34:38,1,0,0,1
2021-06-29 22:34:42,6,0,0,6
2021-06-29 22:34:51,3,0,0,3
2021-06-29 22:34:53,0,0,0,0
2021-06-29 22:35:00,2,0,2,4
2021-06-29 22:35:09,3735,40,419,4194
2021-06-29 22:35:13,0,0,0,0
2021-06-29 22:35:17,0,0,0,0
2021-06-29 22:35:22,1,0,0,1
2021-06-29 22:35:28,0,0,0,0
2021-06-29 22:35:31,0,0,0,0
2021-06-29 22:35:34,2,0,0,2
2021-06-29 22:35:35,2,0,1,3
2021-06-29 22:35:43,0,0,0,0
2021-06-29 22:35:51,0,0,0,0
2021-06-29 22:36:09,0,0,0,0
2021-06-29 22:36:13,7,0,1,8
2021-06-29 22:36:19,0,0,0,0
2021-06-29 22:36:26,1,0,0,1
2021-06-29 22:36:29,2,0,0,2
2021-06-29 22:36:33,1,0,0,1
2021-06-29 22:36:36,0,0,0,0
2021-06-29 22:36:37,0,0,0,0
2021-06-29 22:36:42,0,0,0,0
2021-06-29 22:36:46,1,0,0,1
2021-06-29 22:36:49,1,0,0,1
2021-06-29 22:36:50,5,0,0,5
2021-06-29 22:37:12,1,0,0,1
2021-06-29 22:37:14,193,4,23,220
2021-06-29 22:37:17,0,0,0,0
2021-06-29 22:37:23,48,3,20,71
2021-06-29 22:37:28,0,0,0,0
2021-06-29 22:37:33,32,0,8,40
2021-06-29 22:37:37,1,0,0,1
2021-06-29 22:37:47,0,0,0,0
2021-06-29 22:37:54,0,0,0,0
2021-06-29 22:37:58,0,0,0,0
2021-06-29 22:38:03,0,0,0,0
2021-06-29 22:38:11,0,0,0,0
2021-06-29 22:38:15,0,0,0,0
2021-06-29 22:38:19,0,0,0,0
2021-06-29 22:38:23,0,0,0,0
2021-06-29 22:38:27,0,0,0,0
2021-06-29 22:38:30,0,0,0,0
2021-06-29 22:38:37,1,0,0,1
2021-06-29 22:38:38,3,0,1,4
2021-06-29 22:38:49,4,1,4,9
2021-06-29 22:38:50,0,0,0,0
2021-06-29 22:38:51,1,0,0,1
2021-06-29 22:38:57,3,0,0,3
2021-06-29 22:39:10,0,0,0,0
2021-06-29 22:39:12,1,0,1,2
2021-06-29 22:39:13,6,0,2,8
2021-06-29 22:39:17,1,0,1,2
2021-06-29 22:39:25,1,0,0,1
2021-06-29 22:39:38,2,0,1,3
2021-06-29 22:39:42,1,0,0,1
2021-06-29 22:39:45,0,0,0,0
2021-06-29 22:39:50,71,8,24,103
2021-06-29 22:40:25,2,0,1,3
2021-06-29 22:40:29,0,0,0,0
2021-06-29 22:40:47,5,1,0,6
2021-06-29 22:40:56,9,0,2,11
2021-06-29 22:40:59,0,0,0,0
2021-06-29 22:41:20,0,0,0,0
2021-06-29 22:41:37,7,0,2,9
2021-06-29 22:41:46,1,0,1,2
2021-06-29 22:41:48,1,0,0,1
2021-06-29 22:42:12,0,0,0,0
2021-06-29 22:42:18,0,0,0,0
2021-06-29 22:42:33,7,0,1,8
2021-06-29 22:42:34,0,0,0,0
2021-06-29 22:42:40,1,0,0,1
2021-06-29 22:43:04,0,0,0,0
2021-06-29 22:43:08,0,0,0,0
2021-06-29 22:43:15,0,0,0,0
2021-06-29 22:43:17,93,3,22,118
2021-06-29 22:43:22,2,0,0,2
2021-06-29 22:43:26,1,0,0,1
2021-06-29 22:43:27,3,0,0,3
2021-06-29 22:43:28,0,0,0,0
2021-06-29 22:43:35,0,0,0,0
2021-06-29 22:43:42,0,0,0,0
2021-06-29 22:43:51,0,0,0,0
2021-06-29 22:44:01,0,0,0,0
2021-06-29 22:44:09,0,0,0,0
2021-06-29 22:44:15,5,0,2,7
2021-06-29 22:44:20,0,0,0,0
2021-06-29 22:44:24,1,0,0,1
2021-06-29 22:44:27,6,0,0,6
2021-06-29 22:44:28,3,0,0,3
2021-06-29 22:44:40,0,0,0,0
2021-06-29 22:44:42,0,0,0,0
2021-06-29 22:44:44,0,0,0,0
2021-06-29 22:44:52,7,0,4,11
2021-06-29 22:44:58,0,0,0,0
2021-06-29 22:45:06,2,0,0,2
2021-06-29 22:45:18,0,0,0,0
2021-06-29 22:45:21,0,0,0,0
2021-06-29 22:45:35,2,0,0,2
2021-06-29 22:45:40,2,0,0,2
2021-06-29 22:45:46,343,7,44,394
2021-06-29 22:45:52,0,0,0,0
2021-06-29 22:46:12,1,0,0,1
2021-06-29 22:46:39,0,0,0,0
2021-06-29 22:46:41,1,0,0,1
2021-06-29 22:46:52,0,0,0,0
2021-06-29 22:47:16,1,1,0,2
2021-06-29 22:47:37,0,0,0,0
2021-06-29 22:47:43,0,0,0,0
2021-06-29 22:48:10,0,0,0,0
2021-06-29 22:48:14,0,0,0,0
2021-06-29 22:48:15,1,0,0,1
2021-06-29 22:48:24,1,0,1,2
2021-06-29 22:48:35,1,0,1,2
2021-06-29 22:48:48,1,0,2,3
2021-06-29 22:48:58,2,0,0,2
2021-06-29 22:49:00,17,1,5,23
2021-06-29 22:49:42,0,0,0,0
2021-06-29 22:50:21,0,0,0,0
2021-06-29 22:50:25,4,0,1,5
2021-06-29 22:50:33,0,0,0,0
2021-06-29 22:50:35,0,0,0,0
2021-06-29 22:50:51,0,0,0,0
2021-06-29 22:50:56,10,1,3,14
2021-06-29 22:51:01,1,0,2,3
2021-06-29 22:51:06,54,7,8,69
2021-06-29 22:51:14,0,0,0,0
2021-06-29 22:51:21,1,0,0,1
2021-06-29 22:51:26,4,0,0,4
2021-06-29 22:51:34,2,0,0,2
2021-06-29 22:51:46,1,0,0,1
2021-06-29 22:52:08,0,0,0,0
2021-06-29 22:52:13,7,1,3,11
2021-06-29 22:52:28,0,0,0,0
2021-06-29 22:53:24,0,0,0,0
2021-06-29 22:53:31,0,0,0,0
2021-06-29 22:53:41,0,0,0,0
2021-06-29 22:53:55,0,0,0,0
2021-06-29 22:54:26,0,0,0,0
2021-06-29 22:54:28,0,0,0,0
2021-06-29 22:54:31,1,0,0,1
2021-06-29 22:54:48,1,0,1,2
2021-06-29 22:55:05,0,0,0,0
2021-06-29 22:55:12,1,0,0,1
2021-06-29 22:55:13,16,0,2,18
2021-06-29 22:55:17,0,0,1,1
2021-06-29 22:55:38,1,0,1,2
2021-06-29 22:55:59,0,0,0,0
2021-06-29 22:56:14,2,0,1,3
2021-06-29 22:56:38,0,0,0,0
2021-06-29 22:57:37,0,0,0,0
2021-06-29 22:57:38,0,0,0,0
2021-06-29 22:57:57,105,4,24,133
2021-06-29 22:58:05,0,0,0,0
2021-06-29 22:58:47,12,2,4,18
2021-06-29 22:59:19,6,0,2,8
2021-06-29 22:59:26,0,0,0,0
2021-06-29 23:00:00,0,0,0,0
2021-06-29 23:00:18,0,0,0,0
2021-06-29 23:00:38,1,1,0,2
2021-06-29 23:01:10,2,0,2,4
2021-06-29 23:01:13,1,0,0,1
2021-06-29 23:01:23,0,0,0,0
2021-06-29 23:01:50,1,0,0,1
2021-06-29 23:01:57,2,0,0,2
2021-06-29 23:02:04,1,0,1,2
2021-06-29 23:02:25,0,0,0,0
2021-06-29 23:02:31,0,0,0,0
2021-06-29 23:03:33,9,0,0,9
2021-06-29 23:04:10,0,0,0,0
2021-06-29 23:04:26,0,0,0,0
2021-06-29 23:04:37,0,0,0,0
2021-06-29 23:04:46,0,0,0,0
2021-06-29 23:04:51,0,0,0,0
2021-06-29 23:05:17,1,0,0,1
2021-06-29 23:05:37,1,0,0,1
2021-06-29 23:06:22,0,1,0,1
2021-06-29 23:06:25,606,8,157,771
2021-06-29 23:06:31,0,0,0,0
2021-06-29 23:06:43,1,0,0,1
2021-06-29 23:06:52,4,0,0,4
2021-06-29 23:06:53,2,0,0,2
2021-06-29 23:07:01,1,0,0,1
2021-06-29 23:07:27,0,0,0,0
2021-06-29 23:07:59,0,0,0,0
2021-06-29 23:08:06,1,0,0,1
2021-06-29 23:08:14,0,0,0,0
2021-06-29 23:08:33,2,0,1,3
2021-06-29 23:08:48,69,0,32,101
2021-06-29 23:09:22,0,0,0,0
2021-06-29 23:09:27,0,0,0,0
2021-06-29 23:09:32,138,1,44,183
2021-06-29 23:09:36,1,0,0,1
2021-06-29 23:09:40,0,0,0,0
2021-06-29 23:10:05,6,0,2,8
2021-06-29 23:10:40,0,0,0,0
2021-06-29 23:10:49,10,1,5,16
2021-06-29 23:10:51,3,1,0,4
2021-06-29 23:11:15,4,0,0,4
2021-06-29 23:11:25,1,0,1,2
2021-06-29 23:11:27,2,1,1,4
2021-06-29 23:11:54,0,0,0,0
2021-06-29 23:12:00,2,0,0,2
2021-06-29 23:12:01,2,0,1,3
2021-06-29 23:12:18,5,0,0,5
2021-06-29 23:12:24,1462,9,192,1663
2021-06-29 23:12:28,1,0,0,1
2021-06-29 23:12:44,39,0,6,45
2021-06-29 23:12:51,85,4,23,112
2021-06-29 23:13:48,0,0,0,0
2021-06-29 23:13:55,4,0,3,7
2021-06-29 23:14:00,0,0,0,0
2021-06-29 23:14:15,5,1,1,7
2021-06-29 23:14:26,3,0,0,3
2021-06-29 23:14:31,26,0,11,37
2021-06-29 23:14:48,0,0,0,0
2021-06-29 23:15:02,0,0,0,0
2021-06-29 23:15:05,0,0,0,0
2021-06-29 23:15:11,27,0,7,34
2021-06-29 23:15:13,5,0,0,5
2021-06-29 23:15:17,11,0,8,19
2021-06-29 23:15:54,0,0,0,0
2021-06-29 23:15:57,0,0,0,0
2021-06-29 23:16:08,0,0,0,0
2021-06-29 23:16:30,1,0,1,2
2021-06-29 23:16:49,20,0,2,22
2021-06-29 23:17:15,1,0,0,1
2021-06-29 23:17:22,0,0,0,0
2021-06-29 23:17:30,0,1,0,1
2021-06-29 23:17:42,1,0,0,1
2021-06-29 23:17:56,0,0,0,0
2021-06-29 23:18:07,3,2,0,5
2021-06-29 23:18:39,0,0,0,0
2021-06-29 23:18:59,71,1,20,92
2021-06-29 23:19:27,0,0,0,0
2021-06-29 23:20:00,0,0,0,0
2021-06-29 23:20:03,0,0,0,0
2021-06-29 23:20:39,3,0,0,3
2021-06-29 23:21:24,1,0,1,2
2021-06-29 23:21:27,2,0,0,2
2021-06-29 23:21:32,1,0,0,1
2021-06-29 23:21:40,0,0,0,0
2021-06-29 23:22:01,0,0,0,0
2021-06-29 23:22:10,0,0,1,1
2021-06-29 23:22:22,1,0,0,1
2021-06-29 23:22:32,1,0,4,5
2021-06-29 23:22:51,3,0,0,3
2021-06-29 23:23:14,2,0,0,2
2021-06-29 23:23:30,3,0,0,3
2021-06-29 23:23:38,0,0,1,1
2021-06-29 23:24:05,1,0,0,1
2021-06-29 23:24:11,0,0,0,0
2021-06-29 23:24:24,1,0,0,1
2021-06-29 23:24:34,0,0,0,0
2021-06-29 23:24:36,4,0,1,5
2021-06-29 23:24:41,0,0,0,0
2021-06-29 23:24:59,1,0,0,1
2021-06-29 23:25:06,15,1,3,19
2021-06-29 23:25:26,2,0,1,3
2021-06-29 23:25:38,1,1,0,2
2021-06-29 23:26:04,1,0,0,1
2021-06-29 23:26:20,0,0,0,0
2021-06-29 23:26:36,5,2,1,8
2021-06-29 23:27:02,121,3,4,128
2021-06-29 23:27:47,2,0,0,2
2021-06-29 23:28:05,0,0,0,0
2021-06-29 23:28:06,24,1,10,35
2021-06-29 23:28:18,5159,179,406,5744
2021-06-29 23:28:31,0,0,0,0
2021-06-29 23:28:47,0,0,0,0
2021-06-29 23:28:56,0,0,0,0
2021-06-29 23:29:20,4,0,0,4
2021-06-29 23:29:23,0,0,0,0
2021-06-29 23:29:29,0,0,0,0
2021-06-29 23:29:30,4,0,0,4
2021-06-29 23:29:34,1,0,0,1
2021-06-29 23:29:35,0,0,0,0
2021-06-29 23:29:38,0,0,0,0
2021-06-29 23:29:41,65,0,13,78
2021-06-29 23:29:48,0,0,0,0
2021-06-29 23:29:50,1,0,0,1
2021-06-29 23:30:01,0,0,0,0
2021-06-29 23:30:06,1,1,0,2
2021-06-29 23:30:10,0,0,0,0
2021-06-29 23:30:44,0,0,0,0
2021-06-29 23:31:12,0,0,0,0
2021-06-29 23:31:37,2,0,0,2
2021-06-29 23:32:06,0,0,0,0
2021-06-29 23:32:11,0,0,0,0
2021-06-29 23:32:14,5,0,1,6
2021-06-29 23:32:31,0,0,0,0
2021-06-29 23:32:36,13,1,7,21
2021-06-29 23:32:46,5,0,0,5
2021-06-29 23:32:48,0,0,0,0
2021-06-29 23:32:54,1,0,0,1
2021-06-29 23:32:59,0,0,0,0
2021-06-29 23:33:06,0,0,0,0
2021-06-29 23:33:07,2,1,1,4
2021-06-29 23:33:16,3,0,0,3
2021-06-29 23:33:42,1,0,0,1
2021-06-29 23:33:45,1,0,1,2
2021-06-29 23:33:51,1,0,0,1
2021-06-29 23:33:54,1,0,0,1
2021-06-29 23:34:22,4,0,0,4
2021-06-29 23:34:55,0,0,0,0
2021-06-29 23:35:05,0,0,0,0
2021-06-29 23:35:07,0,0,0,0
2021-06-29 23:35:28,0,0,0,0
2021-06-29 23:35:29,2,0,1,3
2021-06-29 23:35:59,1,0,1,2
2021-06-29 23:36:17,0,0,0,0
2021-06-29 23:36:44,30,0,16,46
2021-06-29 23:36:46,0,0,0,0
2021-06-29 23:36:56,1,0,0,1
2021-06-29 23:37:22,0,0,0,0
2021-06-29 23:37:29,6,0,3,9
2021-06-29 23:37:43,4,0,1,5
2021-06-29 23:37:58,23,0,4,27
2021-06-29 23:38:29,0,0,0,0
2021-06-29 23:38:33,0,0,0,0
2021-06-29 23:38:49,1,1,0,2
2021-06-29 23:38:53,0,0,0,0
2021-06-29 23:39:00,0,0,0,0
2021-06-29 23:39:06,4,0,1,5
2021-06-29 23:39:14,5,1,0,6
2021-06-29 23:39:19,0,0,0,0
2021-06-29 23:39:26,1,0,0,1
2021-06-29 23:39:34,0,0,0,0
2021-06-29 23:39:39,1,0,0,1
2021-06-29 23:39:42,1,0,1,2
2021-06-29 23:39:46,4,0,0,4
2021-06-29 23:40:06,1,0,1,2
2021-06-29 23:40:11,2,0,0,2
2021-06-29 23:40:21,0,0,0,0
2021-06-29 23:40:23,0,0,0,0
2021-06-29 23:40:27,0,0,0,0
2021-06-29 23:40:30,0,0,0,0
2021-06-29 23:40:37,3,0,0,3
2021-06-29 23:40:47,0,0,0,0
2021-06-29 23:40:50,0,0,0,0
2021-06-29 23:41:02,3,0,1,4
2021-06-29 23:41:03,18,0,0,18
2021-06-29 23:41:08,0,0,0,0
2021-06-29 23:41:21,1,0,0,1
2021-06-29 23:41:44,0,0,0,0
2021-06-29 23:42:05,8,1,0,9
2021-06-29 23:42:07,0,0,0,0
2021-06-29 23:42:37,4,0,1,5
2021-06-29 23:43:01,0,0,0,0
2021-06-29 23:43:07,0,0,0,0
2021-06-29 23:43:25,1,0,0,1
2021-06-29 23:43:28,2,0,0,2
2021-06-29 23:43:55,18,0,2,20
2021-06-29 23:44:17,6,0,1,7
2021-06-29 23:44:47,0,0,0,0
2021-06-29 23:45:16,3,0,2,5
2021-06-29 23:45:40,0,0,0,0
2021-06-29 23:46:00,1,0,1,2
2021-06-29 23:46:20,1,0,1,2
2021-06-29 23:46:26,1,0,0,1
2021-06-29 23:46:27,21,0,11,32
2021-06-29 23:46:28,4,0,0,4
2021-06-29 23:46:36,0,0,0,0
2021-06-29 23:46:40,45,0,20,65
2021-06-29 23:46:43,0,0,0,0
2021-06-29 23:47:19,0,0,0,0
2021-06-29 23:47:35,0,0,0,0
2021-06-29 23:47:51,0,0,0,0
2021-06-29 23:47:55,1,0,1,2
2021-06-29 23:48:28,0,0,0,0
2021-06-29 23:48:44,0,0,1,1
2021-06-29 23:49:07,1,1,1,3
2021-06-29 23:49:21,0,0,0,0
2021-06-29 23:49:30,0,0,0,0
2021-06-29 23:49:35,16,1,3,20
2021-06-29 23:50:48,0,0,0,0
2021-06-29 23:51:18,218,2,31,251
2021-06-29 23:51:48,2,2,0,4
2021-06-29 23:51:58,4,0,3,7
2021-06-29 23:52:29,0,0,0,0
2021-06-29 23:52:33,0,0,0,0
2021-06-29 23:53:08,0,0,0,0
2021-06-29 23:53:24,4,0,1,5
2021-06-29 23:54:47,0,0,0,0
2021-06-29 23:55:10,1,1,0,2
2021-06-29 23:55:48,1,0,0,1
2021-06-29 23:56:28,0,0,0,0
2021-06-29 23:56:37,0,0,0,0
2021-06-29 23:56:56,0,0,0,0
2021-06-29 23:57:16,0,0,0,0
2021-06-29 23:58:16,3,0,0,3
2021-06-29 23:59:19,0,0,0,0
2021-06-29 23:59:23,1,0,0,1
2021-06-30 00:00:01,3,0,2,5
2021-06-30 00:00:05,0,0,0,0
2021-06-30 00:00:58,3,0,2,5
2021-06-30 00:01:04,7,0,3,10
2021-06-30 00:01:07,0,0,0,0
2021-06-30 00:01:18,0,0,0,0
2021-06-30 00:02:13,6,0,2,8
2021-06-30 00:02:49,110,0,34,144
2021-06-30 00:03:30,6,0,1,7
2021-06-30 00:03:58,3,0,1,4
2021-06-30 00:05:32,6,0,4,10
2021-06-30 00:07:24,0,0,0,0
2021-06-30 00:07:27,0,1,0,1
2021-06-30 00:07:46,0,0,0,0
2021-06-30 00:08:11,0,0,0,0
2021-06-30 00:08:22,3,0,0,3
2021-06-30 00:08:27,1,0,0,1
2021-06-30 00:08:30,0,0,0,0
2021-06-30 00:08:34,4,0,0,4
2021-06-30 00:09:38,0,0,0,0
2021-06-30 00:09:45,2,0,3,5
2021-06-30 00:09:53,1,0,0,1
2021-06-30 00:10:14,7,0,1,8
2021-06-30 00:11:06,0,0,0,0
2021-06-30 00:11:24,1,0,0,1
2021-06-30 00:11:31,3,0,2,5
2021-06-30 00:11:41,83,3,24,110
2021-06-30 00:11:57,1,0,0,1
2021-06-30 00:12:43,1,0,0,1
2021-06-30 00:12:44,0,0,0,0
2021-06-30 00:12:57,2,0,0,2
2021-06-30 00:13:21,1,0,1,2
2021-06-30 00:13:23,2,0,1,3
2021-06-30 00:13:45,0,0,0,0
2021-06-30 00:14:12,0,0,0,0
2021-06-30 00:14:43,3,0,1,4
2021-06-30 00:15:55,1,0,1,2
2021-06-30 00:15:57,7,0,2,9
2021-06-30 00:15:59,2,0,0,2
2021-06-30 00:16:09,1,0,0,1
2021-06-30 00:16:12,6,1,0,7
2021-06-30 00:16:29,0,0,0,0
2021-06-30 00:16:43,0,0,0,0
2021-06-30 00:16:48,2,1,0,3
2021-06-30 00:17:03,33,4,5,42
2021-06-30 00:17:19,0,0,0,0
2021-06-30 00:17:20,78,1,11,90
2021-06-30 00:18:15,1,0,0,1
2021-06-30 00:18:19,0,0,0,0
2021-06-30 00:18:24,8,1,3,12
2021-06-30 00:18:44,0,0,0,0
2021-06-30 00:19:42,0,0,0,0
2021-06-30 00:19:54,0,0,0,0
2021-06-30 00:20:00,11,0,2,13
2021-06-30 00:20:09,0,0,0,0
2021-06-30 00:20:12,0,0,0,0
2021-06-30 00:20:15,0,0,0,0
2021-06-30 00:20:35,0,0,0,0
2021-06-30 00:20:49,0,0,0,0
2021-06-30 00:20:55,3,1,1,5
2021-06-30 00:21:05,8,2,2,12
2021-06-30 00:21:28,0,0,0,0
2021-06-30 00:21:29,2,1,1,4
2021-06-30 00:21:41,0,0,0,0
2021-06-30 00:21:55,0,0,0,0
2021-06-30 00:22:03,0,0,0,0
2021-06-30 00:22:13,0,0,0,0
2021-06-30 00:22:23,18,1,3,22
2021-06-30 00:22:55,1,0,0,1
2021-06-30 00:23:25,3,0,0,3
2021-06-30 00:23:30,1,0,0,1
2021-06-30 00:23:43,5,0,0,5
2021-06-30 00:23:54,0,0,0,0
2021-06-30 00:24:08,0,0,0,0
2021-06-30 00:24:45,0,0,0,0
2021-06-30 00:25:08,0,0,0,0
2021-06-30 00:25:32,1,1,0,2
2021-06-30 00:25:35,0,0,0,0
2021-06-30 00:26:07,0,0,0,0
2021-06-30 00:26:18,0,0,0,0
2021-06-30 00:26:19,6,0,0,6
2021-06-30 00:26:24,0,0,0,0
2021-06-30 00:26:44,6,0,1,7
2021-06-30 00:26:45,3,0,2,5
2021-06-30 00:27:24,95,0,23,118
2021-06-30 00:27:26,1,0,0,1
2021-06-30 00:28:11,0,0,0,0
2021-06-30 00:28:16,0,0,0,0
2021-06-30 00:28:22,0,0,0,0
2021-06-30 00:30:00,2,0,1,3
2021-06-30 00:31:10,4,2,0,6
2021-06-30 00:31:15,1,0,1,2
2021-06-30 00:31:18,1,0,0,1
2021-06-30 00:31:32,4,0,2,6
2021-06-30 00:32:00,0,0,0,0
2021-06-30 00:32:05,4,1,0,5
2021-06-30 00:32:43,0,0,0,0
2021-06-30 00:33:00,0,0,0,0
2021-06-30 00:33:02,1,0,0,1
2021-06-30 00:33:07,0,0,0,0
2021-06-30 00:33:27,0,0,0,0
2021-06-30 00:34:37,0,0,0,0
2021-06-30 00:34:57,0,0,0,0
2021-06-30 00:35:00,0,0,0,0
2021-06-30 00:35:06,0,0,0,0
2021-06-30 00:35:10,0,0,0,0
2021-06-30 00:36:06,5,0,0,5
2021-06-30 00:36:30,1,0,1,2
2021-06-30 00:37:23,0,2,0,2
2021-06-30 00:38:45,0,0,1,1
2021-06-30 00:38:58,0,0,0,0
2021-06-30 00:39:05,0,0,0,0
2021-06-30 00:40:00,15,0,1,16
2021-06-30 00:40:07,6,0,0,6
2021-06-30 00:40:10,0,0,0,0
2021-06-30 00:40:15,1,0,0,1
2021-06-30 00:40:45,0,0,0,0
2021-06-30 00:40:53,19,0,2,21
2021-06-30 00:42:00,1,0,0,1
2021-06-30 00:42:01,1,1,0,2
2021-06-30 00:42:19,0,1,0,1
2021-06-30 00:43:23,0,0,0,0
2021-06-30 00:43:49,0,0,0,0
2021-06-30 00:45:19,0,0,0,0
2021-06-30 00:46:25,0,0,0,0
2021-06-30 00:46:30,0,0,0,0
2021-06-30 00:46:31,0,0,0,0
2021-06-30 00:46:36,0,0,0,0
2021-06-30 00:46:50,0,1,0,1
2021-06-30 00:46:59,0,0,0,0
2021-06-30 00:47:58,1,0,0,1
2021-06-30 00:48:51,0,0,0,0
2021-06-30 00:49:03,5,0,0,5
2021-06-30 00:49:45,0,0,0,0
2021-06-30 00:49:52,1,1,0,2
2021-06-30 00:49:59,1,0,0,1
2021-06-30 00:50:02,7,0,1,8
2021-06-30 00:50:55,6,0,0,6
2021-06-30 00:52:11,1,0,0,1
2021-06-30 00:52:12,0,0,0,0
2021-06-30 00:52:42,1,0,0,1
2021-06-30 00:53:18,0,0,0,0
2021-06-30 00:53:21,1,0,0,1
2021-06-30 00:54:56,1,0,0,1
2021-06-30 00:55:33,0,0,0,0
2021-06-30 00:56:17,0,0,0,0
2021-06-30 00:56:31,10,0,0,10
2021-06-30 00:56:32,12,0,6,18
2021-06-30 00:57:00,1,0,0,1
2021-06-30 01:00:01,14,1,4,19
2021-06-30 01:01:18,0,0,0,0
2021-06-30 01:01:29,10,1,0,11
2021-06-30 01:04:30,1,0,0,1
2021-06-30 01:06:03,0,0,0,0
2021-06-30 01:08:56,1,0,0,1
2021-06-30 01:09:29,0,0,0,0
2021-06-30 01:09:38,0,0,0,0
2021-06-30 01:09:43,0,0,0,0
2021-06-30 01:10:56,0,0,0,0
2021-06-30 01:11:08,0,0,0,0
2021-06-30 01:11:17,6,0,0,6
2021-06-30 01:13:59,1,0,0,1
2021-06-30 01:14:07,1,0,0,1
2021-06-30 01:14:08,0,0,0,0
2021-06-30 01:15:16,0,0,0,0
2021-06-30 01:15:20,1,0,0,1
2021-06-30 01:15:29,2,0,0,2
2021-06-30 01:17:32,3,0,0,3
2021-06-30 01:17:39,1,0,0,1
2021-06-30 01:17:40,1,0,0,1
2021-06-30 01:17:59,1,0,0,1
2021-06-30 01:18:34,1,0,1,2
2021-06-30 01:19:51,0,0,0,0
2021-06-30 01:20:00,12,1,6,19
2021-06-30 01:20:13,3,0,2,5
2021-06-30 01:20:20,0,0,0,0
2021-06-30 01:20:59,2,0,0,2
2021-06-30 01:21:11,0,0,0,0
2021-06-30 01:21:29,0,0,0,0
2021-06-30 01:21:43,0,0,0,0
2021-06-30 01:22:01,1,0,0,1
2021-06-30 01:22:15,6,0,1,7
2021-06-30 01:22:19,2,0,0,2
2021-06-30 01:23:28,2,0,0,2
2021-06-30 01:23:45,0,0,0,0
2021-06-30 01:23:50,1,0,0,1
2021-06-30 01:24:02,0,0,0,0
2021-06-30 01:25:11,0,0,0,0
2021-06-30 01:26:36,3,0,1,4
2021-06-30 01:28:04,1,0,0,1
2021-06-30 01:28:14,3,0,0,3
2021-06-30 01:30:07,2,0,1,3
2021-06-30 01:32:17,0,0,0,0
2021-06-30 01:40:00,8,0,4,12
2021-06-30 02:03:02,0,0,0,0
2021-06-30 02:06:08,1,0,1,2
2021-06-30 02:08:14,0,0,0,0
2021-06-30 02:09:51,0,0,0,0
2021-06-30 02:10:06,0,0,0,0
2021-06-30 02:10:28,1,1,0,2
2021-06-30 02:11:16,1,0,0,1
2021-06-30 02:11:27,0,0,0,0
2021-06-30 02:12:17,1,0,1,2
2021-06-30 02:13:42,1,0,0,1
2021-06-30 02:13:55,1,0,0,1
2021-06-30 02:14:22,8,2,2,12
2021-06-30 02:15:20,0,0,0,0
2021-06-30 02:17:28,1,0,0,1
2021-06-30 02:19:35,0,0,0,0
2021-06-30 02:22:52,0,0,0,0
2021-06-30 02:30:59,1,0,1,2
2021-06-30 02:31:20,0,0,0,0
2021-06-30 02:34:12,1,0,0,1
2021-06-30 02:36:04,0,0,0,0
2021-06-30 02:37:58,0,1,2,3
2021-06-30 02:38:01,1,0,0,1
2021-06-30 02:38:03,0,0,0,0
2021-06-30 02:38:36,1,0,1,2
2021-06-30 02:38:46,0,0,0,0
2021-06-30 02:39:09,0,0,0,0
2021-06-30 02:40:58,0,0,2,2
2021-06-30 02:41:00,0,0,0,0
2021-06-30 02:41:19,0,0,0,0
2021-06-30 02:42:59,1,0,0,1
2021-06-30 02:45:39,0,0,0,0
2021-06-30 02:47:15,0,0,1,1
2021-06-30 02:48:47,3,0,0,3
2021-06-30 02:50:49,2,0,1,3
2021-06-30 02:51:31,0,0,0,0
2021-06-30 02:53:46,0,0,0,0
2021-06-30 02:54:09,0,0,0,0
2021-06-30 02:54:25,1272,9,194,1475
2021-06-30 02:55:07,0,0,0,0
2021-06-30 02:55:08,0,0,0,0
2021-06-30 02:56:24,0,0,0,0
2021-06-30 03:00:30,0,0,0,0
2021-06-30 03:00:44,0,0,0,0
2021-06-30 03:01:25,0,0,0,0
2021-06-30 03:04:21,1,0,1,2
2021-06-30 03:09:04,0,0,0,0
2021-06-30 03:14:37,0,0,0,0
2021-06-30 03:18:52,1,0,1,2
2021-06-30 03:29:30,0,0,0,0
2021-06-30 03:30:14,0,0,0,0
2021-06-30 03:32:25,2,1,0,3
2021-06-30 03:36:13,1,0,0,1
2021-06-30 03:39:19,0,0,0,0
2021-06-30 03:41:07,0,0,0,0
2021-06-30 03:42:30,1,0,0,1
2021-06-30 03:45:50,0,0,0,0
2021-06-30 03:47:05,2,0,1,3
2021-06-30 03:50:14,1,0,0,1
2021-06-30 03:55:10,1,0,0,1
2021-06-30 03:57:46,2,0,0,2
2021-06-30 04:03:11,0,0,0,0
2021-06-30 04:41:22,0,0,0,0
2021-06-30 04:46:34,4,0,1,5
2021-06-30 04:47:31,0,0,0,0
2021-06-30 04:50:10,0,0,0,0
2021-06-30 04:59:43,1,0,0,1
2021-06-30 04:59:59,2,0,0,2
2021-06-30 05:02:32,1,0,0,1
2021-06-30 05:04:12,0,0,0,0
2021-06-30 05:08:19,0,0,0,0
2021-06-30 05:11:28,1,0,1,2
2021-06-30 05:19:10,0,0,0,0
2021-06-30 05:23:23,11,0,7,18
2021-06-30 05:26:18,0,0,0,0
2021-06-30 05:29:50,0,0,0,0
2021-06-30 05:33:14,0,0,0,0
2021-06-30 05:39:20,2,0,0,2
2021-06-30 05:41:16,0,0,0,0
2021-06-30 05:43:44,0,0,0,0
2021-06-30 05:44:29,0,0,0,0
2021-06-30 05:45:02,0,0,0,0
2021-06-30 05:45:04,1,0,0,1
2021-06-30 05:45:47,0,0,0,0
2021-06-30 05:45:49,0,0,0,0
2021-06-30 05:48:42,0,0,0,0
2021-06-30 05:49:46,0,0,0,0
2021-06-30 05:49:56,0,0,0,0
2021-06-30 05:51:08,0,0,0,0
2021-06-30 05:51:19,8,0,1,9
2021-06-30 05:51:20,1,1,0,2
2021-06-30 05:54:16,1,0,0,1
2021-06-30 05:55:05,18,0,6,24
2021-06-30 06:00:01,138,15,66,219
2021-06-30 06:00:21,0,0,0,0
2021-06-30 06:00:40,0,0,0,0
2021-06-30 06:04:33,0,0,0,0
2021-06-30 06:08:19,0,0,0,0
2021-06-30 06:08:27,1,1,0,2
2021-06-30 06:11:25,2,0,0,2
2021-06-30 06:12:35,3,1,0,4
2021-06-30 06:17:45,0,0,0,0
2021-06-30 06:20:42,0,0,0,0
2021-06-30 06:21:14,0,0,0,0
2021-06-30 06:21:26,1,0,0,1
2021-06-30 06:28:57,1,0,0,1
2021-06-30 06:29:21,0,0,0,0
2021-06-30 06:29:28,1,1,0,2
2021-06-30 06:30:00,1,0,0,1
2021-06-30 06:31:04,0,0,0,0
2021-06-30 06:35:25,0,0,0,0
2021-06-30 06:36:55,0,0,0,0
2021-06-30 06:42:24,0,0,0,0
2021-06-30 06:44:37,0,0,0,0
2021-06-30 06:46:09,1087,40,163,1290
2021-06-30 06:47:00,0,0,0,0
2021-06-30 06:48:39,78,1,10,89
2021-06-30 06:48:48,0,0,0,0
2021-06-30 06:49:21,4,0,2,6
2021-06-30 06:49:33,0,0,0,0
2021-06-30 06:50:27,0,0,0,0
2021-06-30 06:51:20,0,0,0,0
2021-06-30 06:52:36,0,0,0,0
2021-06-30 06:54:07,11,0,4,15
2021-06-30 06:55:09,3,0,0,3
2021-06-30 06:55:18,0,0,0,0
2021-06-30 06:55:51,0,0,0,0
2021-06-30 06:57:06,470,21,106,597
2021-06-30 06:57:20,11,1,3,15
2021-06-30 06:57:41,1,0,0,1
2021-06-30 06:57:45,6,0,3,9
2021-06-30 06:58:15,0,0,0,0
2021-06-30 06:58:20,0,0,0,0
2021-06-30 07:00:02,2,0,1,3
2021-06-30 07:00:08,1,0,0,1
2021-06-30 07:00:10,0,0,0,0
2021-06-30 07:00:57,0,1,0,1
2021-06-30 07:02:18,1,0,0,1
2021-06-30 07:03:38,6,0,4,10
2021-06-30 07:05:15,1,1,0,2
2021-06-30 07:05:25,0,0,0,0
2021-06-30 07:06:50,2,0,0,2
2021-06-30 07:07:14,3,0,3,6
2021-06-30 07:08:43,7,1,3,11
2021-06-30 07:11:17,0,0,0,0
2021-06-30 07:11:39,0,0,0,0
2021-06-30 07:12:08,20,4,0,24
2021-06-30 07:12:37,0,0,0,0
2021-06-30 07:14:52,0,0,0,0
2021-06-30 07:15:38,1,0,0,1
2021-06-30 07:16:21,46,1,18,65
2021-06-30 07:17:17,0,0,0,0
2021-06-30 07:18:17,1,0,0,1
2021-06-30 07:20:07,0,0,0,0
2021-06-30 07:21:24,0,0,0,0
2021-06-30 07:21:27,388,13,42,443
2021-06-30 07:21:41,375,9,71,455
2021-06-30 07:22:00,5,0,3,8
2021-06-30 07:22:29,0,0,0,0
2021-06-30 07:24:22,0,0,0,0
2021-06-30 07:24:45,1,0,0,1
2021-06-30 07:25:08,3,0,0,3
2021-06-30 07:26:38,1,0,0,1
2021-06-30 07:27:22,1,0,0,1
2021-06-30 07:27:44,0,0,0,0
2021-06-30 07:27:50,0,0,0,0
2021-06-30 07:28:22,0,0,0,0
2021-06-30 07:28:29,0,0,0,0
2021-06-30 07:28:33,4,0,0,4
2021-06-30 07:28:36,0,0,0,0
2021-06-30 07:28:45,0,0,0,0
2021-06-30 07:29:20,1,0,0,1
2021-06-30 07:29:55,1029,25,129,1183
2021-06-30 07:30:09,0,0,0,0
2021-06-30 07:30:52,0,0,0,0
2021-06-30 07:31:57,0,0,0,0
2021-06-30 07:33:17,1,0,0,1
2021-06-30 07:34:27,0,0,0,0
2021-06-30 07:34:35,0,0,0,0
2021-06-30 07:36:10,0,0,0,0
2021-06-30 07:37:45,2,1,1,4
2021-06-30 07:38:21,0,0,1,1
2021-06-30 07:38:47,0,0,1,1
2021-06-30 07:38:50,0,0,1,1
2021-06-30 07:39:18,3,1,1,5
2021-06-30 07:39:30,3,0,2,5
2021-06-30 07:39:31,1,0,2,3
2021-06-30 07:39:42,4,1,1,6
2021-06-30 07:39:59,0,0,1,1
2021-06-30 07:40:41,2,0,2,4
2021-06-30 07:40:55,1,0,1,2
2021-06-30 07:40:59,1,0,0,1
2021-06-30 07:41:41,0,0,1,1
2021-06-30 07:42:24,4,0,2,6
2021-06-30 07:43:39,691,14,99,804
2021-06-30 07:44:44,0,0,1,1
2021-06-30 07:45:18,1,0,1,2
2021-06-30 07:45:31,4,0,2,6
2021-06-30 07:45:42,0,0,0,0
2021-06-30 07:45:58,1,0,1,2
2021-06-30 07:46:12,1,0,2,3
2021-06-30 07:47:36,158,4,30,192
2021-06-30 07:48:01,0,0,1,1
2021-06-30 07:48:23,0,0,1,1
2021-06-30 07:48:54,0,0,2,2
2021-06-30 07:49:10,0,0,1,1
2021-06-30 07:49:45,0,0,1,1
2021-06-30 07:50:37,1,0,1,2
2021-06-30 07:52:49,0,0,1,1
2021-06-30 07:53:43,0,0,0,0
2021-06-30 07:54:10,0,0,1,1
2021-06-30 07:54:54,0,0,1,1
2021-06-30 07:55:05,5,1,1,7
2021-06-30 07:55:23,0,0,1,1
2021-06-30 07:55:36,0,0,1,1
2021-06-30 07:55:44,26,0,8,34
2021-06-30 07:56:58,2,0,1,3
2021-06-30 07:57:31,1,0,1,2
2021-06-30 07:57:46,1,0,1,2
2021-06-30 07:58:25,8,3,4,15
2021-06-30 07:58:44,1,0,0,1
2021-06-30 07:59:55,0,0,1,1
2021-06-30 08:00:01,7,0,4,11
2021-06-30 08:00:49,1,0,1,2
2021-06-30 08:01:08,1,0,1,2
2021-06-30 08:02:42,9,4,4,17
2021-06-30 08:05:09,0,0,2,2
2021-06-30 08:05:19,1,0,2,3
2021-06-30 08:05:59,0,0,1,1
2021-06-30 08:06:00,2,0,1,3
2021-06-30 08:06:25,2,0,1,3
2021-06-30 08:06:34,2,0,1,3
2021-06-30 08:06:48,2,0,1,3
2021-06-30 08:06:52,3,0,1,4
2021-06-30 08:07:00,4,0,1,5
2021-06-30 08:07:06,4,1,1,6
2021-06-30 08:07:43,4,0,1,5
2021-06-30 08:08:30,2,0,1,3
2021-06-30 08:08:58,4,0,1,5
2021-06-30 08:09:03,3,1,3,7
2021-06-30 08:09:22,3,0,2,5
2021-06-30 08:09:45,4,0,1,5
2021-06-30 08:09:46,3,0,1,4
2021-06-30 08:10:52,1,0,1,2
2021-06-30 08:10:57,0,0,0,0
2021-06-30 08:11:14,2,0,1,3
2021-06-30 08:11:22,1,0,1,2
2021-06-30 08:14:12,1103,85,174,1362
2021-06-30 08:14:35,1,0,0,1
2021-06-30 08:15:24,1,0,1,2
2021-06-30 08:15:30,8,1,3,12
2021-06-30 08:15:33,14,0,2,16
2021-06-30 08:15:54,1,0,1,2
2021-06-30 08:16:00,4,0,1,5
2021-06-30 08:16:18,2,0,1,3
2021-06-30 08:17:12,1,0,1,2
2021-06-30 08:17:25,258,0,29,287
2021-06-30 08:17:26,2,1,0,3
2021-06-30 08:17:33,24,1,1,26
2021-06-30 08:18:08,4,0,2,6
2021-06-30 08:18:34,3,0,1,4
2021-06-30 08:19:21,3,0,1,4
2021-06-30 08:19:26,1,0,1,2
2021-06-30 08:21:11,12,1,1,14
2021-06-30 08:21:38,1,0,1,2
2021-06-30 08:21:47,2,0,4,6
2021-06-30 08:21:58,2,2,1,5
2021-06-30 08:21:59,0,0,0,0
2021-06-30 08:22:01,1,0,1,2
2021-06-30 08:22:15,2,0,1,3
2021-06-30 08:22:51,2,0,1,3
2021-06-30 08:23:18,3,1,1,5
2021-06-30 08:23:33,1,0,1,2
2021-06-30 08:23:49,1,0,1,2
2021-06-30 08:24:45,6,0,2,8
2021-06-30 08:25:14,1,0,1,2
2021-06-30 08:25:16,1,0,1,2
2021-06-30 08:25:59,4,0,1,5
2021-06-30 08:26:21,2,0,1,3
2021-06-30 08:26:27,84,3,5,92
2021-06-30 08:26:35,1,0,1,2
2021-06-30 08:27:26,2,0,1,3
2021-06-30 08:27:39,1,0,1,2
2021-06-30 08:27:43,21,9,2,32
2021-06-30 08:27:47,1,0,2,3
2021-06-30 08:28:16,1,0,1,2
2021-06-30 08:28:19,1,0,1,2
2021-06-30 08:28:21,1,0,1,2
2021-06-30 08:28:51,1,0,1,2
2021-06-30 08:29:05,2,0,2,4
2021-06-30 08:29:11,1,0,1,2
2021-06-30 08:29:25,1,0,1,2
2021-06-30 08:29:31,1,0,1,2
2021-06-30 08:29:33,1,0,1,2
2021-06-30 08:30:29,1,0,1,2
2021-06-30 08:30:46,2,0,1,3
2021-06-30 08:30:59,3,0,2,5
2021-06-30 08:31:07,5,0,3,8
2021-06-30 08:31:30,3,0,2,5
2021-06-30 08:31:33,2,0,1,3
2021-06-30 08:31:58,2,0,1,3
2021-06-30 08:32:17,3,0,1,4
2021-06-30 08:32:21,1,0,1,2
2021-06-30 08:32:31,1,0,2,3
2021-06-30 08:32:37,1,0,1,2
2021-06-30 08:32:48,1,0,1,2
2021-06-30 08:33:01,7,0,5,12
2021-06-30 08:33:08,1,0,1,2
2021-06-30 08:33:27,2,0,1,3
2021-06-30 08:33:45,2,0,1,3
2021-06-30 08:33:53,1,0,1,2
2021-06-30 08:34:33,2,0,1,3
2021-06-30 08:34:42,2,0,1,3
2021-06-30 08:34:58,11,0,4,15
2021-06-30 08:35:23,3,0,1,4
2021-06-30 08:35:25,2,0,1,3
2021-06-30 08:35:27,12,0,4,16
2021-06-30 08:35:29,9,0,2,11
2021-06-30 08:35:35,1,0,0,1
2021-06-30 08:35:49,25,1,5,31
2021-06-30 08:35:51,2,0,1,3
2021-06-30 08:35:52,1,0,1,2
2021-06-30 08:36:32,1,0,1,2
2021-06-30 08:36:42,2,0,1,3
2021-06-30 08:37:14,1,0,1,2
2021-06-30 08:37:23,2,0,2,4
2021-06-30 08:37:27,2,0,2,4
2021-06-30 08:38:24,0,0,1,1
2021-06-30 08:38:39,22,1,8,31
2021-06-30 08:38:47,0,0,1,1
2021-06-30 08:38:50,4,1,1,6
2021-06-30 08:38:52,3,0,1,4
2021-06-30 08:39:11,0,0,1,1
2021-06-30 08:39:33,2,1,3,6
2021-06-30 08:39:38,0,0,1,1
2021-06-30 08:39:57,0,0,1,1
2021-06-30 08:40:06,123,5,51,179
2021-06-30 08:40:08,0,1,1,2
2021-06-30 08:40:36,8,2,1,11
2021-06-30 08:40:37,1,0,1,2
2021-06-30 08:41:05,1,0,1,2
2021-06-30 08:41:48,2,0,1,3
2021-06-30 08:42:01,5,3,3,11
2021-06-30 08:42:21,10,0,3,13
2021-06-30 08:42:28,0,0,1,1
2021-06-30 08:42:37,1,0,2,3
2021-06-30 08:42:41,0,0,1,1
2021-06-30 08:42:45,1,0,1,2
2021-06-30 08:43:43,0,1,1,2
2021-06-30 08:43:56,0,0,0,0
2021-06-30 08:43:57,7,2,1,10
2021-06-30 08:44:08,0,0,1,1
2021-06-30 08:44:23,301,12,65,378
2021-06-30 08:44:30,0,0,1,1
2021-06-30 08:44:42,0,0,1,1
2021-06-30 08:45:00,1,0,2,3
2021-06-30 08:45:05,2,0,1,3
2021-06-30 08:45:22,0,1,1,2
2021-06-30 08:45:46,57,2,13,72
2021-06-30 08:45:51,5,0,1,6
2021-06-30 08:46:23,2,0,1,3
2021-06-30 08:46:47,0,0,1,1
2021-06-30 08:47:22,1,0,2,3
2021-06-30 08:47:34,0,0,2,2
2021-06-30 08:47:36,0,0,1,1
2021-06-30 08:47:58,0,0,1,1
2021-06-30 08:48:36,0,0,1,1
2021-06-30 08:48:37,0,1,0,1
2021-06-30 08:48:38,0,0,1,1
2021-06-30 08:48:42,2,0,3,5
2021-06-30 08:48:43,1,0,1,2
2021-06-30 08:48:53,1,0,2,3
2021-06-30 08:49:09,85,6,33,124
2021-06-30 08:49:10,0,0,1,1
2021-06-30 08:49:25,2,0,3,5
2021-06-30 08:49:32,3,1,3,7
2021-06-30 08:49:38,1,0,0,1
2021-06-30 08:49:51,1,0,1,2
2021-06-30 08:50:04,0,0,0,0
2021-06-30 08:50:28,2,0,2,4
2021-06-30 08:50:36,0,0,0,0
2021-06-30 08:50:52,0,0,0,0
2021-06-30 08:51:26,1,0,0,1
2021-06-30 08:51:44,99,32,42,173
2021-06-30 08:51:49,0,0,1,1
2021-06-30 08:51:59,19,1,14,34
2021-06-30 08:52:03,0,0,1,1
2021-06-30 08:52:17,0,0,1,1
2021-06-30 08:52:22,0,0,2,2
2021-06-30 08:52:24,2,0,0,2
2021-06-30 08:52:34,0,0,0,0
2021-06-30 08:52:52,1,0,0,1
2021-06-30 08:53:21,0,0,1,1
2021-06-30 08:53:35,1,0,1,2
2021-06-30 08:53:52,0,0,1,1
2021-06-30 08:53:53,8,0,1,9
2021-06-30 08:54:36,4,0,6,10
2021-06-30 08:54:39,0,0,1,1
2021-06-30 08:54:49,0,0,1,1
2021-06-30 08:55:04,4,0,3,7
2021-06-30 08:55:05,0,0,1,1
2021-06-30 08:55:13,1,0,1,2
2021-06-30 08:55:25,0,0,1,1
2021-06-30 08:56:02,1,0,2,3
2021-06-30 08:56:16,0,0,0,0
2021-06-30 08:56:24,0,0,1,1
2021-06-30 08:56:31,0,0,1,1
2021-06-30 08:56:51,0,0,1,1
2021-06-30 08:57:06,1,0,1,2
2021-06-30 08:57:16,1,0,1,2
2021-06-30 08:57:39,0,0,1,1
2021-06-30 08:57:54,2,0,1,3
2021-06-30 08:58:12,0,0,1,1
2021-06-30 08:58:39,4,0,1,5
2021-06-30 08:58:40,3,0,2,5
2021-06-30 08:59:08,2,0,1,3
2021-06-30 08:59:13,0,0,1,1
2021-06-30 08:59:31,0,0,1,1
2021-06-30 08:59:32,1,0,1,2
2021-06-30 08:59:40,0,0,0,0
2021-06-30 08:59:51,0,0,0,0
2021-06-30 09:00:02,0,0,1,1
2021-06-30 09:00:09,1,0,2,3
2021-06-30 09:00:20,1,0,1,2
2021-06-30 09:00:28,0,0,1,1
2021-06-30 09:00:37,0,0,1,1
2021-06-30 09:00:44,0,0,0,0
2021-06-30 09:00:46,0,0,1,1
2021-06-30 09:00:56,50,0,17,67
2021-06-30 09:01:10,0,1,1,2
2021-06-30 09:02:08,0,0,1,1
2021-06-30 09:02:18,0,0,1,1
2021-06-30 09:02:31,11,4,5,20
2021-06-30 09:02:42,0,0,0,0
2021-06-30 09:03:00,52,8,21,81
2021-06-30 09:03:14,20,0,9,29
2021-06-30 09:04:16,7,0,1,8
2021-06-30 09:04:35,5,0,1,6
2021-06-30 09:04:38,0,0,1,1
2021-06-30 09:04:49,0,1,2,3
2021-06-30 09:04:53,0,0,1,1
2021-06-30 09:05:12,64,2,40,106
2021-06-30 09:05:32,2,0,3,5
2021-06-30 09:06:03,1,0,1,2
2021-06-30 09:06:09,0,0,1,1
2021-06-30 09:06:18,0,0,0,0
2021-06-30 09:06:30,16,0,12,28
2021-06-30 09:06:35,9,0,1,10
2021-06-30 09:07:09,0,0,1,1
2021-06-30 09:07:16,0,0,2,2
2021-06-30 09:07:23,4,0,2,6
2021-06-30 09:07:47,0,0,2,2
2021-06-30 09:07:55,0,0,1,1
2021-06-30 09:08:46,0,0,2,2
2021-06-30 09:08:47,1,0,2,3
2021-06-30 09:08:55,1,0,2,3
2021-06-30 09:09:33,267,13,49,329
2021-06-30 09:10:01,0,0,2,2
2021-06-30 09:10:31,0,0,3,3
2021-06-30 09:10:36,0,0,1,1
2021-06-30 09:10:45,4,0,2,6
2021-06-30 09:11:11,0,0,2,2
2021-06-30 09:11:38,0,0,0,0
2021-06-30 09:11:42,0,0,1,1
2021-06-30 09:11:43,3,0,3,6
2021-06-30 09:11:54,185,5,64,254
2021-06-30 09:12:29,0,0,0,0
2021-06-30 09:12:38,0,0,1,1
2021-06-30 09:12:40,2,0,1,3
2021-06-30 09:12:42,3,0,2,5
2021-06-30 09:12:51,0,0,1,1
2021-06-30 09:13:09,1,0,1,2
2021-06-30 09:13:30,1,0,1,2
2021-06-30 09:13:49,3,0,2,5
2021-06-30 09:13:56,1,0,1,2
2021-06-30 09:14:15,0,0,1,1
2021-06-30 09:14:36,7,3,3,13
2021-06-30 09:16:02,1,0,1,2
2021-06-30 09:16:08,4,0,3,7
2021-06-30 09:16:19,2,0,1,3
2021-06-30 09:17:12,8,1,3,12
2021-06-30 09:17:27,0,0,1,1
2021-06-30 09:17:29,2,0,1,3
2021-06-30 09:17:57,30,2,12,44
2021-06-30 09:18:29,3,1,1,5
2021-06-30 09:18:44,1,0,1,2
2021-06-30 09:19:08,0,0,0,0
2021-06-30 09:19:30,4,0,0,4
2021-06-30 09:19:46,0,0,1,1
2021-06-30 09:19:55,1,0,1,2
2021-06-30 09:19:56,0,0,1,1
2021-06-30 09:20:35,0,0,2,2
2021-06-30 09:20:48,0,0,1,1
2021-06-30 09:21:09,12,0,2,14
2021-06-30 09:21:13,16,1,8,25
2021-06-30 09:21:18,0,0,0,0
2021-06-30 09:21:26,1,0,1,2
2021-06-30 09:22:12,1,0,1,2
2021-06-30 09:22:45,0,0,0,0
2021-06-30 09:23:00,0,0,1,1
2021-06-30 09:23:03,0,0,1,1
2021-06-30 09:23:06,1,0,1,2
2021-06-30 09:23:21,0,0,1,1
2021-06-30 09:23:23,0,0,1,1
2021-06-30 09:23:26,0,0,1,1
2021-06-30 09:23:45,0,0,1,1
2021-06-30 09:23:55,0,0,1,1
2021-06-30 09:24:05,0,0,1,1
2021-06-30 09:24:21,0,0,0,0
2021-06-30 09:24:26,0,0,1,1
2021-06-30 09:24:30,1,0,2,3
2021-06-30 09:24:59,0,0,1,1
2021-06-30 09:25:03,0,0,1,1
2021-06-30 09:25:59,0,0,0,0
2021-06-30 09:26:18,63,1,21,85
2021-06-30 09:26:26,1,1,1,3
2021-06-30 09:26:56,0,0,1,1
2021-06-30 09:26:57,0,0,1,1
2021-06-30 09:26:58,0,0,1,1
2021-06-30 09:27:15,1,0,1,2
2021-06-30 09:27:19,0,0,1,1
2021-06-30 09:27:44,0,0,1,1
2021-06-30 09:28:06,1,0,0,1
2021-06-30 09:28:35,0,0,1,1
2021-06-30 09:29:09,3,0,1,4
2021-06-30 09:29:12,3,0,3,6
2021-06-30 09:29:50,0,0,1,1
2021-06-30 09:29:52,0,0,0,0
2021-06-30 09:29:58,2,0,1,3
2021-06-30 09:30:26,1,0,1,2
2021-06-30 09:31:06,0,0,1,1
2021-06-30 09:31:08,0,0,1,1
2021-06-30 09:31:11,0,0,1,1
2021-06-30 09:31:12,0,0,1,1
2021-06-30 09:31:26,1,0,1,2
2021-06-30 09:31:34,20,1,3,24
2021-06-30 09:31:42,20,2,8,30
2021-06-30 09:32:08,0,0,1,1
2021-06-30 09:32:55,19,0,5,24
2021-06-30 09:33:09,2,0,3,5
2021-06-30 09:33:10,0,0,0,0
2021-06-30 09:33:23,2,0,0,2
2021-06-30 09:33:31,2,0,2,4
2021-06-30 09:34:40,0,0,2,2
2021-06-30 09:36:30,0,0,1,1
2021-06-30 09:37:07,0,0,1,1
2021-06-30 09:37:24,23,2,4,29
2021-06-30 09:38:15,13,1,7,21
2021-06-30 09:38:18,0,0,1,1
2021-06-30 09:38:39,3,0,2,5
2021-06-30 09:40:23,1,0,2,3
2021-06-30 09:40:37,301,34,77,412
2021-06-30 09:41:24,108,3,29,140
2021-06-30 09:41:48,1,0,1,2
2021-06-30 09:42:15,2,0,1,3
2021-06-30 09:43:32,2,0,1,3
2021-06-30 09:44:45,1,0,1,2
2021-06-30 09:45:00,12,2,2,16
2021-06-30 09:45:22,1,0,1,2
2021-06-30 09:45:40,1,0,2,3
2021-06-30 09:45:45,12,0,4,16
2021-06-30 09:45:47,1,0,1,2
2021-06-30 09:46:06,0,0,1,1
2021-06-30 09:46:11,1,0,1,2
2021-06-30 09:46:13,0,0,4,4
2021-06-30 09:46:34,6,1,2,9
2021-06-30 09:47:00,1,0,1,2
2021-06-30 09:47:04,5,0,2,7
2021-06-30 09:47:08,0,0,1,1
2021-06-30 09:47:12,0,0,1,1
2021-06-30 09:47:13,0,0,1,1
2021-06-30 09:47:19,3,0,1,4
2021-06-30 09:47:48,0,0,1,1
2021-06-30 09:47:54,178,15,26,219
2021-06-30 09:48:42,0,0,2,2
2021-06-30 09:48:56,0,0,1,1
2021-06-30 09:49:07,0,0,1,1
2021-06-30 09:49:28,1,0,1,2
2021-06-30 09:49:51,3,0,1,4
2021-06-30 09:50:04,7,0,7,14
2021-06-30 09:50:20,1,0,1,2
2021-06-30 09:50:44,4,0,2,6
2021-06-30 09:51:33,3,0,0,3
2021-06-30 09:52:28,0,0,1,1
2021-06-30 09:54:18,1,0,2,3
2021-06-30 09:54:32,28,0,7,35
2021-06-30 09:54:48,25,4,10,39
2021-06-30 09:55:10,1,0,1,2
2021-06-30 09:55:40,1,1,1,3
2021-06-30 09:55:51,1,0,1,2
2021-06-30 09:56:12,1,0,1,2
2021-06-30 09:56:22,2,0,2,4
2021-06-30 09:56:39,2,0,1,3
2021-06-30 09:56:55,4,0,1,5
2021-06-30 09:57:30,0,0,1,1
2021-06-30 09:57:31,1632,67,350,2049
2021-06-30 09:57:36,0,1,2,3
2021-06-30 09:58:10,1,0,1,2
2021-06-30 09:58:18,0,0,0,0
2021-06-30 09:58:23,10,0,8,18
2021-06-30 09:58:37,0,0,1,1
2021-06-30 09:59:25,2,1,2,5
2021-06-30 09:59:28,0,0,1,1
2021-06-30 09:59:54,1,1,1,3
2021-06-30 10:00:24,1,0,1,2
2021-06-30 10:00:35,8,0,3,11
2021-06-30 10:00:36,0,0,1,1
2021-06-30 10:00:47,1,0,1,2
2021-06-30 10:00:57,0,0,1,1
2021-06-30 10:01:54,59,7,25,91
2021-06-30 10:01:57,5,0,2,7
2021-06-30 10:02:05,0,0,1,1
2021-06-30 10:02:08,0,0,1,1
2021-06-30 10:02:20,0,0,0,0
2021-06-30 10:02:54,34,1,4,39
2021-06-30 10:03:55,7,3,4,14
2021-06-30 10:04:22,4,0,3,7
2021-06-30 10:04:33,2,0,1,3
2021-06-30 10:04:48,0,0,1,1
2021-06-30 10:05:14,422,6,94,522
2021-06-30 10:05:58,2,0,1,3
2021-06-30 10:06:04,6,0,2,8
2021-06-30 10:06:47,4,0,2,6
2021-06-30 10:06:55,3,0,1,4
2021-06-30 10:07:15,2,1,1,4
2021-06-30 10:07:22,0,0,1,1
2021-06-30 10:07:35,1,0,1,2
2021-06-30 10:07:36,4,0,2,6
2021-06-30 10:07:53,0,0,1,1
2021-06-30 10:08:17,0,0,0,0
2021-06-30 10:08:31,2,0,2,4
2021-06-30 10:08:42,0,0,0,0
2021-06-30 10:08:52,0,0,1,1
2021-06-30 10:09:12,3,0,2,5
2021-06-30 10:09:30,1,0,1,2
2021-06-30 10:09:33,35,2,14,51
2021-06-30 10:09:39,0,0,1,1
2021-06-30 10:09:41,0,0,1,1
2021-06-30 10:09:47,2,0,2,4
2021-06-30 10:10:07,70,1,19,90
2021-06-30 10:10:15,0,0,1,1
2021-06-30 10:10:49,0,0,1,1
2021-06-30 10:11:51,0,0,1,1
2021-06-30 10:12:04,1,0,2,3
2021-06-30 10:12:25,1,0,1,2
2021-06-30 10:12:35,0,0,1,1
2021-06-30 10:12:42,142,2,35,179
2021-06-30 10:13:38,1,0,2,3
2021-06-30 10:14:09,100,45,42,187
2021-06-30 10:14:49,5,0,3,8
2021-06-30 10:14:53,2,0,2,4
2021-06-30 10:15:18,0,0,1,1
2021-06-30 10:15:28,0,0,1,1
2021-06-30 10:16:23,2,1,1,4
2021-06-30 10:16:38,1,0,2,3
2021-06-30 10:17:52,1,0,1,2
2021-06-30 10:18:09,1,0,0,1
2021-06-30 10:18:12,0,0,1,1
2021-06-30 10:18:20,9,0,2,11
2021-06-30 10:18:56,6,0,5,11
2021-06-30 10:19:00,0,0,1,1
2021-06-30 10:19:13,1,0,0,1
2021-06-30 10:19:28,0,0,0,0
2021-06-30 10:19:38,1,0,0,1
2021-06-30 10:19:52,8,0,6,14
2021-06-30 10:20:15,0,0,0,0
2021-06-30 10:20:44,0,0,0,0
2021-06-30 10:21:53,0,0,0,0
2021-06-30 10:21:58,0,0,0,0
2021-06-30 10:22:06,0,0,0,0
2021-06-30 10:22:13,4,0,0,4
2021-06-30 10:22:16,0,0,0,0
2021-06-30 10:22:26,1,0,0,1
2021-06-30 10:22:52,1,1,0,2
2021-06-30 10:22:53,0,0,0,0
2021-06-30 10:23:46,1,0,0,1
2021-06-30 10:26:06,2,0,0,2
2021-06-30 10:26:26,200,10,56,266
2021-06-30 10:26:37,7,0,2,9
2021-06-30 10:26:39,0,0,0,0
2021-06-30 10:27:08,3,1,2,6
2021-06-30 10:28:00,2,0,1,3
2021-06-30 10:28:19,4,0,0,4
2021-06-30 10:28:49,0,0,0,0
2021-06-30 10:28:50,5,0,4,9
2021-06-30 10:28:51,0,0,0,0
2021-06-30 10:29:27,0,0,0,0
2021-06-30 10:29:45,1,0,0,1
2021-06-30 10:29:56,3,0,0,3
2021-06-30 10:30:30,1,0,0,1
2021-06-30 10:30:38,2,0,1,3
2021-06-30 10:31:00,1,0,1,2
2021-06-30 10:31:30,0,0,0,0
2021-06-30 10:31:37,8,0,4,12
2021-06-30 10:32:40,1,0,1,2
2021-06-30 10:32:46,6,0,0,6
2021-06-30 10:32:47,0,0,0,0
2021-06-30 10:32:55,1,0,0,1
2021-06-30 10:33:31,0,0,0,0
2021-06-30 10:34:57,0,0,0,0
2021-06-30 10:35:47,0,0,0,0
2021-06-30 10:35:48,1,0,0,1
2021-06-30 10:36:41,1,0,0,1
2021-06-30 10:38:33,104,8,38,150
2021-06-30 10:38:37,1,0,0,1
2021-06-30 10:39:03,1,0,0,1
2021-06-30 10:39:04,0,0,0,0
2021-06-30 10:39:23,0,0,0,0
2021-06-30 10:39:43,0,0,0,0
2021-06-30 10:39:58,4,1,0,5
2021-06-30 10:40:05,2,0,0,2
2021-06-30 10:40:26,0,0,0,0
2021-06-30 10:40:36,11,0,4,15
2021-06-30 10:41:06,1,0,0,1
2021-06-30 10:41:07,18,2,3,23
2021-06-30 10:41:48,3,0,0,3
2021-06-30 10:42:38,32,1,15,48
2021-06-30 10:42:49,0,0,0,0
2021-06-30 10:43:47,0,0,1,1
2021-06-30 10:43:48,1,0,0,1
2021-06-30 10:44:33,0,0,0,0
2021-06-30 10:44:53,241,5,67,313
2021-06-30 10:44:54,1,1,0,2
2021-06-30 10:45:30,13,1,6,20
2021-06-30 10:45:31,1,0,0,1
2021-06-30 10:46:53,1,0,0,1
2021-06-30 10:47:28,6,0,4,10
2021-06-30 10:47:58,2,1,4,7
2021-06-30 10:47:59,1,0,0,1
2021-06-30 10:48:00,0,0,0,0
2021-06-30 10:48:57,0,0,0,0
2021-06-30 10:48:59,0,0,0,0
2021-06-30 10:49:03,0,0,0,0
2021-06-30 10:49:31,0,0,0,0
2021-06-30 10:49:36,0,0,1,1
2021-06-30 10:49:47,0,0,0,0
2021-06-30 10:50:04,0,0,0,0
2021-06-30 10:50:28,4,1,2,7
2021-06-30 10:50:40,0,0,0,0
2021-06-30 10:50:49,33,1,16,50
2021-06-30 10:51:16,27,3,6,36
2021-06-30 10:51:18,0,0,0,0
2021-06-30 10:51:27,0,0,0,0
2021-06-30 10:51:55,316,5,60,381
2021-06-30 10:51:56,6,0,0,6
2021-06-30 10:52:07,10,1,6,17
2021-06-30 10:52:57,1,0,0,1
2021-06-30 10:53:27,9,1,0,10
2021-06-30 10:53:34,4,0,0,4
2021-06-30 10:53:52,114,10,60,184
2021-06-30 10:54:00,14,3,4,21
2021-06-30 10:54:05,3,0,1,4
2021-06-30 10:54:08,1,0,1,2
2021-06-30 10:54:22,1,0,1,2
2021-06-30 10:54:25,32,1,10,43
2021-06-30 10:54:58,30,2,26,58
2021-06-30 10:55:08,2,0,1,3
2021-06-30 10:55:23,0,0,0,0
2021-06-30 10:55:32,1,1,0,2
2021-06-30 10:55:58,4,1,0,5
2021-06-30 10:56:06,0,0,0,0
2021-06-30 10:56:08,2,0,0,2
2021-06-30 10:56:44,24,2,12,38
2021-06-30 10:57:00,154,4,30,188
2021-06-30 10:57:04,0,0,0,0
2021-06-30 10:57:09,10,0,3,13
2021-06-30 10:57:54,1,0,0,1
2021-06-30 10:58:11,2,0,0,2
2021-06-30 10:58:16,2,0,0,2
2021-06-30 10:58:24,5,1,1,7
2021-06-30 10:58:27,2,0,0,2
2021-06-30 10:58:35,4,4,0,8
2021-06-30 10:58:59,0,0,0,0
2021-06-30 10:59:13,1,0,0,1
2021-06-30 10:59:30,0,0,0,0
2021-06-30 10:59:43,2,0,0,2
2021-06-30 11:00:19,5,0,6,11
2021-06-30 11:00:37,0,0,0,0
2021-06-30 11:00:58,0,0,0,0
2021-06-30 11:01:14,16,2,4,22
2021-06-30 11:01:17,0,0,0,0
2021-06-30 11:01:19,1,0,0,1
2021-06-30 11:01:25,2,0,1,3
2021-06-30 11:01:38,21,0,4,25
2021-06-30 11:02:04,1,0,1,2
2021-06-30 11:02:32,0,0,0,0
2021-06-30 11:03:24,647,25,122,794
2021-06-30 11:03:35,0,0,0,0
2021-06-30 11:03:58,0,0,0,0
2021-06-30 11:04:12,0,0,0,0
2021-06-30 11:04:13,0,0,0,0
2021-06-30 11:04:29,4,0,0,4
2021-06-30 11:04:51,7,1,4,12
2021-06-30 11:04:55,2,0,0,2
2021-06-30 11:05:13,2,0,0,2
2021-06-30 11:05:27,0,0,0,0
2021-06-30 11:05:36,0,0,0,0
2021-06-30 11:05:43,6,0,6,12
2021-06-30 11:05:54,1,0,0,1
2021-06-30 11:06:01,4,1,0,5
2021-06-30 11:06:58,0,0,0,0
2021-06-30 11:07:05,1,0,0,1
2021-06-30 11:07:08,3,0,4,7
2021-06-30 11:07:18,2,0,0,2
2021-06-30 11:07:57,2,0,1,3
2021-06-30 11:08:00,26,0,18,44
2021-06-30 11:08:08,1,0,1,2
2021-06-30 11:09:01,0,0,0,0
2021-06-30 11:09:03,1,0,1,2
2021-06-30 11:09:20,1,0,0,1
2021-06-30 11:09:30,2,0,1,3
2021-06-30 11:09:41,0,0,0,0
2021-06-30 11:10:16,0,0,0,0
2021-06-30 11:11:11,2,0,0,2
2021-06-30 11:11:39,7,0,8,15
2021-06-30 11:11:47,2,0,0,2
2021-06-30 11:12:24,4,0,1,5
2021-06-30 11:12:58,2,0,0,2
2021-06-30 11:13:08,1,0,0,1
2021-06-30 11:13:10,1,4,0,5
2021-06-30 11:13:45,1,0,0,1
2021-06-30 11:13:47,0,0,0,0
2021-06-30 11:13:53,0,0,0,0
2021-06-30 11:13:59,0,0,0,0
2021-06-30 11:14:00,0,0,0,0
2021-06-30 11:14:19,1,0,0,1
2021-06-30 11:14:20,1,0,0,1
2021-06-30 11:14:50,0,0,0,0
2021-06-30 11:15:28,0,0,0,0
2021-06-30 11:15:41,17,0,2,19
2021-06-30 11:15:52,3,0,1,4
2021-06-30 11:16:09,3,0,2,5
2021-06-30 11:16:17,4,1,0,5
2021-06-30 11:16:21,0,0,0,0
2021-06-30 11:16:25,1,0,0,1
2021-06-30 11:16:46,1,0,0,1
2021-06-30 11:16:50,3,0,1,4
2021-06-30 11:17:00,488,24,120,632
2021-06-30 11:17:03,1,0,0,1
2021-06-30 11:17:09,0,1,0,1
2021-06-30 11:17:18,0,0,1,1
2021-06-30 11:17:36,0,0,0,0
2021-06-30 11:17:38,13,1,6,20
2021-06-30 11:17:47,1,0,0,1
2021-06-30 11:17:55,0,0,1,1
2021-06-30 11:18:20,2,0,0,2
2021-06-30 11:18:22,0,0,0,0
2021-06-30 11:18:57,5,1,0,6
2021-06-30 11:19:06,1,1,0,2
2021-06-30 11:19:27,0,0,0,0
2021-06-30 11:19:34,0,0,0,0
2021-06-30 11:20:03,0,0,0,0
2021-06-30 11:20:29,0,0,0,0
2021-06-30 11:20:35,0,0,0,0
2021-06-30 11:21:29,1,0,0,1
2021-06-30 11:21:44,2,1,0,3
2021-06-30 11:21:57,0,0,0,0
2021-06-30 11:22:16,2,0,0,2
2021-06-30 11:22:17,3,0,1,4
2021-06-30 11:22:20,2,0,1,3
2021-06-30 11:22:31,5,0,0,5
2021-06-30 11:22:56,4,0,1,5
2021-06-30 11:23:24,1,0,1,2
2021-06-30 11:24:09,9,1,0,10
2021-06-30 11:24:24,0,0,0,0
2021-06-30 11:24:35,0,0,0,0
2021-06-30 11:24:36,2,0,1,3
2021-06-30 11:24:38,0,0,0,0
2021-06-30 11:24:42,0,0,0,0
2021-06-30 11:24:58,2,0,2,4
2021-06-30 11:25:00,102,5,29,136
2021-06-30 11:25:02,0,0,0,0
2021-06-30 11:26:14,2,0,0,2
2021-06-30 11:26:26,0,0,0,0
2021-06-30 11:26:38,4,0,3,7
2021-06-30 11:27:31,1,0,1,2
2021-06-30 11:27:39,4,0,2,6
2021-06-30 11:27:44,1,0,0,1
2021-06-30 11:27:46,0,0,0,0
2021-06-30 11:28:07,3,0,0,3
2021-06-30 11:28:21,0,0,0,0
2021-06-30 11:29:16,0,0,0,0
2021-06-30 11:29:25,0,0,0,0
2021-06-30 11:29:26,0,0,0,0
2021-06-30 11:29:39,1,0,0,1
2021-06-30 11:30:15,0,0,0,0
2021-06-30 11:30:30,2,0,1,3
2021-06-30 11:30:36,0,1,0,1
2021-06-30 11:30:57,21,0,13,34
2021-06-30 11:31:11,1,0,1,2
2021-06-30 11:31:43,0,0,0,0
2021-06-30 11:31:44,1,0,0,1
2021-06-30 11:31:57,2,0,0,2
2021-06-30 11:32:20,0,0,0,0
2021-06-30 11:32:31,0,0,0,0
2021-06-30 11:32:33,1,1,0,2
2021-06-30 11:32:55,0,0,0,0
2021-06-30 11:33:06,0,0,0,0
2021-06-30 11:33:10,0,0,0,0
2021-06-30 11:33:21,6,0,2,8
2021-06-30 11:33:31,4,0,0,4
2021-06-30 11:33:33,13,2,2,17
2021-06-30 11:33:36,0,0,0,0
2021-06-30 11:33:54,1,0,0,1
2021-06-30 11:34:12,0,0,0,0
2021-06-30 11:34:13,1,1,0,2
2021-06-30 11:34:19,0,0,0,0
2021-06-30 11:34:30,0,0,0,0
2021-06-30 11:34:44,3,0,0,3
2021-06-30 11:34:48,8,0,4,12
2021-06-30 11:34:52,0,0,0,0
2021-06-30 11:34:54,0,0,0,0
2021-06-30 11:35:06,4,0,2,6
2021-06-30 11:35:27,1,0,0,1
2021-06-30 11:35:43,6,1,1,8
2021-06-30 11:36:42,1,0,0,1
2021-06-30 11:36:47,0,0,0,0
2021-06-30 11:37:06,4,0,1,5
2021-06-30 11:37:09,0,0,0,0
2021-06-30 11:37:14,0,0,0,0
2021-06-30 11:37:15,0,0,0,0
2021-06-30 11:37:22,1,0,0,1
2021-06-30 11:37:25,0,0,0,0
2021-06-30 11:37:33,1,0,0,1
2021-06-30 11:37:48,1,0,0,1
2021-06-30 11:38:06,0,0,0,0
2021-06-30 11:38:08,0,0,0,0
2021-06-30 11:38:17,0,0,0,0
2021-06-30 11:39:02,17,2,6,25
2021-06-30 11:39:28,14,4,6,24
2021-06-30 11:39:53,0,0,0,0
2021-06-30 11:40:32,0,0,0,0
2021-06-30 11:40:48,0,0,0,0
2021-06-30 11:41:06,1,0,0,1
2021-06-30 11:41:22,0,0,0,0
2021-06-30 11:41:23,0,0,0,0
2021-06-30 11:41:31,1,0,1,2
2021-06-30 11:41:37,1,0,0,1
2021-06-30 11:42:00,76,2,34,112
2021-06-30 11:42:25,196,3,32,231
2021-06-30 11:42:58,0,0,0,0
2021-06-30 11:43:04,0,0,0,0
2021-06-30 11:43:13,3,0,0,3
2021-06-30 11:43:29,5,0,2,7
2021-06-30 11:43:35,0,0,0,0
2021-06-30 11:43:40,1,0,0,1
2021-06-30 11:43:41,1,0,0,1
2021-06-30 11:43:55,1,1,0,2
2021-06-30 11:43:58,4,0,1,5
2021-06-30 11:44:37,1,0,0,1
2021-06-30 11:45:50,797,12,33,842
2021-06-30 11:46:03,2,1,0,3
2021-06-30 11:46:20,2,0,0,2
2021-06-30 11:46:27,60,0,14,74
2021-06-30 11:46:54,154,4,37,195
2021-06-30 11:47:05,2,1,0,3
2021-06-30 11:47:21,0,0,0,0
2021-06-30 11:47:34,3,0,0,3
2021-06-30 11:47:37,0,0,0,0
2021-06-30 11:47:47,3,1,0,4
2021-06-30 11:48:02,0,0,0,0
2021-06-30 11:48:08,1,0,1,2
2021-06-30 11:48:34,0,0,0,0
2021-06-30 11:48:38,0,0,0,0
2021-06-30 11:48:55,1,0,1,2
2021-06-30 11:49:01,2,0,0,2
2021-06-30 11:49:09,6,0,1,7
2021-06-30 11:49:32,1,0,0,1
2021-06-30 11:49:56,5,0,0,5
2021-06-30 11:50:01,0,0,0,0
2021-06-30 11:50:14,0,0,0,0
2021-06-30 11:50:21,0,0,0,0
2021-06-30 11:50:33,2,0,0,2
2021-06-30 11:50:57,2,1,0,3
2021-06-30 11:51:48,1,0,1,2
2021-06-30 11:52:07,0,0,0,0
2021-06-30 11:52:12,0,0,0,0
2021-06-30 11:52:20,1,0,0,1
2021-06-30 11:52:38,0,0,0,0
2021-06-30 11:53:04,13,0,1,14
2021-06-30 11:53:06,1,0,2,3
2021-06-30 11:53:17,0,0,0,0
2021-06-30 11:53:31,0,0,0,0
2021-06-30 11:53:34,3,0,1,4
2021-06-30 11:53:43,0,0,0,0
2021-06-30 11:54:00,1,0,0,1
2021-06-30 11:54:21,0,0,0,0
2021-06-30 11:54:31,1,0,1,2
2021-06-30 11:54:38,1,0,2,3
2021-06-30 11:54:43,2,0,1,3
2021-06-30 11:55:29,3,0,0,3
2021-06-30 11:55:51,0,0,0,0
2021-06-30 11:55:53,0,0,0,0
2021-06-30 11:56:37,1,0,2,3
2021-06-30 11:56:56,0,0,0,0
2021-06-30 11:57:10,3,0,1,4
2021-06-30 11:57:29,1,0,0,1
2021-06-30 11:57:57,0,0,0,0
2021-06-30 11:58:01,639,16,79,734
2021-06-30 11:58:10,0,0,0,0
2021-06-30 11:58:18,0,0,0,0
2021-06-30 11:58:55,0,0,1,1
2021-06-30 11:59:03,0,0,0,0
2021-06-30 11:59:09,1,0,2,3
2021-06-30 11:59:13,1,0,0,1
2021-06-30 11:59:21,0,0,1,1
2021-06-30 11:59:27,0,0,0,0
2021-06-30 11:59:29,3,0,0,3
2021-06-30 11:59:39,1,0,0,1
2021-06-30 12:00:01,0,0,0,0
2021-06-30 12:00:02,230,8,44,282
2021-06-30 12:00:11,2,1,0,3
2021-06-30 12:00:21,0,0,0,0
2021-06-30 12:00:28,0,0,0,0
2021-06-30 12:00:37,0,0,0,0
2021-06-30 12:00:40,0,1,0,1
2021-06-30 12:00:50,0,0,0,0
2021-06-30 12:01:00,1,0,1,2
2021-06-30 12:01:01,0,0,0,0
2021-06-30 12:01:58,0,0,0,0
2021-06-30 12:01:59,0,0,0,0
2021-06-30 12:02:00,1,0,1,2
2021-06-30 12:02:06,0,0,0,0
2021-06-30 12:02:24,1,0,0,1
2021-06-30 12:02:25,0,0,0,0
2021-06-30 12:02:27,2,0,2,4
2021-06-30 12:03:00,2,0,2,4
2021-06-30 12:03:15,1,0,0,1
2021-06-30 12:03:44,42,9,17,68
2021-06-30 12:03:50,0,0,0,0
2021-06-30 12:03:56,1,0,0,1
2021-06-30 12:04:10,3,0,3,6
2021-06-30 12:04:18,1,0,1,2
2021-06-30 12:04:23,0,0,0,0
2021-06-30 12:04:55,3,0,1,4
2021-06-30 12:05:00,59,2,13,74
2021-06-30 12:05:28,2,1,1,4
2021-06-30 12:05:40,0,0,0,0
2021-06-30 12:06:00,2,0,0,2
2021-06-30 12:06:31,2,0,0,2
2021-06-30 12:07:00,0,0,0,0
2021-06-30 12:07:04,6,0,1,7
2021-06-30 12:07:41,8,0,4,12
2021-06-30 12:07:59,0,0,0,0
2021-06-30 12:08:04,4,0,0,4
2021-06-30 12:08:20,0,0,0,0
2021-06-30 12:09:00,0,0,0,0
2021-06-30 12:09:38,117,4,24,145
2021-06-30 12:09:46,0,0,0,0
2021-06-30 12:10:00,1,0,0,1
2021-06-30 12:10:33,0,0,0,0
2021-06-30 12:10:35,0,0,0,0
2021-06-30 12:10:45,0,0,0,0
2021-06-30 12:10:56,1,0,0,1
2021-06-30 12:11:00,0,0,0,0
2021-06-30 12:11:51,1,0,0,1
2021-06-30 12:11:54,1,0,0,1
2021-06-30 12:12:00,0,0,0,0
2021-06-30 12:12:06,2,0,0,2
2021-06-30 12:12:23,1,0,0,1
2021-06-30 12:12:25,0,0,0,0
2021-06-30 12:12:26,1,0,1,2
2021-06-30 12:12:45,37,0,12,49
2021-06-30 12:13:00,0,0,0,0
2021-06-30 12:13:10,25,2,6,33
2021-06-30 12:13:11,1,0,0,1
2021-06-30 12:13:27,0,0,0,0
2021-06-30 12:13:28,0,0,0,0
2021-06-30 12:14:00,0,0,0,0
2021-06-30 12:14:01,1,0,0,1
2021-06-30 12:14:07,0,0,1,1
2021-06-30 12:14:32,16,4,5,25
2021-06-30 12:15:00,1,0,1,2
2021-06-30 12:15:18,30,1,11,42
2021-06-30 12:16:00,0,0,0,0
2021-06-30 12:16:29,3,9,0,12
2021-06-30 12:16:44,0,0,0,0
2021-06-30 12:17:00,0,0,0,0
2021-06-30 12:17:01,5,0,0,5
2021-06-30 12:17:34,0,0,0,0
2021-06-30 12:17:49,0,0,0,0
2021-06-30 12:18:08,6,0,0,6
2021-06-30 12:18:24,14,1,5,20
2021-06-30 12:18:57,0,0,0,0
2021-06-30 12:19:00,0,0,0,0
2021-06-30 12:19:07,0,0,0,0
2021-06-30 12:19:46,1,0,1,2
2021-06-30 12:20:00,0,0,0,0
2021-06-30 12:20:10,7,0,1,8
2021-06-30 12:20:45,0,1,0,1
2021-06-30 12:21:00,0,0,0,0
2021-06-30 12:21:05,0,1,0,1
2021-06-30 12:21:15,3,0,0,3
2021-06-30 12:21:26,4,0,2,6
2021-06-30 12:21:58,0,0,0,0
2021-06-30 12:22:00,0,0,0,0
2021-06-30 12:22:06,0,0,0,0
2021-06-30 12:22:21,0,0,0,0
2021-06-30 12:22:30,0,0,0,0
2021-06-30 12:22:46,8,1,0,9
2021-06-30 12:23:00,0,0,0,0
2021-06-30 12:23:18,0,0,0,0
2021-06-30 12:23:36,1,0,0,1
2021-06-30 12:23:38,0,0,0,0
2021-06-30 12:23:49,1,0,0,1
2021-06-30 12:23:51,0,0,0,0
2021-06-30 12:23:58,0,0,0,0
2021-06-30 12:24:21,1,0,0,1
2021-06-30 12:24:23,1,0,0,1
2021-06-30 12:24:36,1,0,0,1
2021-06-30 12:24:44,0,0,0,0
2021-06-30 12:24:51,3,0,0,3
2021-06-30 12:25:00,0,0,0,0
2021-06-30 12:25:08,1,0,2,3
2021-06-30 12:25:28,0,0,0,0
2021-06-30 12:25:40,0,0,0,0
2021-06-30 12:25:42,0,0,0,0
2021-06-30 12:26:53,0,0,0,0
2021-06-30 12:27:00,1,0,0,1
2021-06-30 12:27:23,6,0,0,6
2021-06-30 12:27:55,7,2,3,12
2021-06-30 12:28:00,0,0,0,0
2021-06-30 12:28:02,1,0,1,2
2021-06-30 12:28:04,1,0,0,1
2021-06-30 12:28:42,2,0,0,2
2021-06-30 12:28:48,0,0,0,0
2021-06-30 12:29:00,0,0,0,0
2021-06-30 12:29:42,1,0,0,1
2021-06-30 12:29:58,2,0,0,2
2021-06-30 12:30:00,0,0,0,0
2021-06-30 12:30:12,0,0,0,0
2021-06-30 12:31:00,0,0,0,0
2021-06-30 12:31:08,2,1,0,3
2021-06-30 12:31:27,0,0,0,0
2021-06-30 12:31:32,1,0,1,2
2021-06-30 12:31:34,1,0,1,2
2021-06-30 12:31:44,0,0,0,0
2021-06-30 12:31:47,0,0,0,0
2021-06-30 12:32:00,0,0,0,0
2021-06-30 12:32:22,2,0,0,2
2021-06-30 12:32:30,0,0,0,0
2021-06-30 12:32:37,0,0,2,2
2021-06-30 12:33:00,0,0,0,0
2021-06-30 12:33:22,1,1,0,2
2021-06-30 12:33:30,0,0,0,0
2021-06-30 12:33:53,1,0,0,1
2021-06-30 12:34:00,0,0,0,0
2021-06-30 12:34:29,30,0,5,35
2021-06-30 12:34:44,15,1,6,22
2021-06-30 12:34:51,4,0,3,7
2021-06-30 12:35:00,0,0,0,0
2021-06-30 12:35:11,19,1,7,27
2021-06-30 12:35:51,0,0,0,0
2021-06-30 12:35:59,0,0,0,0
2021-06-30 12:36:00,0,0,0,0
2021-06-30 12:36:04,3,0,1,4
2021-06-30 12:36:56,11,0,0,11
2021-06-30 12:37:00,0,0,0,0
2021-06-30 12:37:03,0,1,0,1
2021-06-30 12:37:15,1,0,0,1
2021-06-30 12:37:16,508,26,92,626
2021-06-30 12:37:19,4,0,2,6
2021-06-30 12:37:22,0,0,0,0
2021-06-30 12:37:30,0,0,0,0
2021-06-30 12:37:47,0,0,0,0
2021-06-30 12:37:52,1,0,1,2
2021-06-30 12:37:56,20,5,10,35
2021-06-30 12:38:00,1,0,0,1
2021-06-30 12:38:09,1,0,0,1
2021-06-30 12:38:43,0,0,0,0
2021-06-30 12:38:53,1,0,1,2
2021-06-30 12:39:03,0,0,0,0
2021-06-30 12:39:06,0,0,0,0
2021-06-30 12:39:19,0,0,0,0
2021-06-30 12:39:52,0,0,0,0
2021-06-30 12:40:00,0,0,0,0
2021-06-30 12:40:01,3,0,0,3
2021-06-30 12:40:29,1,0,0,1
2021-06-30 12:41:00,0,0,0,0
2021-06-30 12:41:03,0,2,0,2
2021-06-30 12:41:07,0,0,0,0
2021-06-30 12:41:18,0,0,0,0
2021-06-30 12:41:33,0,0,0,0
2021-06-30 12:41:37,0,0,1,1
2021-06-30 12:41:42,12,0,0,12
2021-06-30 12:42:00,0,0,0,0
2021-06-30 12:42:14,1,0,0,1
2021-06-30 12:42:37,3,0,0,3
2021-06-30 12:42:49,0,2,0,2
2021-06-30 12:43:14,2,0,0,2
2021-06-30 12:43:32,0,0,0,0
2021-06-30 12:44:04,0,0,0,0
2021-06-30 12:44:46,0,0,0,0
2021-06-30 12:44:56,1,0,0,1
2021-06-30 12:45:25,0,0,0,0
2021-06-30 12:45:31,1,0,0,1
2021-06-30 12:45:38,0,1,0,1
2021-06-30 12:45:54,294,9,87,390
2021-06-30 12:46:06,0,0,0,0
2021-06-30 12:46:23,0,0,0,0
2021-06-30 12:46:44,4,1,2,7
2021-06-30 12:47:01,1,1,1,3
2021-06-30 12:47:12,0,0,0,0
2021-06-30 12:47:28,2,0,1,3
2021-06-30 12:47:45,2,0,0,2
2021-06-30 12:48:03,29,0,9,38
2021-06-30 12:48:51,1,0,0,1
2021-06-30 12:48:59,4,0,3,7
2021-06-30 12:49:50,2,0,0,2
2021-06-30 12:49:54,0,0,1,1
2021-06-30 12:50:07,0,0,1,1
2021-06-30 12:50:11,1,0,0,1
2021-06-30 12:51:34,14,0,10,24
2021-06-30 12:51:40,1,0,0,1
2021-06-30 12:52:53,0,0,0,0
2021-06-30 12:53:09,1,0,0,1
2021-06-30 12:53:25,1,0,0,1
2021-06-30 12:54:05,0,0,0,0
2021-06-30 12:54:32,3,0,1,4
2021-06-30 12:54:39,12,0,1,13
2021-06-30 12:54:53,0,0,0,0
2021-06-30 12:55:05,0,0,0,0
2021-06-30 12:55:49,0,0,0,0
2021-06-30 12:56:16,4,0,1,5
2021-06-30 12:56:46,0,0,0,0
2021-06-30 12:57:01,2,0,0,2
2021-06-30 12:57:20,0,0,0,0
2021-06-30 12:57:34,0,0,0,0
2021-06-30 12:58:30,0,0,0,0
2021-06-30 12:58:33,0,0,0,0
2021-06-30 13:00:03,1,0,1,2
2021-06-30 13:00:05,0,0,0,0
2021-06-30 13:00:20,0,0,1,1
2021-06-30 13:00:48,0,0,0,0
2021-06-30 13:00:50,6,1,3,10
2021-06-30 13:00:57,0,0,0,0
2021-06-30 13:01:34,0,0,0,0
2021-06-30 13:03:11,4,0,1,5
2021-06-30 13:03:56,4,0,2,6
2021-06-30 13:04:10,1,0,0,1
2021-06-30 13:04:15,4,0,0,4
2021-06-30 13:04:20,7,0,4,11
2021-06-30 13:04:47,1,0,0,1
2021-06-30 13:05:32,24,1,6,31
2021-06-30 13:05:48,0,0,0,0
2021-06-30 13:06:34,1,0,0,1
2021-06-30 13:06:48,13,0,5,18
2021-06-30 13:06:58,0,0,0,0
2021-06-30 13:08:02,1,0,0,1
2021-06-30 13:08:16,2,0,1,3
2021-06-30 13:08:24,1,0,0,1
2021-06-30 13:09:06,2,2,0,4
2021-06-30 13:09:07,1,0,0,1
2021-06-30 13:09:13,1,0,0,1
2021-06-30 13:09:44,1,0,0,1
2021-06-30 13:09:48,2,0,0,2
2021-06-30 13:09:57,4,1,0,5
2021-06-30 13:10:36,2,0,0,2
2021-06-30 13:10:56,2,0,1,3
2021-06-30 13:11:22,3,0,0,3
2021-06-30 13:11:29,99,7,31,137
2021-06-30 13:11:53,1,0,0,1
2021-06-30 13:11:58,2,1,0,3
2021-06-30 13:13:12,10,0,1,11
2021-06-30 13:14:27,0,0,0,0
2021-06-30 13:14:31,2,0,0,2
2021-06-30 13:15:30,1,0,0,1
2021-06-30 13:16:08,2,1,0,3
2021-06-30 13:16:11,2,0,0,2
2021-06-30 13:16:16,9,0,5,14
2021-06-30 13:16:52,1,1,0,2
2021-06-30 13:17:46,1,0,0,1
2021-06-30 13:18:03,3,0,0,3
2021-06-30 13:18:18,12,1,10,23
2021-06-30 13:18:19,11,0,7,18
2021-06-30 13:18:52,1,0,0,1
2021-06-30 13:18:56,2,0,0,2
2021-06-30 13:19:47,4,0,2,6
2021-06-30 13:21:19,0,0,0,0
2021-06-30 13:23:14,0,0,0,0
2021-06-30 13:24:15,3,1,1,5
2021-06-30 13:24:48,0,0,0,0
2021-06-30 13:25:05,3,0,0,3
2021-06-30 13:25:10,12,0,2,14
2021-06-30 13:25:16,2,0,0,2
2021-06-30 13:25:29,1,0,0,1
2021-06-30 13:25:35,1,0,0,1
2021-06-30 13:25:42,0,0,0,0
2021-06-30 13:25:44,43,1,30,74
2021-06-30 13:25:54,0,0,0,0
2021-06-30 13:26:24,4,0,1,5
2021-06-30 13:26:52,0,0,0,0
2021-06-30 13:27:11,1,0,0,1
2021-06-30 13:27:20,24,1,10,35
2021-06-30 13:27:23,3,0,0,3
2021-06-30 13:27:25,1,0,0,1
2021-06-30 13:27:48,0,0,0,0
2021-06-30 13:27:57,0,0,0,0
2021-06-30 13:28:06,0,0,0,0
2021-06-30 13:28:31,0,0,0,0
2021-06-30 13:28:45,0,0,0,0
2021-06-30 13:29:09,2,0,1,3
2021-06-30 13:29:18,0,0,0,0
2021-06-30 13:29:31,22,0,17,39
2021-06-30 13:29:37,0,0,0,0
2021-06-30 13:29:39,19,2,9,30
2021-06-30 13:29:44,22,1,12,35
2021-06-30 13:29:52,0,0,0,0
2021-06-30 13:30:10,1,0,0,1
2021-06-30 13:30:13,0,0,0,0
2021-06-30 13:30:23,1,0,0,1
2021-06-30 13:30:51,0,0,0,0
2021-06-30 13:30:57,0,0,0,0
2021-06-30 13:30:59,0,0,0,0
2021-06-30 13:31:15,0,0,0,0
2021-06-30 13:31:37,0,0,0,0
2021-06-30 13:31:38,12,0,5,17
2021-06-30 13:32:57,7,2,2,11
2021-06-30 13:33:36,1,0,0,1
2021-06-30 13:33:43,0,0,0,0
2021-06-30 13:34:02,1,0,0,1
2021-06-30 13:34:08,0,0,0,0
2021-06-30 13:34:51,3,1,1,5
2021-06-30 13:36:17,2,1,0,3
2021-06-30 13:36:33,0,0,0,0
2021-06-30 13:36:48,0,0,0,0
2021-06-30 13:37:05,0,0,0,0
2021-06-30 13:37:21,0,0,0,0
2021-06-30 13:37:56,1,0,0,1
2021-06-30 13:38:05,13,0,4,17
2021-06-30 13:38:07,1,0,1,2
2021-06-30 13:38:32,178,2,51,231
2021-06-30 13:38:50,0,0,0,0
2021-06-30 13:38:53,0,0,0,0
2021-06-30 13:39:23,0,1,0,1
2021-06-30 13:39:37,115,1,50,166
2021-06-30 13:39:39,0,0,0,0
2021-06-30 13:39:59,0,0,0,0
2021-06-30 13:40:32,0,0,0,0
2021-06-30 13:40:38,2,1,0,3
2021-06-30 13:40:42,1,0,2,3
2021-06-30 13:40:47,0,0,0,0
2021-06-30 13:40:59,1,0,0,1
2021-06-30 13:41:28,0,0,0,0
2021-06-30 13:42:03,3,2,2,7
2021-06-30 13:42:33,2,1,0,3
2021-06-30 13:42:47,1,0,1,2
2021-06-30 13:43:07,3,0,2,5
2021-06-30 13:44:41,18,2,2,22
2021-06-30 13:44:46,0,0,0,0
2021-06-30 13:45:17,0,0,0,0
2021-06-30 13:45:40,0,0,0,0
2021-06-30 13:46:00,0,0,0,0
2021-06-30 13:46:11,25,1,6,32
2021-06-30 13:46:37,0,0,1,1
2021-06-30 13:46:47,25,1,16,42
2021-06-30 13:46:48,3,0,0,3
2021-06-30 13:46:56,0,0,0,0
2021-06-30 13:48:09,0,0,0,0
2021-06-30 13:48:10,1,0,0,1
2021-06-30 13:48:57,1,0,0,1
2021-06-30 13:49:33,0,0,0,0
2021-06-30 13:49:36,3,1,3,7
2021-06-30 13:50:14,0,0,0,0
2021-06-30 13:50:25,0,0,0,0
2021-06-30 13:50:55,0,0,0,0
2021-06-30 13:51:52,1,0,0,1
2021-06-30 13:52:02,9,1,4,14
2021-06-30 13:52:07,0,0,0,0
2021-06-30 13:52:19,2,0,0,2
2021-06-30 13:52:37,15,0,5,20
2021-06-30 13:52:38,5,0,1,6
2021-06-30 13:53:36,1,0,0,1
2021-06-30 13:54:04,4,0,2,6
2021-06-30 13:54:30,2,1,1,4
2021-06-30 13:54:33,1,1,1,3
2021-06-30 13:54:47,1,0,1,2
2021-06-30 13:55:14,1,0,0,1
2021-06-30 13:55:20,78,4,32,114
2021-06-30 13:55:57,0,0,0,0
2021-06-30 13:56:19,2,0,0,2
2021-06-30 13:56:37,2,1,1,4
2021-06-30 13:56:59,1,1,0,2
2021-06-30 13:57:14,0,0,0,0
2021-06-30 13:57:22,6,0,1,7
2021-06-30 13:57:28,0,0,0,0
2021-06-30 13:57:32,1,0,0,1
2021-06-30 13:58:09,2,0,0,2
2021-06-30 13:58:18,9,2,2,13
2021-06-30 13:58:21,1,0,0,1
2021-06-30 13:58:36,1,0,1,2
2021-06-30 13:59:42,18,0,5,23
2021-06-30 14:00:29,0,0,0,0
2021-06-30 14:00:45,0,0,0,0
2021-06-30 14:00:46,39,1,11,51
2021-06-30 14:01:09,1,0,0,1
2021-06-30 14:01:10,0,0,0,0
2021-06-30 14:01:56,1,0,0,1
2021-06-30 14:03:51,45,0,26,71
2021-06-30 14:03:54,1,0,0,1
2021-06-30 14:03:56,1,1,0,2
2021-06-30 14:04:16,0,0,0,0
2021-06-30 14:04:46,0,1,0,1
2021-06-30 14:05:03,0,0,0,0
2021-06-30 14:06:05,1,0,0,1
2021-06-30 14:06:13,14,0,2,16
2021-06-30 14:06:46,21,1,9,31
2021-06-30 14:07:07,0,0,0,0
2021-06-30 14:08:32,0,0,0,0
2021-06-30 14:10:02,6,0,4,10
2021-06-30 14:10:10,2,1,1,4
2021-06-30 14:10:15,0,0,0,0
2021-06-30 14:10:17,0,0,0,0
2021-06-30 14:10:59,3,0,0,3
2021-06-30 14:11:42,0,0,0,0
2021-06-30 14:11:45,24,2,6,32
2021-06-30 14:12:17,3,0,0,3
2021-06-30 14:12:37,4,1,3,8
2021-06-30 14:13:10,0,0,0,0
2021-06-30 14:13:51,1,0,0,1
2021-06-30 14:14:00,0,0,0,0
2021-06-30 14:14:07,1,0,0,1
2021-06-30 14:14:44,0,0,0,0
2021-06-30 14:14:45,21,2,13,36
2021-06-30 14:15:00,8,0,0,8
2021-06-30 14:15:05,0,0,0,0
2021-06-30 14:15:17,2,1,0,3
2021-06-30 14:15:59,16,1,5,22
2021-06-30 14:16:01,3,2,0,5
2021-06-30 14:16:27,0,0,0,0
2021-06-30 14:16:28,0,0,0,0
2021-06-30 14:17:18,14,1,5,20
2021-06-30 14:17:59,0,0,0,0
2021-06-30 14:19:05,0,0,0,0
2021-06-30 14:19:31,1,0,0,1
2021-06-30 14:19:44,1,0,2,3
2021-06-30 14:20:01,5,0,0,5
2021-06-30 14:20:16,0,0,0,0
2021-06-30 14:20:23,1,0,0,1
2021-06-30 14:21:09,0,0,0,0
2021-06-30 14:21:21,352,6,92,450
2021-06-30 14:21:22,0,1,0,1
2021-06-30 14:21:47,0,0,0,0
2021-06-30 14:22:46,1,0,0,1
2021-06-30 14:23:02,0,0,0,0
2021-06-30 14:23:04,0,0,0,0
2021-06-30 14:23:05,1,0,0,1
2021-06-30 14:23:30,21,5,8,34
2021-06-30 14:23:49,0,0,0,0
2021-06-30 14:24:14,1,0,0,1
2021-06-30 14:24:37,3,0,0,3
2021-06-30 14:24:52,0,0,0,0
2021-06-30 14:25:21,4,0,0,4
2021-06-30 14:25:44,0,0,0,0
2021-06-30 14:25:49,0,0,0,0
2021-06-30 14:25:56,0,0,0,0
2021-06-30 14:26:13,0,0,0,0
2021-06-30 14:26:23,0,0,0,0
2021-06-30 14:26:26,19,0,4,23
2021-06-30 14:26:39,0,0,0,0
2021-06-30 14:26:56,1,0,0,1
2021-06-30 14:27:18,2,0,0,2
2021-06-30 14:27:47,7,0,3,10
2021-06-30 14:28:17,0,0,0,0
2021-06-30 14:28:55,0,0,0,0
2021-06-30 14:29:26,14,0,4,18
2021-06-30 14:29:50,0,0,0,0
2021-06-30 14:30:34,0,0,0,0
2021-06-30 14:30:52,0,0,0,0
2021-06-30 14:32:10,164,5,7,176
2021-06-30 14:32:35,0,0,0,0
2021-06-30 14:32:38,6,0,1,7
2021-06-30 14:34:51,0,0,0,0
2021-06-30 14:35:18,9,1,0,10
2021-06-30 14:37:15,2,0,2,4
2021-06-30 14:41:33,0,0,0,0
2021-06-30 14:42:43,0,0,0,0
2021-06-30 14:42:54,0,0,0,0
2021-06-30 14:43:15,0,2,0,2
2021-06-30 14:43:34,2,0,0,2
2021-06-30 14:44:01,0,0,0,0
2021-06-30 14:44:23,5,0,2,7
2021-06-30 14:44:49,0,0,0,0
2021-06-30 14:44:50,0,0,0,0
2021-06-30 14:44:52,0,0,0,0
2021-06-30 14:47:35,2,0,2,4
2021-06-30 14:47:52,80,1,35,116
2021-06-30 14:47:53,4,1,0,5
2021-06-30 14:47:54,4,0,0,4
2021-06-30 14:47:57,14,0,0,14
2021-06-30 14:48:40,1,0,0,1
2021-06-30 14:49:43,0,0,0,0
2021-06-30 14:50:09,0,0,0,0
2021-06-30 14:51:42,1,0,0,1
2021-06-30 14:52:13,0,0,0,0
2021-06-30 14:52:25,1,0,4,5
2021-06-30 14:52:54,0,0,0,0
2021-06-30 14:54:04,0,0,0,0
2021-06-30 14:54:19,0,0,0,0
2021-06-30 14:54:26,1,0,1,2
2021-06-30 14:54:42,1,0,1,2
2021-06-30 14:55:00,6,1,2,9
2021-06-30 14:55:03,1,0,0,1
2021-06-30 14:55:44,0,0,0,0
2021-06-30 14:56:11,0,0,1,1
2021-06-30 14:56:20,1,1,1,3
2021-06-30 14:56:26,0,0,0,0
2021-06-30 14:57:01,0,0,0,0
2021-06-30 14:57:37,0,1,0,1
2021-06-30 14:57:44,0,0,0,0
2021-06-30 14:58:42,0,0,0,0
2021-06-30 14:59:27,0,0,0,0
2021-06-30 14:59:33,3,0,0,3
2021-06-30 15:01:05,8,2,4,14
2021-06-30 15:01:33,0,0,0,0
2021-06-30 15:01:35,13,1,7,21
2021-06-30 15:01:47,0,0,0,0
2021-06-30 15:02:34,1,1,0,2
2021-06-30 15:02:52,0,0,0,0
2021-06-30 15:02:56,0,2,0,2
2021-06-30 15:04:05,4,0,0,4
2021-06-30 15:04:14,0,0,0,0
2021-06-30 15:04:30,0,0,0,0
2021-06-30 15:05:38,3,0,0,3
2021-06-30 15:06:39,0,0,0,0
2021-06-30 15:07:02,1,1,1,3
2021-06-30 15:07:14,1,0,0,1
2021-06-30 15:07:31,5,0,0,5
2021-06-30 15:07:41,1,0,0,1
2021-06-30 15:08:39,1,0,0,1
2021-06-30 15:09:15,0,0,0,0
2021-06-30 15:10:39,276,6,64,346
2021-06-30 15:10:59,0,0,0,0
2021-06-30 15:11:37,0,0,0,0
2021-06-30 15:13:52,2,0,1,3
2021-06-30 15:18:08,1,0,0,1
2021-06-30 15:19:40,1,0,0,1
2021-06-30 15:20:43,0,0,0,0
2021-06-30 15:21:01,0,0,0,0
2021-06-30 15:22:18,3,0,0,3
2021-06-30 15:22:21,1,0,0,1
2021-06-30 15:23:07,5,0,0,5
2021-06-30 15:23:18,0,0,0,0
2021-06-30 15:23:55,240,7,51,298
2021-06-30 15:23:56,0,0,0,0
2021-06-30 15:25:37,2,1,0,3
2021-06-30 15:26:04,0,0,0,0
2021-06-30 15:26:21,0,0,0,0
2021-06-30 15:27:02,0,0,0,0
2021-06-30 15:27:37,0,0,0,0
2021-06-30 15:28:08,1,0,0,1
2021-06-30 15:30:30,62,3,19,84
2021-06-30 15:30:49,8,0,2,10
2021-06-30 15:31:10,1,0,0,1
2021-06-30 15:31:21,0,0,0,0
2021-06-30 15:31:39,12,1,3,16
2021-06-30 15:32:55,15,0,3,18
2021-06-30 15:33:25,0,0,0,0
2021-06-30 15:33:35,2,1,0,3
2021-06-30 15:33:43,0,0,0,0
2021-06-30 15:33:46,6,0,0,6
2021-06-30 15:33:54,3,0,0,3
2021-06-30 15:34:02,1,0,0,1
2021-06-30 15:34:06,3,1,2,6
2021-06-30 15:34:33,3,1,2,6
2021-06-30 15:35:03,1,0,0,1
2021-06-30 15:35:13,1,0,0,1
2021-06-30 15:35:27,0,0,0,0
2021-06-30 15:35:40,0,0,0,0
2021-06-30 15:36:55,0,0,0,0
2021-06-30 15:37:45,0,0,0,0
2021-06-30 15:37:48,2,0,0,2
2021-06-30 15:37:50,3,0,1,4
2021-06-30 15:38:08,0,0,0,0
2021-06-30 15:38:36,0,0,0,0
2021-06-30 15:38:59,9,0,1,10
2021-06-30 15:39:36,2,0,0,2
2021-06-30 15:40:51,1,0,0,1
2021-06-30 15:41:08,0,0,0,0
2021-06-30 15:41:37,0,0,0,0
2021-06-30 15:42:13,4,0,0,4
2021-06-30 15:42:27,1,0,0,1
2021-06-30 15:42:32,0,0,0,0
2021-06-30 15:43:55,0,0,0,0
2021-06-30 15:43:58,3,0,0,3
2021-06-30 15:44:20,4,0,0,4
2021-06-30 15:45:08,2,1,2,5
2021-06-30 15:45:19,0,0,0,0
2021-06-30 15:45:56,2812,57,526,3395
2021-06-30 15:45:58,1,0,1,2
2021-06-30 15:46:40,5,2,1,8
2021-06-30 15:47:32,2,0,0,2
2021-06-30 15:47:33,5,0,1,6
2021-06-30 15:47:57,10,1,1,12
2021-06-30 15:48:07,0,0,0,0
2021-06-30 15:48:34,2,0,2,4
2021-06-30 15:48:35,21,0,0,21
2021-06-30 15:49:22,2,0,0,2
2021-06-30 15:49:26,3,0,0,3
2021-06-30 15:50:05,2,0,0,2
2021-06-30 15:50:56,3,1,1,5
2021-06-30 15:51:00,1,0,0,1
2021-06-30 15:51:02,0,0,0,0
2021-06-30 15:51:19,0,0,0,0
2021-06-30 15:52:19,2,0,2,4
2021-06-30 15:52:30,1,0,0,1
2021-06-30 15:53:32,0,0,0,0
2021-06-30 15:53:41,0,0,0,0
2021-06-30 15:53:45,1,0,0,1
2021-06-30 15:54:38,4,0,1,5
2021-06-30 15:55:20,17,0,5,22
2021-06-30 15:55:40,0,0,0,0
2021-06-30 15:55:43,3,1,0,4
2021-06-30 15:55:55,2,1,0,3
2021-06-30 15:55:59,0,0,0,0
2021-06-30 15:56:07,1,0,0,1
2021-06-30 15:56:31,2,0,1,3
2021-06-30 15:56:44,0,0,0,0
2021-06-30 15:56:47,1,0,0,1
2021-06-30 15:56:51,0,0,0,0
2021-06-30 15:57:22,9,0,2,11
2021-06-30 15:57:38,0,0,0,0
2021-06-30 15:57:40,40,6,10,56
2021-06-30 15:58:09,2,0,0,2
2021-06-30 15:58:40,0,0,0,0
2021-06-30 15:59:16,2,0,0,2
2021-06-30 15:59:42,0,0,0,0
2021-06-30 15:59:51,2,1,0,3
2021-06-30 16:00:00,0,0,0,0
2021-06-30 16:00:23,0,0,0,0
2021-06-30 16:00:44,0,0,0,0
2021-06-30 16:00:56,1,0,0,1
2021-06-30 16:00:58,8,0,2,10
2021-06-30 16:01:18,1190,13,74,1277
2021-06-30 16:01:24,7,0,3,10
2021-06-30 16:01:40,2,0,2,4
2021-06-30 16:01:46,2,0,1,3
2021-06-30 16:03:00,2,0,0,2
2021-06-30 16:03:12,0,0,0,0
2021-06-30 16:04:09,1,0,1,2
2021-06-30 16:04:28,29,0,2,31
2021-06-30 16:04:37,15,0,5,20
2021-06-30 16:04:44,2,0,2,4
2021-06-30 16:05:19,0,1,0,1
2021-06-30 16:06:58,3,1,0,4
2021-06-30 16:06:59,2,0,0,2
2021-06-30 16:07:12,0,0,0,0
2021-06-30 16:08:41,0,0,0,0
2021-06-30 16:09:54,2,0,0,2
2021-06-30 16:10:40,7,0,1,8
2021-06-30 16:11:13,2,0,0,2
2021-06-30 16:11:15,13,6,10,29
2021-06-30 16:11:29,0,0,0,0
2021-06-30 16:11:35,0,0,0,0
2021-06-30 16:11:52,0,0,0,0
2021-06-30 16:11:54,0,0,0,0
2021-06-30 16:11:58,0,0,0,0
2021-06-30 16:12:37,1,0,1,2
2021-06-30 16:12:49,2,0,1,3
2021-06-30 16:12:52,0,0,0,0
2021-06-30 16:13:28,1,0,0,1
2021-06-30 16:13:35,1,0,1,2
2021-06-30 16:13:47,1,0,0,1
2021-06-30 16:13:56,36,1,16,53
2021-06-30 16:14:10,1,0,1,2
2021-06-30 16:14:34,0,0,0,0
2021-06-30 16:15:08,0,0,0,0
2021-06-30 16:15:14,36,0,18,54
2021-06-30 16:15:32,0,0,0,0
2021-06-30 16:15:36,0,0,0,0
2021-06-30 16:15:52,0,0,0,0
2021-06-30 16:15:53,0,0,0,0
2021-06-30 16:16:00,0,0,0,0
2021-06-30 16:16:23,0,0,0,0
2021-06-30 16:16:41,0,0,0,0
2021-06-30 16:16:52,2,0,0,2
2021-06-30 16:17:01,12,0,3,15
2021-06-30 16:18:33,0,0,1,1
2021-06-30 16:18:46,1,0,0,1
2021-06-30 16:18:54,0,0,1,1
2021-06-30 16:19:07,1,0,1,2
2021-06-30 16:19:34,0,0,0,0
2021-06-30 16:19:47,5,0,2,7
2021-06-30 16:20:07,3,0,0,3
2021-06-30 16:20:08,1,0,0,1
2021-06-30 16:20:10,1,0,0,1
2021-06-30 16:20:41,0,0,0,0
2021-06-30 16:20:50,0,0,0,0
2021-06-30 16:20:54,0,0,0,0
2021-06-30 16:20:58,0,0,0,0
2021-06-30 16:21:07,25,0,4,29
2021-06-30 16:21:14,1,0,0,1
2021-06-30 16:21:44,4,0,0,4
2021-06-30 16:22:16,18,0,14,32
2021-06-30 16:22:18,1,0,1,2
2021-06-30 16:23:11,6,1,2,9
2021-06-30 16:24:54,0,0,0,0
2021-06-30 16:25:24,3,0,0,3
2021-06-30 16:25:39,1350,46,250,1646
2021-06-30 16:25:42,0,0,0,0
2021-06-30 16:26:21,0,0,0,0
2021-06-30 16:27:01,68,20,13,101
2021-06-30 16:27:28,4,1,1,6
2021-06-30 16:27:33,0,0,0,0
2021-06-30 16:27:39,3,0,1,4
2021-06-30 16:27:42,0,0,0,0
2021-06-30 16:28:05,1803,145,240,2188
2021-06-30 16:29:07,0,0,0,0
2021-06-30 16:29:28,0,0,0,0
2021-06-30 16:29:29,1,0,0,1
2021-06-30 16:30:05,3,0,0,3
2021-06-30 16:31:04,1,0,0,1
2021-06-30 16:31:22,0,0,0,0
2021-06-30 16:31:34,3,0,1,4
2021-06-30 16:31:37,0,0,0,0
2021-06-30 16:31:39,18,3,0,21
2021-06-30 16:32:28,0,0,0,0
2021-06-30 16:32:34,0,0,0,0
2021-06-30 16:32:42,0,0,0,0
2021-06-30 16:32:44,11,0,0,11
2021-06-30 16:32:46,0,0,0,0
2021-06-30 16:32:49,0,0,0,0
2021-06-30 16:32:52,0,0,0,0
2021-06-30 16:34:17,0,0,0,0
2021-06-30 16:34:23,0,0,0,0
2021-06-30 16:34:46,2,0,0,2
2021-06-30 16:35:02,183,1,8,192
2021-06-30 16:35:04,1,0,0,1
2021-06-30 16:35:10,1,0,1,2
2021-06-30 16:35:18,1,0,0,1
2021-06-30 16:36:03,34,1,6,41
2021-06-30 16:36:08,0,0,0,0
2021-06-30 16:36:30,0,0,0,0
2021-06-30 16:36:54,0,0,0,0
2021-06-30 16:37:00,0,0,0,0
2021-06-30 16:37:27,12,5,3,20
2021-06-30 16:37:32,1,0,0,1
2021-06-30 16:37:40,0,0,0,0
2021-06-30 16:37:59,0,0,0,0
2021-06-30 16:38:10,0,0,0,0
2021-06-30 16:38:21,0,0,0,0
2021-06-30 16:38:35,0,0,0,0
2021-06-30 16:39:00,3,0,0,3
2021-06-30 16:39:08,0,0,1,1
2021-06-30 16:39:50,0,0,0,0
2021-06-30 16:40:15,0,0,0,0
2021-06-30 16:40:18,0,0,0,0
2021-06-30 16:40:28,18,0,9,27
2021-06-30 16:40:36,72,1,22,95
2021-06-30 16:41:06,1,0,0,1
2021-06-30 16:41:26,0,0,0,0
2021-06-30 16:41:29,7,0,2,9
2021-06-30 16:41:36,4,0,2,6
2021-06-30 16:41:43,0,0,0,0
2021-06-30 16:42:28,0,0,0,0
2021-06-30 16:42:29,0,0,0,0
2021-06-30 16:43:25,1,0,0,1
2021-06-30 16:43:46,0,0,0,0
2021-06-30 16:43:54,10,0,0,10
2021-06-30 16:43:55,6,0,1,7
2021-06-30 16:44:06,10,4,3,17
2021-06-30 16:44:27,1,0,0,1
2021-06-30 16:44:36,0,0,0,0
2021-06-30 16:44:44,1,1,1,3
2021-06-30 16:45:19,0,0,0,0
2021-06-30 16:45:31,1,0,0,1
2021-06-30 16:46:03,1,0,0,1
2021-06-30 16:47:04,48,0,17,65
2021-06-30 16:47:24,0,0,0,0
2021-06-30 16:47:25,1,0,0,1
2021-06-30 16:48:37,0,0,1,1
2021-06-30 16:48:59,0,0,0,0
2021-06-30 16:49:20,1,0,0,1
2021-06-30 16:49:31,1,0,0,1
2021-06-30 16:49:38,1,0,0,1
2021-06-30 16:49:47,1,0,1,2
2021-06-30 16:49:52,1,0,1,2
2021-06-30 16:50:20,0,0,0,0
2021-06-30 16:50:22,1,0,0,1
2021-06-30 16:50:56,0,0,0,0
2021-06-30 16:51:20,0,0,0,0
2021-06-30 16:51:31,2,0,0,2
2021-06-30 16:51:59,0,0,0,0
2021-06-30 16:52:10,1,0,0,1
2021-06-30 16:52:41,0,0,0,0
2021-06-30 16:52:42,252,4,59,315
2021-06-30 16:52:49,7,1,3,11
2021-06-30 16:53:53,2,0,0,2
2021-06-30 16:54:11,1,1,0,2
2021-06-30 16:54:21,1,0,0,1
2021-06-30 16:55:09,2,0,0,2
2021-06-30 16:55:17,1,0,0,1
2021-06-30 16:55:34,3,0,1,4
2021-06-30 16:55:46,2,0,0,2
2021-06-30 16:55:58,12,1,0,13
2021-06-30 16:58:15,1,0,0,1
2021-06-30 16:58:56,132,6,62,200
2021-06-30 16:58:58,3,0,0,3
2021-06-30 16:59:16,0,0,0,0
2021-06-30 16:59:28,0,0,0,0
2021-06-30 17:00:01,1,0,0,1
2021-06-30 17:00:22,0,0,0,0
2021-06-30 17:00:38,4,1,0,5
2021-06-30 17:00:39,17,1,7,25
2021-06-30 17:00:43,0,0,0,0
2021-06-30 17:00:48,5,1,0,6
2021-06-30 17:01:21,1,0,0,1
2021-06-30 17:01:29,0,0,0,0
2021-06-30 17:01:36,1,0,0,1
2021-06-30 17:01:52,0,0,0,0
2021-06-30 17:02:00,0,0,0,0
2021-06-30 17:02:21,0,0,0,0
2021-06-30 17:02:28,0,0,0,0
2021-06-30 17:02:43,567,3,74,644
2021-06-30 17:02:53,22,0,6,28
2021-06-30 17:03:08,18,0,1,19
2021-06-30 17:03:26,0,0,0,0
2021-06-30 17:03:45,0,0,0,0
2021-06-30 17:04:09,0,0,0,0
2021-06-30 17:04:34,0,0,0,0
2021-06-30 17:04:37,0,0,0,0
2021-06-30 17:04:45,5,1,0,6
2021-06-30 17:04:47,1,0,0,1
2021-06-30 17:05:13,0,0,0,0
2021-06-30 17:05:57,8,0,0,8
2021-06-30 17:06:10,0,0,0,0
2021-06-30 17:06:14,1,0,0,1
2021-06-30 17:06:15,0,0,0,0
2021-06-30 17:06:16,125,3,49,177
2021-06-30 17:06:36,0,0,0,0
2021-06-30 17:06:50,1,0,0,1
2021-06-30 17:07:37,87,3,39,129
2021-06-30 17:07:49,1,0,0,1
2021-06-30 17:08:04,0,0,0,0
2021-06-30 17:08:19,3,0,0,3
2021-06-30 17:08:21,0,0,0,0
2021-06-30 17:08:23,0,0,0,0
2021-06-30 17:08:51,0,0,0,0
2021-06-30 17:09:04,3,0,0,3
2021-06-30 17:09:35,0,0,0,0
2021-06-30 17:10:18,0,0,0,0
2021-06-30 17:10:34,12,0,1,13
2021-06-30 17:11:03,8,1,0,9
2021-06-30 17:11:25,0,0,3,3
2021-06-30 17:11:35,0,0,0,0
2021-06-30 17:11:37,0,0,1,1
2021-06-30 17:11:42,2,0,1,3
2021-06-30 17:12:50,2,0,0,2
2021-06-30 17:13:04,3,1,0,4
2021-06-30 17:13:36,0,0,0,0
2021-06-30 17:13:37,1,0,0,1
2021-06-30 17:13:41,0,0,0,0
2021-06-30 17:14:12,3,0,1,4
2021-06-30 17:14:14,0,0,0,0
2021-06-30 17:14:34,1,0,0,1
2021-06-30 17:15:00,0,0,0,0
2021-06-30 17:15:57,0,0,0,0
2021-06-30 17:16:02,0,0,0,0
2021-06-30 17:16:30,1,0,0,1
2021-06-30 17:17:18,0,0,0,0
2021-06-30 17:17:53,0,0,0,0
2021-06-30 17:18:59,0,0,0,0
2021-06-30 17:19:06,0,0,0,0
2021-06-30 17:19:11,1,0,0,1
2021-06-30 17:19:29,1,0,0,1
2021-06-30 17:19:47,2,0,1,3
2021-06-30 17:19:50,0,0,0,0
2021-06-30 17:19:56,2,1,1,4
2021-06-30 17:20:11,1,0,1,2
2021-06-30 17:20:31,1,0,0,1
2021-06-30 17:20:33,0,0,0,0
2021-06-30 17:21:42,7,0,0,7
2021-06-30 17:21:59,1,0,0,1
2021-06-30 17:22:07,0,0,0,0
2021-06-30 17:23:00,0,0,0,0
2021-06-30 17:23:05,1,0,1,2
2021-06-30 17:23:20,0,0,0,0
2021-06-30 17:23:23,0,0,0,0
2021-06-30 17:24:00,0,0,0,0
2021-06-30 17:24:26,0,0,0,0
2021-06-30 17:25:14,0,0,0,0
2021-06-30 17:25:20,63,2,26,91
2021-06-30 17:25:37,18,0,2,20
2021-06-30 17:26:04,0,0,0,0
2021-06-30 17:26:18,1,0,0,1
2021-06-30 17:26:20,0,0,0,0
2021-06-30 17:26:36,1,0,0,1
2021-06-30 17:26:40,2,0,0,2
2021-06-30 17:26:56,1,0,1,2
2021-06-30 17:27:39,0,0,0,0
2021-06-30 17:27:53,13,0,4,17
2021-06-30 17:28:17,0,0,0,0
2021-06-30 17:28:48,0,0,0,0
2021-06-30 17:28:58,1,0,0,1
2021-06-30 17:29:44,1,0,0,1
2021-06-30 17:30:07,0,0,0,0
2021-06-30 17:30:20,161,4,63,228
2021-06-30 17:30:51,14,1,9,24
2021-06-30 17:31:29,5,0,2,7
2021-06-30 17:31:46,1,0,0,1
2021-06-30 17:32:07,1,0,0,1
2021-06-30 17:33:05,0,0,0,0
2021-06-30 17:33:22,0,0,0,0
2021-06-30 17:33:25,56,2,20,78
2021-06-30 17:33:32,12,1,5,18
2021-06-30 17:33:46,0,0,0,0
2021-06-30 17:33:59,0,0,0,0
2021-06-30 17:34:15,0,0,0,0
2021-06-30 17:34:40,0,0,0,0
2021-06-30 17:34:57,0,0,0,0
2021-06-30 17:35:59,2,0,2,4
2021-06-30 17:36:34,0,0,0,0
2021-06-30 17:36:47,1,0,1,2
2021-06-30 17:36:59,8,0,2,10
2021-06-30 17:37:42,1,0,2,3
2021-06-30 17:37:45,0,0,0,0
2021-06-30 17:38:00,143,4,22,169
2021-06-30 17:38:09,3,0,0,3
2021-06-30 17:38:11,0,0,0,0
2021-06-30 17:39:20,0,0,0,0
2021-06-30 17:39:33,964,9,151,1124
2021-06-30 17:40:42,3,0,0,3
2021-06-30 17:40:55,0,0,0,0
2021-06-30 17:40:59,1,0,0,1
2021-06-30 17:41:25,1,0,0,1
2021-06-30 17:41:29,0,0,0,0
2021-06-30 17:42:11,0,0,0,0
2021-06-30 17:42:19,3,0,0,3
2021-06-30 17:42:53,0,0,0,0
2021-06-30 17:42:54,1,0,0,1
2021-06-30 17:43:42,9,1,1,11
2021-06-30 17:43:43,72,6,13,91
2021-06-30 17:43:53,0,0,0,0
2021-06-30 17:44:10,0,0,0,0
2021-06-30 17:44:39,51,1,15,67
2021-06-30 17:45:23,0,0,0,0
2021-06-30 17:45:48,0,0,0,0
2021-06-30 17:45:50,1,0,0,1
2021-06-30 17:45:53,0,0,0,0
2021-06-30 17:45:58,24,0,9,33
2021-06-30 17:45:59,0,0,0,0
2021-06-30 17:46:05,0,0,0,0
2021-06-30 17:46:14,0,0,0,0
2021-06-30 17:46:24,1,0,0,1
2021-06-30 17:47:16,0,0,0,0
2021-06-30 17:48:06,0,0,0,0
2021-06-30 17:48:35,0,0,0,0
2021-06-30 17:48:40,20,0,4,24
2021-06-30 17:49:01,3,0,1,4
2021-06-30 17:49:19,7,0,2,9
2021-06-30 17:50:50,0,0,0,0
2021-06-30 17:51:17,6,0,1,7
2021-06-30 17:51:21,15,1,1,17
2021-06-30 17:51:32,0,0,0,0
2021-06-30 17:51:51,7,0,0,7
2021-06-30 17:52:13,3,0,0,3
2021-06-30 17:52:17,17,3,6,26
2021-06-30 17:52:54,60,5,34,99
2021-06-30 17:53:20,5,1,0,6
2021-06-30 17:53:39,0,0,0,0
2021-06-30 17:53:42,4,0,2,6
2021-06-30 17:53:52,5,0,1,6
2021-06-30 17:54:03,0,0,0,0
2021-06-30 17:54:04,9,1,4,14
2021-06-30 17:54:10,6,0,1,7
2021-06-30 17:54:17,0,0,0,0
2021-06-30 17:54:29,0,0,0,0
2021-06-30 17:54:33,1,1,0,2
2021-06-30 17:55:12,0,0,0,0
2021-06-30 17:55:23,41,2,21,64
2021-06-30 17:55:35,0,0,0,0
2021-06-30 17:56:24,2,0,0,2
2021-06-30 17:56:49,134,10,45,189
2021-06-30 17:57:01,0,0,0,0
2021-06-30 17:57:11,3,0,0,3
2021-06-30 17:57:27,78,26,30,134
2021-06-30 17:57:29,0,0,0,0
2021-06-30 17:57:46,0,0,0,0
2021-06-30 17:58:00,8,0,1,9
2021-06-30 17:58:40,1,0,0,1
2021-06-30 17:58:55,4,0,0,4
2021-06-30 17:59:07,1,0,0,1
2021-06-30 17:59:21,0,0,0,0
2021-06-30 17:59:47,1,0,0,1
2021-06-30 17:59:55,15,0,7,22
2021-06-30 18:00:13,1,0,0,1
2021-06-30 18:00:14,2,0,0,2
2021-06-30 18:00:29,0,0,0,0
2021-06-30 18:00:31,1,0,0,1
2021-06-30 18:00:47,1,0,1,2
2021-06-30 18:01:50,1,0,0,1
2021-06-30 18:01:53,0,0,0,0
2021-06-30 18:02:04,0,0,0,0
2021-06-30 18:03:24,0,1,0,1
2021-06-30 18:03:32,8,1,4,13
2021-06-30 18:03:34,1,0,0,1
2021-06-30 18:04:08,54,2,17,73
2021-06-30 18:04:12,0,0,0,0
2021-06-30 18:04:34,1,0,0,1
2021-06-30 18:04:37,1,0,0,1
2021-06-30 18:04:43,3,0,0,3
2021-06-30 18:05:13,1,0,0,1
2021-06-30 18:05:16,4,0,0,4
2021-06-30 18:05:22,0,0,0,0
2021-06-30 18:05:48,2,0,0,2
2021-06-30 18:05:50,1,0,0,1
2021-06-30 18:06:20,0,1,0,1
2021-06-30 18:06:30,8,0,1,9
2021-06-30 18:06:31,0,0,0,0
2021-06-30 18:06:45,0,0,0,0
2021-06-30 18:06:49,4,0,0,4
2021-06-30 18:07:03,4,0,1,5
2021-06-30 18:07:12,0,0,0,0
2021-06-30 18:07:39,6,0,0,6
2021-06-30 18:08:00,18,0,11,29
2021-06-30 18:08:29,1,0,0,1
2021-06-30 18:09:04,17,1,5,23
2021-06-30 18:09:05,0,0,0,0
2021-06-30 18:09:45,10,1,3,14
2021-06-30 18:10:09,0,0,0,0
2021-06-30 18:10:40,5,0,0,5
2021-06-30 18:10:43,3,0,2,5
2021-06-30 18:11:03,35,0,16,51
2021-06-30 18:11:08,1133,227,251,1611
2021-06-30 18:11:22,1,0,0,1
2021-06-30 18:11:23,2,0,0,2
2021-06-30 18:11:24,2,0,0,2
2021-06-30 18:11:26,9,0,1,10
2021-06-30 18:11:37,5,0,0,5
2021-06-30 18:12:11,10,0,6,16
2021-06-30 18:12:13,73,3,5,81
2021-06-30 18:12:24,4,0,0,4
2021-06-30 18:12:38,0,0,0,0
2021-06-30 18:12:43,6,0,0,6
2021-06-30 18:13:14,52,0,20,72
2021-06-30 18:13:31,0,0,0,0
2021-06-30 18:13:37,5,0,0,5
2021-06-30 18:13:46,4,1,0,5
2021-06-30 18:13:47,1,0,1,2
2021-06-30 18:13:59,114,3,18,135
2021-06-30 18:14:01,6,0,0,6
2021-06-30 18:14:17,1,0,0,1
2021-06-30 18:14:31,8,0,2,10
2021-06-30 18:14:34,57,1,13,71
2021-06-30 18:15:00,246,6,52,304
2021-06-30 18:15:01,17,0,2,19
2021-06-30 18:15:02,5,0,0,5
2021-06-30 18:15:07,1,0,0,1
2021-06-30 18:15:08,0,0,0,0
2021-06-30 18:15:36,6,0,5,11
2021-06-30 18:16:17,20,1,8,29
2021-06-30 18:16:29,5,0,0,5
2021-06-30 18:16:33,0,0,0,0
2021-06-30 18:16:53,6,0,1,7
2021-06-30 18:17:05,1,0,0,1
2021-06-30 18:17:38,99,5,30,134
2021-06-30 18:17:48,4,0,1,5
2021-06-30 18:17:56,0,0,0,0
2021-06-30 18:18:15,20,0,5,25
2021-06-30 18:18:37,5,0,1,6
2021-06-30 18:18:50,2,0,0,2
2021-06-30 18:18:56,0,0,0,0
2021-06-30 18:19:14,0,0,0,0
2021-06-30 18:19:16,0,0,0,0
2021-06-30 18:20:21,0,0,0,0
2021-06-30 18:20:54,18,3,9,30
2021-06-30 18:20:55,0,0,0,0
2021-06-30 18:21:00,0,0,0,0
2021-06-30 18:21:06,10,0,0,10
2021-06-30 18:21:39,2,0,0,2
2021-06-30 18:21:40,3,0,2,5
2021-06-30 18:22:08,7,0,2,9
2021-06-30 18:22:23,0,0,0,0
2021-06-30 18:22:40,7,0,4,11
2021-06-30 18:23:44,0,0,0,0
2021-06-30 18:23:48,0,0,0,0
2021-06-30 18:24:08,1,0,0,1
2021-06-30 18:24:11,0,0,0,0
2021-06-30 18:25:04,2,1,0,3
2021-06-30 18:25:53,1,0,1,2
2021-06-30 18:26:10,4,0,0,4
2021-06-30 18:26:16,14,0,2,16
2021-06-30 18:26:38,18,5,0,23
2021-06-30 18:26:42,8,0,1,9
2021-06-30 18:26:48,0,0,0,0
2021-06-30 18:26:55,5,0,0,5
2021-06-30 18:27:24,5,0,0,5
2021-06-30 18:27:34,15,2,6,23
2021-06-30 18:27:41,3,0,0,3
2021-06-30 18:27:56,8,0,1,9
2021-06-30 18:28:08,0,0,0,0
2021-06-30 18:28:11,4,0,0,4
2021-06-30 18:28:12,0,0,0,0
2021-06-30 18:28:29,21,2,10,33
2021-06-30 18:28:34,1355,31,306,1692
2021-06-30 18:28:40,0,0,0,0
2021-06-30 18:28:51,0,0,0,0
2021-06-30 18:28:57,6,0,0,6
2021-06-30 18:29:27,1,0,0,1
2021-06-30 18:29:36,9,0,0,9
2021-06-30 18:29:38,5,0,0,5
2021-06-30 18:30:04,0,0,0,0
2021-06-30 18:30:22,253,8,77,338
2021-06-30 18:30:25,0,0,0,0
2021-06-30 18:30:27,4,0,1,5
2021-06-30 18:30:32,5,0,0,5
2021-06-30 18:30:46,3,0,0,3
2021-06-30 18:30:52,2,0,1,3
2021-06-30 18:31:05,4,0,0,4
2021-06-30 18:31:25,6,0,1,7
2021-06-30 18:31:28,1,0,2,3
2021-06-30 18:31:47,4,0,0,4
2021-06-30 18:32:05,3,0,0,3
2021-06-30 18:32:34,1,0,1,2
2021-06-30 18:32:39,4,0,0,4
2021-06-30 18:32:44,4,0,0,4
2021-06-30 18:32:52,0,0,0,0
2021-06-30 18:33:23,405,9,80,494
2021-06-30 18:33:42,8,0,2,10
2021-06-30 18:33:45,3,0,1,4
2021-06-30 18:33:56,0,0,0,0
2021-06-30 18:33:59,0,0,0,0
2021-06-30 18:34:11,0,0,0,0
2021-06-30 18:34:16,4,1,1,6
2021-06-30 18:34:29,14,0,3,17
2021-06-30 18:34:39,8,0,6,14
2021-06-30 18:34:52,6,0,1,7
2021-06-30 18:34:58,1,0,0,1
2021-06-30 18:35:01,92,3,21,116
2021-06-30 18:35:13,0,0,0,0
2021-06-30 18:35:35,0,0,0,0
2021-06-30 18:35:37,96,3,11,110
2021-06-30 18:35:48,0,0,0,0
2021-06-30 18:36:10,2,0,1,3
2021-06-30 18:36:18,0,0,0,0
2021-06-30 18:36:23,0,0,0,0
2021-06-30 18:37:05,16,0,12,28
2021-06-30 18:37:54,56,1,26,83
2021-06-30 18:37:56,1,0,0,1
2021-06-30 18:37:59,0,0,0,0
2021-06-30 18:38:19,0,0,0,0
2021-06-30 18:38:34,14,0,2,16
2021-06-30 18:39:29,0,0,0,0
2021-06-30 18:39:31,5,0,0,5
2021-06-30 18:39:36,0,0,0,0
2021-06-30 18:39:42,2,0,0,2
2021-06-30 18:39:58,2,0,0,2
2021-06-30 18:40:12,1,0,0,1
2021-06-30 18:40:25,19,0,12,31
2021-06-30 18:40:31,5,0,0,5
2021-06-30 18:40:43,0,0,0,0
2021-06-30 18:41:02,3,0,0,3
2021-06-30 18:41:12,0,0,0,0
2021-06-30 18:41:16,0,0,0,0
2021-06-30 18:41:49,4,1,0,5
2021-06-30 18:41:50,2,0,0,2
2021-06-30 18:41:52,5,0,2,7
2021-06-30 18:42:26,0,0,0,0
2021-06-30 18:42:29,0,0,0,0
2021-06-30 18:42:40,1,0,1,2
2021-06-30 18:42:47,0,0,0,0
2021-06-30 18:42:57,0,0,0,0
2021-06-30 18:42:58,1,0,0,1
2021-06-30 18:43:04,10,0,1,11
2021-06-30 18:43:16,0,0,0,0
2021-06-30 18:43:28,173,23,21,217
2021-06-30 18:43:35,3,1,0,4
2021-06-30 18:43:45,2,1,0,3
2021-06-30 18:44:06,3,0,0,3
2021-06-30 18:44:09,38,12,19,69
2021-06-30 18:44:18,1,0,0,1
2021-06-30 18:44:23,0,0,0,0
2021-06-30 18:44:25,200,4,8,212
2021-06-30 18:44:39,0,0,0,0
2021-06-30 18:44:54,1,0,0,1
2021-06-30 18:45:09,0,0,0,0
2021-06-30 18:45:10,51,2,8,61
2021-06-30 18:45:28,1,0,0,1
2021-06-30 18:45:30,5,0,0,5
2021-06-30 18:45:37,1,0,1,2
2021-06-30 18:45:38,1,0,0,1
2021-06-30 18:45:56,0,0,0,0
2021-06-30 18:46:01,1,0,0,1
2021-06-30 18:46:10,0,0,0,0
2021-06-30 18:46:20,1,0,0,1
2021-06-30 18:46:44,0,0,0,0
2021-06-30 18:48:36,1,0,0,1
2021-06-30 18:48:39,0,0,0,0
2021-06-30 18:48:43,0,0,1,1
2021-06-30 18:48:45,1,0,1,2
2021-06-30 18:48:51,44,3,14,61
2021-06-30 18:49:01,0,1,0,1
2021-06-30 18:49:02,42,1,5,48
2021-06-30 18:49:19,1,0,1,2
2021-06-30 18:49:22,1,0,0,1
2021-06-30 18:49:35,13,1,1,15
2021-06-30 18:49:55,14,0,3,17
2021-06-30 18:50:05,2,1,0,3
2021-06-30 18:50:06,2,0,0,2
2021-06-30 18:50:16,1,0,0,1
2021-06-30 18:50:17,0,0,0,0
2021-06-30 18:50:24,0,0,0,0
2021-06-30 18:51:02,0,0,0,0
2021-06-30 18:51:05,16,1,10,27
2021-06-30 18:51:13,23,0,10,33
2021-06-30 18:51:19,0,0,0,0
2021-06-30 18:51:25,8,0,2,10
2021-06-30 18:51:36,2,0,0,2
2021-06-30 18:51:40,1,0,0,1
2021-06-30 18:52:12,0,0,0,0
2021-06-30 18:52:14,0,0,0,0
2021-06-30 18:52:21,0,0,0,0
2021-06-30 18:52:30,50,1,4,55
2021-06-30 18:52:46,106,4,41,151
2021-06-30 18:53:03,4,2,0,6
2021-06-30 18:53:06,5,0,4,9
2021-06-30 18:53:13,16,0,4,20
2021-06-30 18:53:14,0,0,0,0
2021-06-30 18:53:38,0,0,0,0
2021-06-30 18:53:50,0,0,0,0
2021-06-30 18:53:59,5,0,4,9
2021-06-30 18:54:00,1,0,0,1
2021-06-30 18:54:11,0,0,0,0
2021-06-30 18:54:29,87,0,35,122
2021-06-30 18:54:42,0,0,0,0
2021-06-30 18:55:08,1,0,0,1
2021-06-30 18:55:09,126,10,57,193
2021-06-30 18:55:13,0,0,0,0
2021-06-30 18:55:15,1,0,0,1
2021-06-30 18:55:39,1,0,0,1
2021-06-30 18:55:44,1,0,0,1
2021-06-30 18:55:52,1,0,0,1
2021-06-30 18:55:58,0,0,0,0
2021-06-30 18:55:59,61,6,33,100
2021-06-30 18:56:20,0,0,0,0
2021-06-30 18:56:38,1,0,1,2
2021-06-30 18:56:49,0,0,0,0
2021-06-30 18:57:13,28,0,15,43
2021-06-30 18:57:33,0,0,0,0
2021-06-30 18:57:38,0,0,0,0
2021-06-30 18:57:44,1,0,0,1
2021-06-30 18:58:16,0,0,0,0
2021-06-30 18:58:37,3,0,0,3
2021-06-30 18:58:42,0,0,0,0
2021-06-30 18:58:52,0,0,0,0
2021-06-30 18:59:11,1,0,0,1
2021-06-30 18:59:13,0,0,0,0
2021-06-30 18:59:23,2,0,0,2
2021-06-30 18:59:44,1,0,0,1
2021-06-30 18:59:47,0,0,0,0
2021-06-30 18:59:55,46,2,22,70
2021-06-30 19:00:16,15,2,2,19
2021-06-30 19:00:17,4,1,2,7
2021-06-30 19:00:21,33,0,9,42
2021-06-30 19:00:37,8,0,3,11
2021-06-30 19:00:38,0,0,0,0
2021-06-30 19:00:41,0,0,0,0
2021-06-30 19:00:45,0,0,0,0
2021-06-30 19:00:58,10,2,3,15
2021-06-30 19:01:04,0,0,0,0
2021-06-30 19:01:17,4,1,2,7
2021-06-30 19:01:35,3,0,1,4
2021-06-30 19:01:49,1,0,0,1
2021-06-30 19:01:51,0,0,0,0
2021-06-30 19:02:09,44,2,10,56
2021-06-30 19:02:10,0,0,1,1
2021-06-30 19:02:55,20,7,5,32
2021-06-30 19:03:01,0,0,0,0
2021-06-30 19:03:11,0,0,0,0
2021-06-30 19:03:14,0,0,0,0
2021-06-30 19:03:24,0,0,0,0
2021-06-30 19:03:30,2,0,1,3
2021-06-30 19:03:35,1,0,0,1
2021-06-30 19:03:36,0,0,0,0
2021-06-30 19:03:52,0,0,0,0
2021-06-30 19:04:03,0,0,0,0
2021-06-30 19:04:33,0,0,0,0
2021-06-30 19:05:05,0,0,0,0
2021-06-30 19:05:35,3,1,1,5
2021-06-30 19:05:38,0,0,0,0
2021-06-30 19:05:46,0,0,0,0
2021-06-30 19:06:27,1,0,1,2
2021-06-30 19:06:41,7,1,4,12
2021-06-30 19:06:50,0,0,0,0
2021-06-30 19:07:09,0,0,0,0
2021-06-30 19:07:11,0,1,0,1
2021-06-30 19:07:22,0,0,0,0
2021-06-30 19:07:40,4,0,1,5
2021-06-30 19:07:47,2,0,1,3
2021-06-30 19:07:52,0,0,0,0
2021-06-30 19:07:58,0,0,0,0
2021-06-30 19:08:04,2,0,0,2
2021-06-30 19:08:21,16,0,6,22
2021-06-30 19:08:36,1,0,1,2
2021-06-30 19:08:41,0,0,0,0
2021-06-30 19:08:45,0,0,0,0
2021-06-30 19:08:47,0,0,0,0
2021-06-30 19:08:58,1,0,1,2
2021-06-30 19:09:06,1,0,0,1
2021-06-30 19:09:15,3,0,1,4
2021-06-30 19:09:20,1,0,0,1
2021-06-30 19:09:21,0,0,0,0
2021-06-30 19:09:24,0,0,0,0
2021-06-30 19:09:25,9,0,1,10
2021-06-30 19:09:35,0,0,0,0
2021-06-30 19:09:46,0,0,0,0
2021-06-30 19:09:52,6,0,2,8
2021-06-30 19:10:03,12,0,0,12
2021-06-30 19:10:20,3,0,1,4
2021-06-30 19:10:25,0,0,0,0
2021-06-30 19:10:28,0,0,0,0
2021-06-30 19:10:29,1,0,1,2
2021-06-30 19:10:46,1,0,0,1
2021-06-30 19:10:53,2,0,0,2
2021-06-30 19:11:06,0,0,0,0
2021-06-30 19:11:07,0,0,0,0
2021-06-30 19:11:10,2,0,0,2
2021-06-30 19:11:13,0,0,0,0
2021-06-30 19:11:14,15,0,6,21
2021-06-30 19:11:16,0,0,0,0
2021-06-30 19:11:29,7,1,2,10
2021-06-30 19:11:30,22,1,12,35
2021-06-30 19:11:41,0,0,0,0
2021-06-30 19:11:49,1,0,0,1
2021-06-30 19:11:54,0,0,2,2
2021-06-30 19:12:00,0,0,0,0
2021-06-30 19:12:11,7,0,2,9
2021-06-30 19:12:13,0,0,0,0
2021-06-30 19:12:27,23,0,1,24
2021-06-30 19:12:38,0,0,0,0
2021-06-30 19:12:49,0,0,0,0
2021-06-30 19:12:59,1,0,0,1
2021-06-30 19:13:07,0,0,0,0
2021-06-30 19:13:16,0,0,0,0
2021-06-30 19:13:24,1,0,0,1
2021-06-30 19:13:25,3,0,0,3
2021-06-30 19:13:41,5,0,0,5
2021-06-30 19:13:49,0,0,0,0
2021-06-30 19:13:58,2,0,0,2
2021-06-30 19:14:40,2,0,0,2
2021-06-30 19:14:48,2,0,0,2
2021-06-30 19:14:57,2,1,2,5
2021-06-30 19:15:03,2,0,3,5
2021-06-30 19:15:10,0,0,0,0
2021-06-30 19:15:22,1,0,1,2
2021-06-30 19:15:23,0,0,0,0
2021-06-30 19:15:32,0,0,0,0
2021-06-30 19:15:33,0,0,0,0
2021-06-30 19:15:42,1,0,1,2
2021-06-30 19:15:52,0,0,0,0
2021-06-30 19:16:03,0,0,0,0
2021-06-30 19:16:11,0,0,0,0
2021-06-30 19:16:19,0,0,0,0
2021-06-30 19:16:32,1,0,0,1
2021-06-30 19:17:06,0,0,0,0
2021-06-30 19:17:43,1,0,1,2
2021-06-30 19:17:55,0,0,0,0
2021-06-30 19:18:00,0,0,0,0
2021-06-30 19:18:02,1,0,0,1
2021-06-30 19:18:09,6,0,3,9
2021-06-30 19:18:19,4,0,0,4
2021-06-30 19:18:20,1,0,0,1
2021-06-30 19:18:28,8,0,2,10
2021-06-30 19:18:38,0,0,0,0
2021-06-30 19:18:45,1,0,1,2
2021-06-30 19:18:46,8,1,4,13
2021-06-30 19:18:58,0,0,0,0
2021-06-30 19:19:09,0,0,0,0
2021-06-30 19:19:12,3,1,1,5
2021-06-30 19:19:23,0,0,0,0
2021-06-30 19:19:31,0,0,0,0
2021-06-30 19:19:34,0,0,0,0
2021-06-30 19:19:39,2,0,0,2
2021-06-30 19:19:46,0,0,0,0
2021-06-30 19:19:52,0,0,0,0
2021-06-30 19:20:00,12,1,3,16
2021-06-30 19:20:03,0,0,0,0
2021-06-30 19:20:06,12,0,4,16
2021-06-30 19:20:19,5,1,3,9
2021-06-30 19:20:58,0,0,0,0
2021-06-30 19:21:12,0,0,0,0
2021-06-30 19:21:23,43,4,1,48
2021-06-30 19:21:38,0,0,0,0
2021-06-30 19:21:44,0,0,0,0
2021-06-30 19:21:45,1,0,1,2
2021-06-30 19:21:46,0,0,0,0
2021-06-30 19:21:54,2,0,3,5
2021-06-30 19:22:01,39,0,9,48
2021-06-30 19:22:12,0,0,0,0
2021-06-30 19:22:41,0,0,0,0
2021-06-30 19:22:53,0,0,0,0
2021-06-30 19:23:05,2,0,0,2
2021-06-30 19:23:14,2,0,0,2
2021-06-30 19:23:26,21,1,14,36
2021-06-30 19:23:38,0,0,0,0
2021-06-30 19:24:05,3,0,0,3
2021-06-30 19:24:21,0,0,0,0
2021-06-30 19:24:27,6,0,1,7
2021-06-30 19:24:34,2,1,1,4
2021-06-30 19:24:51,0,0,0,0
2021-06-30 19:24:52,8,0,3,11
2021-06-30 19:24:53,0,0,0,0
2021-06-30 19:25:01,0,0,0,0
2021-06-30 19:25:17,0,0,0,0
2021-06-30 19:25:22,14,0,2,16
2021-06-30 19:25:26,1,1,0,2
2021-06-30 19:25:31,3,0,2,5
2021-06-30 19:25:36,0,0,0,0
2021-06-30 19:25:50,0,0,0,0
2021-06-30 19:25:55,0,0,0,0
2021-06-30 19:25:57,0,0,1,1
2021-06-30 19:25:58,2,0,0,2
2021-06-30 19:26:03,1,0,0,1
2021-06-30 19:26:18,10,4,0,14
2021-06-30 19:26:27,0,0,0,0
2021-06-30 19:26:35,0,0,0,0
2021-06-30 19:26:43,0,0,0,0
2021-06-30 19:26:59,1,0,1,2
2021-06-30 19:27:05,0,0,0,0
2021-06-30 19:27:10,0,0,0,0
2021-06-30 19:27:17,0,0,0,0
2021-06-30 19:27:24,0,0,0,0
2021-06-30 19:27:30,0,0,0,0
2021-06-30 19:27:53,10,1,4,15
2021-06-30 19:27:57,0,0,0,0
2021-06-30 19:28:01,0,0,0,0
2021-06-30 19:28:03,0,0,0,0
2021-06-30 19:28:09,0,0,0,0
2021-06-30 19:28:16,0,0,0,0
2021-06-30 19:28:40,0,0,0,0
2021-06-30 19:28:48,0,0,0,0
2021-06-30 19:28:50,1,2,0,3
2021-06-30 19:28:57,0,0,0,0
2021-06-30 19:29:13,3,0,1,4
2021-06-30 19:29:20,0,0,0,0
2021-06-30 19:29:23,2,0,0,2
2021-06-30 19:29:30,0,0,0,0
2021-06-30 19:29:40,1,0,0,1
2021-06-30 19:29:55,0,0,0,0
2021-06-30 19:29:59,6,0,4,10
2021-06-30 19:30:00,205,9,82,296
2021-06-30 19:30:03,1,0,0,1
2021-06-30 19:30:10,0,0,0,0
2021-06-30 19:30:35,0,0,0,0
2021-06-30 19:30:42,0,0,0,0
2021-06-30 19:30:49,0,0,0,0
2021-06-30 19:31:17,0,0,0,0
2021-06-30 19:31:27,0,0,0,0
2021-06-30 19:31:39,1,0,0,1
2021-06-30 19:31:41,0,0,0,0
2021-06-30 19:31:51,1,0,0,1
2021-06-30 19:33:00,6,2,1,9
2021-06-30 19:33:43,0,0,0,0
2021-06-30 19:33:50,1,0,0,1
2021-06-30 19:33:58,0,0,0,0
2021-06-30 19:34:16,3,4,0,7
2021-06-30 19:34:39,11,1,1,13
2021-06-30 19:34:51,1,0,0,1
2021-06-30 19:34:56,0,0,0,0
2021-06-30 19:34:57,10,0,6,16
2021-06-30 19:35:04,0,0,0,0
2021-06-30 19:35:46,0,0,0,0
2021-06-30 19:35:47,0,0,0,0
2021-06-30 19:35:51,4,0,0,4
2021-06-30 19:35:52,133,1,42,176
2021-06-30 19:35:54,0,0,0,0
2021-06-30 19:36:06,4,0,0,4
2021-06-30 19:36:15,1,1,1,3
2021-06-30 19:36:23,0,0,0,0
2021-06-30 19:36:48,1,0,0,1
2021-06-30 19:37:01,0,0,0,0
2021-06-30 19:37:09,72,3,33,108
2021-06-30 19:37:20,0,0,0,0
2021-06-30 19:37:27,0,0,0,0
2021-06-30 19:37:30,22,1,6,29
2021-06-30 19:37:35,1,0,0,1
2021-06-30 19:37:46,7,1,2,10
2021-06-30 19:37:54,0,0,0,0
2021-06-30 19:38:02,1,1,0,2
2021-06-30 19:38:04,0,0,0,0
2021-06-30 19:38:16,1,1,0,2
2021-06-30 19:38:25,0,0,0,0
2021-06-30 19:38:27,4,1,2,7
2021-06-30 19:38:28,4,0,1,5
2021-06-30 19:38:32,0,0,0,0
2021-06-30 19:38:39,19,3,8,30
2021-06-30 19:38:40,0,0,0,0
2021-06-30 19:39:05,0,0,0,0
2021-06-30 19:39:13,5,0,0,5
2021-06-30 19:39:35,3,0,1,4
2021-06-30 19:39:48,0,0,0,0
2021-06-30 19:40:20,0,1,0,1
2021-06-30 19:40:48,0,0,0,0
2021-06-30 19:41:00,0,0,0,0
2021-06-30 19:41:31,0,0,0,0
2021-06-30 19:41:51,65,0,11,76
2021-06-30 19:41:55,1,0,0,1
2021-06-30 19:42:11,0,0,0,0
2021-06-30 19:42:17,9,1,5,15
2021-06-30 19:43:27,1,2,1,4
2021-06-30 19:43:41,13,0,0,13
2021-06-30 19:44:15,0,0,0,0
2021-06-30 19:44:37,0,0,0,0
2021-06-30 19:44:49,0,0,0,0
2021-06-30 19:45:00,0,0,0,0
2021-06-30 19:45:22,24,0,3,27
2021-06-30 19:45:40,0,0,0,0
2021-06-30 19:46:01,6,0,0,6
2021-06-30 19:46:12,0,0,0,0
2021-06-30 19:46:21,1,0,0,1
2021-06-30 19:46:29,8,0,0,8
2021-06-30 19:46:32,0,0,0,0
2021-06-30 19:46:47,0,0,0,0
2021-06-30 19:47:05,1,0,0,1
2021-06-30 19:47:16,0,0,0,0
2021-06-30 19:47:30,0,0,0,0
2021-06-30 19:47:39,2,1,0,3
2021-06-30 19:47:41,1,0,0,1
2021-06-30 19:47:54,2,0,1,3
2021-06-30 19:48:12,4,0,0,4
2021-06-30 19:48:34,0,0,0,0
2021-06-30 19:48:43,0,0,1,1
2021-06-30 19:48:53,0,0,0,0
2021-06-30 19:49:00,0,0,0,0
2021-06-30 19:49:18,0,0,0,0
2021-06-30 19:49:33,1,0,0,1
2021-06-30 19:49:42,0,0,0,0
2021-06-30 19:49:50,0,0,0,0
2021-06-30 19:49:52,2,1,0,3
2021-06-30 19:50:05,1,0,0,1
2021-06-30 19:50:17,0,0,0,0
2021-06-30 19:50:23,2,0,0,2
2021-06-30 19:50:57,1,0,0,1
2021-06-30 19:51:04,0,0,0,0
2021-06-30 19:51:36,4,1,0,5
2021-06-30 19:51:50,92,2,32,126
2021-06-30 19:51:58,25,1,19,45
2021-06-30 19:52:19,32,12,11,55
2021-06-30 19:52:45,0,0,0,0
2021-06-30 19:52:56,2,0,2,4
2021-06-30 19:53:40,6,0,1,7
2021-06-30 19:54:21,2,0,1,3
2021-06-30 19:54:42,1920,20,334,2274
2021-06-30 19:55:04,248,7,18,273
2021-06-30 19:55:12,9,0,2,11
2021-06-30 19:55:20,1,0,4,5
2021-06-30 19:55:32,0,0,0,0
2021-06-30 19:55:52,0,0,1,1
2021-06-30 19:56:10,0,0,0,0
2021-06-30 19:56:12,0,0,0,0
2021-06-30 19:56:22,0,0,0,0
2021-06-30 19:57:08,2,2,0,4
2021-06-30 19:58:42,0,0,0,0
2021-06-30 19:59:05,0,0,0,0
2021-06-30 19:59:49,1,0,0,1
2021-06-30 20:00:01,32,1,12,45
2021-06-30 20:00:04,0,0,0,0
2021-06-30 20:00:12,38,0,21,59
2021-06-30 20:00:24,4,0,1,5
2021-06-30 20:00:50,22,0,10,32
2021-06-30 20:01:11,2,0,1,3
2021-06-30 20:01:22,0,0,0,0
2021-06-30 20:02:16,1,0,0,1
2021-06-30 20:03:05,0,0,0,0
2021-06-30 20:03:49,0,0,0,0
2021-06-30 20:04:08,1,0,0,1
2021-06-30 20:05:54,0,0,0,0
2021-06-30 20:05:56,0,0,0,0
2021-06-30 20:06:00,51,0,6,57
2021-06-30 20:06:49,1,0,0,1
2021-06-30 20:08:40,0,0,0,0
2021-06-30 20:08:54,0,0,0,0
2021-06-30 20:09:28,4,0,2,6
2021-06-30 20:09:43,1,0,0,1
2021-06-30 20:10:00,2,1,1,4
2021-06-30 20:10:30,12,1,2,15
2021-06-30 20:11:55,6,2,0,8
2021-06-30 20:12:07,1,0,0,1
2021-06-30 20:12:10,0,0,0,0
2021-06-30 20:13:43,0,0,0,0
2021-06-30 20:14:09,4,1,0,5
2021-06-30 20:16:00,0,0,0,0
2021-06-30 20:16:03,0,0,2,2
2021-06-30 20:16:23,30,2,10,42
2021-06-30 20:16:24,0,0,0,0
2021-06-30 20:16:43,1,0,0,1
2021-06-30 20:16:50,0,0,0,0
2021-06-30 20:17:04,0,0,0,0
2021-06-30 20:17:17,0,0,0,0
2021-06-30 20:17:38,0,0,0,0
2021-06-30 20:17:48,0,0,0,0
2021-06-30 20:17:55,1,0,0,1
2021-06-30 20:18:21,1,1,0,2
2021-06-30 20:18:36,0,0,0,0
2021-06-30 20:18:40,3,0,2,5
2021-06-30 20:19:00,3,1,0,4
2021-06-30 20:19:01,1,1,0,2
2021-06-30 20:19:04,8,2,2,12
2021-06-30 20:19:19,0,0,0,0
2021-06-30 20:19:27,1,0,0,1
2021-06-30 20:20:29,0,0,0,0
2021-06-30 20:20:41,12,0,7,19
2021-06-30 20:20:48,0,0,0,0
2021-06-30 20:21:12,1,0,0,1
2021-06-30 20:21:33,3,0,0,3
2021-06-30 20:22:04,0,0,0,0
2021-06-30 20:22:28,12,0,7,19
2021-06-30 20:22:51,10,0,2,12
2021-06-30 20:23:04,9,0,2,11
2021-06-30 20:23:13,3,0,0,3
2021-06-30 20:23:23,0,0,0,0
2021-06-30 20:23:53,0,0,0,0
2021-06-30 20:24:08,2,0,1,3
2021-06-30 20:24:56,1,0,1,2
2021-06-30 20:25:07,1,0,1,2
2021-06-30 20:26:05,0,0,0,0
2021-06-30 20:26:26,56,1,3,60
2021-06-30 20:26:41,0,0,0,0
2021-06-30 20:27:45,3,0,2,5
2021-06-30 20:30:14,0,0,0,0
2021-06-30 20:30:22,0,0,0,0
2021-06-30 20:30:29,0,0,0,0
2021-06-30 20:30:40,1,0,1,2
2021-06-30 20:31:20,1,0,1,2
2021-06-30 20:31:34,0,0,0,0
2021-06-30 20:33:33,0,0,0,0
2021-06-30 20:33:40,10,2,4,16
2021-06-30 20:33:48,0,0,0,0
2021-06-30 20:34:05,8,1,6,15
2021-06-30 20:34:11,3,0,0,3
2021-06-30 20:34:32,4,0,0,4
2021-06-30 20:35:39,5,1,0,6
2021-06-30 20:35:58,0,0,0,0
2021-06-30 20:36:07,3,0,1,4
2021-06-30 20:36:22,1,0,0,1
2021-06-30 20:36:49,0,0,0,0
2021-06-30 20:36:56,2,0,0,2
2021-06-30 20:36:58,0,0,0,0
2021-06-30 20:37:27,2,0,0,2
2021-06-30 20:37:49,1,0,0,1
2021-06-30 20:38:11,0,0,0,0
2021-06-30 20:38:16,0,0,1,1
2021-06-30 20:38:22,0,0,0,0
2021-06-30 20:38:52,1,0,0,1
2021-06-30 20:38:55,0,0,0,0
2021-06-30 20:39:00,0,0,0,0
2021-06-30 20:39:05,0,0,0,0
2021-06-30 20:39:12,2,1,0,3
2021-06-30 20:39:38,0,0,0,0
2021-06-30 20:40:09,0,0,0,0
2021-06-30 20:40:46,0,0,0,0
2021-06-30 20:41:02,5,0,0,5
2021-06-30 20:41:41,6,1,1,8
2021-06-30 20:42:09,1,0,0,1
2021-06-30 20:42:21,0,0,0,0
2021-06-30 20:42:50,1,1,0,2
2021-06-30 20:43:14,3,0,1,4
2021-06-30 20:43:22,2,1,1,4
2021-06-30 20:43:24,26,1,9,36
2021-06-30 20:43:36,3,0,0,3
2021-06-30 20:43:39,1,0,0,1
2021-06-30 20:43:52,54,2,22,78
2021-06-30 20:44:03,3,0,2,5
2021-06-30 20:44:12,0,0,0,0
2021-06-30 20:44:29,0,0,0,0
2021-06-30 20:44:40,0,0,0,0
2021-06-30 20:45:15,0,0,0,0
2021-06-30 20:45:33,4,0,1,5
2021-06-30 20:45:36,0,0,0,0
2021-06-30 20:45:48,1,0,0,1
2021-06-30 20:46:08,3,0,0,3
2021-06-30 20:46:54,982,52,330,1364
2021-06-30 20:47:25,38,2,16,56
2021-06-30 20:47:37,2,0,0,2
2021-06-30 20:47:55,2,0,1,3
2021-06-30 20:48:17,2,0,1,3
2021-06-30 20:48:50,0,0,0,0
2021-06-30 20:49:05,15,1,2,18
2021-06-30 20:49:14,2,0,0,2
2021-06-30 20:50:05,9,0,0,9
2021-06-30 20:50:53,2,0,0,2
2021-06-30 20:50:55,0,0,0,0
2021-06-30 20:51:32,1,0,0,1
2021-06-30 20:51:42,1,1,0,2
2021-06-30 20:51:54,241,21,25,287
2021-06-30 20:52:30,45,3,14,62
2021-06-30 20:52:43,0,0,0,0
2021-06-30 20:52:44,0,0,0,0
2021-06-30 20:53:05,1,0,0,1
2021-06-30 20:53:24,0,0,0,0
2021-06-30 20:53:39,0,1,0,1
2021-06-30 20:53:56,0,0,0,0
2021-06-30 20:54:13,1,0,0,1
2021-06-30 20:54:18,18,1,5,24
2021-06-30 20:54:59,1,0,0,1
2021-06-30 20:57:44,0,0,0,0
2021-06-30 20:57:47,2,0,0,2
2021-06-30 20:58:09,0,0,0,0
2021-06-30 20:58:12,2,0,1,3
2021-06-30 20:58:52,0,0,0,0
2021-06-30 20:59:00,1,1,0,2
2021-06-30 20:59:06,0,0,0,0
2021-06-30 20:59:07,1,0,0,1
2021-06-30 20:59:59,0,0,0,0
2021-06-30 21:00:12,0,0,0,0
2021-06-30 21:00:14,0,0,0,0
2021-06-30 21:00:17,1,0,0,1
2021-06-30 21:01:04,0,0,0,0
2021-06-30 21:01:30,4,0,4,8
2021-06-30 21:02:05,9,2,1,12
2021-06-30 21:02:35,2,0,1,3
2021-06-30 21:02:57,1,1,0,2
2021-06-30 21:03:22,0,0,0,0
2021-06-30 21:03:45,0,0,0,0
2021-06-30 21:04:26,5,1,4,10
2021-06-30 21:04:35,0,0,0,0
2021-06-30 21:04:57,2,1,1,4
2021-06-30 21:05:08,0,0,0,0
2021-06-30 21:05:46,6,0,1,7
2021-06-30 21:05:49,1,0,0,1
2021-06-30 21:06:49,1,0,0,1
2021-06-30 21:07:23,0,0,0,0
2021-06-30 21:07:26,1,0,0,1
2021-06-30 21:08:12,0,0,1,1
2021-06-30 21:09:02,0,1,0,1
2021-06-30 21:09:17,3,0,2,5
2021-06-30 21:09:39,0,0,0,0
2021-06-30 21:10:00,0,0,0,0
2021-06-30 21:11:14,0,0,0,0
2021-06-30 21:11:15,0,1,0,1
2021-06-30 21:11:50,4,1,2,7
2021-06-30 21:12:02,4,1,2,7
2021-06-30 21:12:36,0,0,0,0
2021-06-30 21:12:53,1,0,0,1
2021-06-30 21:13:08,1,0,1,2
2021-06-30 21:14:16,2,2,2,6
2021-06-30 21:14:48,2,0,1,3
2021-06-30 21:15:34,8,1,0,9
2021-06-30 21:16:04,2,0,2,4
2021-06-30 21:17:03,9,0,4,13
2021-06-30 21:17:16,1258,64,232,1554
2021-06-30 21:17:33,15,1,7,23
2021-06-30 21:17:36,1,0,1,2
2021-06-30 21:18:21,1,0,0,1
2021-06-30 21:20:14,2,0,0,2
2021-06-30 21:20:23,1,0,0,1
2021-06-30 21:20:44,55,3,24,82
2021-06-30 21:21:14,0,0,0,0
2021-06-30 21:21:31,195,74,40,309
2021-06-30 21:21:40,3,0,0,3
2021-06-30 21:21:52,22,3,2,27
2021-06-30 21:22:20,8,0,4,12
2021-06-30 21:22:22,0,0,0,0
2021-06-30 21:22:23,0,0,0,0
2021-06-30 21:23:08,1,1,1,3
2021-06-30 21:23:22,2,0,2,4
2021-06-30 21:23:30,0,0,0,0
2021-06-30 21:25:44,2,0,0,2
2021-06-30 21:26:06,1,1,0,2
2021-06-30 21:26:10,0,0,0,0
2021-06-30 21:26:38,0,0,0,0
2021-06-30 21:27:11,0,0,0,0
2021-06-30 21:27:29,0,0,0,0
2021-06-30 21:27:46,0,0,0,0
2021-06-30 21:27:52,0,0,0,0
2021-06-30 21:28:31,6,0,0,6
2021-06-30 21:28:51,62,1,2,65
2021-06-30 21:29:12,0,0,0,0
2021-06-30 21:30:00,0,0,0,0
2021-06-30 21:30:42,0,0,0,0
2021-06-30 21:31:06,6,0,2,8
2021-06-30 21:31:22,0,0,0,0
2021-06-30 21:31:31,0,0,0,0
2021-06-30 21:31:40,2,0,0,2
2021-06-30 21:32:12,0,0,0,0
2021-06-30 21:32:29,4,0,1,5
2021-06-30 21:33:30,618,4,90,712
2021-06-30 21:33:38,3,0,2,5
2021-06-30 21:34:23,13,0,6,19
2021-06-30 21:34:28,0,0,0,0
2021-06-30 21:34:46,1,1,0,2
2021-06-30 21:34:52,2,0,0,2
2021-06-30 21:34:56,0,0,0,0
2021-06-30 21:35:14,3,0,0,3
2021-06-30 21:35:24,1,0,0,1
2021-06-30 21:35:31,1,0,0,1
2021-06-30 21:35:59,2,0,0,2
2021-06-30 21:36:07,1,0,0,1
2021-06-30 21:36:11,1,0,0,1
2021-06-30 21:36:18,1,1,0,2
2021-06-30 21:36:30,0,0,0,0
2021-06-30 21:36:50,1,0,0,1
2021-06-30 21:37:02,0,0,0,0
2021-06-30 21:37:18,0,0,0,0
2021-06-30 21:37:47,3,0,0,3
2021-06-30 21:37:55,2,0,1,3
2021-06-30 21:38:29,2,0,1,3
2021-06-30 21:38:49,3,0,0,3
2021-06-30 21:39:48,0,0,0,0
2021-06-30 21:40:10,3,0,1,4
2021-06-30 21:41:11,2,0,1,3
2021-06-30 21:41:12,35,3,8,46
2021-06-30 21:42:31,0,0,0,0
2021-06-30 21:43:10,1,0,0,1
2021-06-30 21:43:18,3,0,1,4
2021-06-30 21:43:36,1,1,0,2
2021-06-30 21:43:42,2,0,0,2
2021-06-30 21:43:44,4,0,0,4
2021-06-30 21:44:42,0,0,0,0
2021-06-30 21:44:56,0,0,0,0
2021-06-30 21:45:11,1,1,0,2
2021-06-30 21:45:13,0,0,0,0
2021-06-30 21:45:14,0,0,0,0
2021-06-30 21:45:40,18,2,3,23
2021-06-30 21:46:12,0,0,0,0
2021-06-30 21:47:56,0,0,1,1
2021-06-30 21:48:20,8,2,3,13
2021-06-30 21:48:22,0,0,0,0
2021-06-30 21:48:36,0,0,0,0
2021-06-30 21:49:33,0,0,0,0
2021-06-30 21:49:48,1,0,0,1
2021-06-30 21:49:49,7,0,2,9
2021-06-30 21:50:14,123,6,57,186
2021-06-30 21:50:29,0,0,0,0
2021-06-30 21:51:06,0,0,0,0
2021-06-30 21:51:56,0,0,0,0
2021-06-30 21:52:57,1,0,0,1
2021-06-30 21:53:05,2,0,4,6
2021-06-30 21:53:53,9,0,1,10
2021-06-30 21:54:14,1,0,0,1
2021-06-30 21:54:43,1,0,0,1
2021-06-30 21:56:24,0,0,0,0
2021-06-30 21:56:32,0,0,0,0
2021-06-30 21:56:44,1,0,1,2
2021-06-30 21:57:18,0,0,0,0
2021-06-30 21:58:09,0,0,0,0
2021-06-30 21:58:25,0,0,0,0
2021-06-30 21:58:45,8,0,0,8
2021-06-30 21:58:58,0,0,0,0
2021-06-30 21:59:00,0,0,0,0
2021-06-30 21:59:14,1,0,1,2
2021-06-30 21:59:24,0,0,0,0
2021-06-30 22:00:12,0,0,0,0
2021-06-30 22:00:25,0,0,0,0
2021-06-30 22:01:45,0,0,0,0
2021-06-30 22:02:07,0,0,0,0
2021-06-30 22:03:11,2,0,0,2
2021-06-30 22:03:51,0,0,0,0
2021-06-30 22:03:58,1,0,1,2
2021-06-30 22:04:12,17,0,10,27
2021-06-30 22:04:18,2,0,0,2
2021-06-30 22:04:31,1,0,0,1
2021-06-30 22:04:34,1,0,0,1
2021-06-30 22:05:04,1,0,0,1
2021-06-30 22:05:14,1,1,0,2
2021-06-30 22:05:19,1,0,0,1
2021-06-30 22:05:51,2,0,0,2
2021-06-30 22:07:05,0,0,0,0
2021-06-30 22:09:06,100,4,48,152
2021-06-30 22:10:51,0,0,0,0
2021-06-30 22:12:23,0,0,0,0
2021-06-30 22:12:31,0,0,0,0
2021-06-30 22:12:42,0,0,0,0
2021-06-30 22:13:26,0,0,0,0
2021-06-30 22:14:14,0,0,0,0
2021-06-30 22:14:49,0,0,0,0
2021-06-30 22:15:18,0,0,0,0
2021-06-30 22:15:45,2,0,0,2
2021-06-30 22:15:50,0,0,0,0
2021-06-30 22:16:47,0,0,0,0
2021-06-30 22:16:52,7,2,4,13
2021-06-30 22:17:12,0,0,0,0
2021-06-30 22:19:42,0,0,0,0
2021-06-30 22:20:06,10,0,4,14
2021-06-30 22:20:50,2,0,0,2
2021-06-30 22:21:30,3,4,1,8
2021-06-30 22:22:05,1,0,0,1
2021-06-30 22:22:14,9,0,3,12
2021-06-30 22:23:14,8,0,4,12
2021-06-30 22:23:48,0,0,0,0
2021-06-30 22:23:57,0,0,0,0
2021-06-30 22:25:05,116,3,52,171
2021-06-30 22:25:29,1,0,0,1
2021-06-30 22:25:48,5,0,1,6
2021-06-30 22:26:13,2,0,0,2
2021-06-30 22:26:56,1,0,0,1
2021-06-30 22:27:12,4,0,1,5
2021-06-30 22:27:37,0,0,0,0
2021-06-30 22:28:45,1,0,0,1
2021-06-30 22:29:10,16,0,3,19
2021-06-30 22:30:29,0,1,0,1
2021-06-30 22:31:50,11,0,2,13
2021-06-30 22:32:13,1,0,0,1
2021-06-30 22:35:36,23,0,5,28
2021-06-30 22:36:37,7,0,4,11
2021-06-30 22:37:00,0,0,0,0
2021-06-30 22:37:06,4,0,3,7
2021-06-30 22:38:00,1,0,0,1
2021-06-30 22:39:12,2,0,1,3
2021-06-30 22:40:03,0,0,0,0
2021-06-30 22:40:29,0,0,0,0
2021-06-30 22:40:35,0,0,0,0
2021-06-30 22:41:04,9,0,0,9
2021-06-30 22:41:10,16,0,5,21
2021-06-30 22:41:16,0,1,0,1
2021-06-30 22:41:50,0,0,0,0
2021-06-30 22:41:52,1,0,0,1
2021-06-30 22:43:41,9,0,6,15
2021-06-30 22:44:36,0,0,0,0
2021-06-30 22:45:06,0,0,0,0
2021-06-30 22:45:11,30,1,12,43
2021-06-30 22:45:24,0,0,0,0
2021-06-30 22:45:36,3,2,0,5
2021-06-30 22:45:37,2,0,0,2
2021-06-30 22:46:58,1,0,0,1
2021-06-30 22:47:08,1,0,0,1
2021-06-30 22:48:20,0,0,0,0
2021-06-30 22:48:52,0,0,0,0
2021-06-30 22:49:23,0,0,0,0
2021-06-30 22:49:28,2,0,1,3
2021-06-30 22:52:27,0,0,0,0
2021-06-30 22:53:32,4,0,0,4
2021-06-30 22:53:45,0,0,0,0
2021-06-30 22:54:50,2,0,0,2
2021-06-30 22:55:10,2,1,0,3
2021-06-30 22:55:45,0,0,0,0
2021-06-30 22:57:53,0,0,0,0
2021-06-30 22:59:36,25,0,4,29
2021-06-30 22:59:52,0,0,0,0
2021-06-30 23:00:19,0,0,0,0
2021-06-30 23:00:46,0,0,0,0
2021-06-30 23:01:44,0,0,0,0
2021-06-30 23:01:55,0,0,0,0
2021-06-30 23:02:32,5,0,0,5
2021-06-30 23:02:43,22,0,2,24
2021-06-30 23:03:00,1,0,0,1
2021-06-30 23:03:18,1,0,0,1
2021-06-30 23:03:25,0,0,0,0
2021-06-30 23:03:38,8,0,2,10
2021-06-30 23:04:06,0,0,0,0
2021-06-30 23:04:55,19,10,0,29
2021-06-30 23:07:05,1,0,0,1
2021-06-30 23:07:14,4,0,2,6
2021-06-30 23:09:07,0,0,0,0
2021-06-30 23:12:08,1,1,0,2
2021-06-30 23:12:13,3,0,0,3
2021-06-30 23:13:16,1,0,0,1
2021-06-30 23:13:31,1,0,0,1
2021-06-30 23:13:36,0,0,0,0
2021-06-30 23:14:14,1,0,0,1
2021-06-30 23:14:24,29,0,10,39
2021-06-30 23:17:05,1,1,0,2
2021-06-30 23:17:53,1,0,0,1
2021-06-30 23:19:24,9,0,3,12
2021-06-30 23:25:12,0,0,0,0
2021-06-30 23:25:16,0,0,0,0
2021-06-30 23:27:16,1,0,0,1
2021-06-30 23:29:53,2,0,1,3
2021-06-30 23:30:04,0,0,0,0
2021-06-30 23:30:12,9,1,1,11
2021-06-30 23:31:05,1,0,0,1
2021-06-30 23:34:03,1,0,0,1
2021-06-30 23:34:35,4,1,1,6
2021-06-30 23:35:23,1,0,0,1
2021-06-30 23:35:54,0,0,0,0
2021-06-30 23:37:22,0,0,0,0
2021-06-30 23:39:00,3,1,0,4
2021-06-30 23:40:52,0,0,1,1
2021-06-30 23:42:20,0,0,0,0
2021-06-30 23:43:13,1,0,1,2
2021-06-30 23:44:49,1,0,0,1
2021-06-30 23:46:20,1,0,0,1
2021-06-30 23:46:36,0,0,0,0
2021-06-30 23:46:42,2,0,1,3
2021-06-30 23:48:52,0,0,0,0
2021-06-30 23:49:00,0,0,0,0
2021-06-30 23:49:03,0,0,0,0
2021-06-30 23:50:00,0,0,0,0
2021-06-30 23:50:18,0,0,0,0
2021-06-30 23:51:00,0,0,0,0
2021-06-30 23:51:48,0,0,0,0
2021-06-30 23:52:00,0,0,0,0
2021-06-30 23:52:08,1,0,0,1
2021-06-30 23:52:49,1,0,1,2
2021-06-30 23:52:54,1,0,0,1
2021-06-30 23:53:00,2,0,1,3
2021-06-30 23:53:29,1,0,0,1
2021-06-30 23:53:39,0,0,0,0
2021-06-30 23:53:44,5238,172,587,5997
2021-06-30 23:53:48,0,0,0,0
2021-06-30 23:54:11,0,0,0,0
2021-06-30 23:55:00,0,0,0,0
2021-06-30 23:55:34,0,0,0,0
2021-06-30 23:55:39,0,0,0,0
2021-06-30 23:56:29,0,0,0,0
2021-06-30 23:56:41,0,0,3,3
2021-06-30 23:57:00,0,0,0,0
2021-06-30 23:57:26,3,1,0,4
2021-06-30 23:57:56,0,0,0,0
2021-06-30 23:58:00,0,0,0,0
2021-06-30 23:58:06,0,0,0,0
2021-06-30 23:58:33,0,0,0,0
2021-06-30 23:58:55,15,0,2,17
2021-06-30 23:59:00,0,0,0,0
2021-06-30 23:59:03,0,0,0,0
2021-07-01 00:00:12,3,0,1,4
2021-07-01 00:01:00,1,0,0,1
2021-07-01 00:01:38,1,0,0,1
2021-07-01 00:02:01,1,0,0,1
2021-07-01 00:02:27,0,0,0,0
2021-07-01 00:02:29,1,0,0,1
2021-07-01 00:03:38,1,0,1,2
2021-07-01 00:03:40,1,0,1,2
2021-07-01 00:05:23,4,1,1,6
2021-07-01 00:05:48,0,0,0,0
2021-07-01 00:06:02,0,0,0,0
2021-07-01 00:06:36,2,0,0,2
2021-07-01 00:06:42,2,1,1,4
2021-07-01 00:06:51,3,0,1,4
2021-07-01 00:07:51,8,0,1,9
2021-07-01 00:08:05,7,1,1,9
2021-07-01 00:08:39,0,0,0,0
2021-07-01 00:08:43,2,0,1,3
2021-07-01 00:08:56,1,0,1,2
2021-07-01 00:09:05,0,0,0,0
2021-07-01 00:09:30,0,0,0,0
2021-07-01 00:10:15,3,0,0,3
2021-07-01 00:10:16,0,0,0,0
2021-07-01 00:10:40,0,0,0,0
2021-07-01 00:11:13,1,0,0,1
2021-07-01 00:12:04,7,0,2,9
2021-07-01 00:12:05,0,0,0,0
2021-07-01 00:14:39,6,0,0,6
2021-07-01 00:15:48,0,0,0,0
2021-07-01 00:16:34,0,0,0,0
2021-07-01 00:17:58,3,0,0,3
2021-07-01 00:18:10,0,0,0,0
2021-07-01 00:18:41,0,0,0,0
2021-07-01 00:19:17,0,0,0,0
2021-07-01 00:19:38,1,0,0,1
2021-07-01 00:19:40,1,1,0,2
2021-07-01 00:19:54,0,0,0,0
2021-07-01 00:21:12,9,0,1,10
2021-07-01 00:21:25,3,1,0,4
2021-07-01 00:23:28,0,0,0,0
2021-07-01 00:23:52,0,0,0,0
2021-07-01 00:26:23,1,0,0,1
2021-07-01 00:29:29,1,0,0,1
2021-07-01 00:29:32,2,0,0,2
2021-07-01 00:30:57,1,1,0,2
2021-07-01 00:30:59,1,1,0,2
2021-07-01 00:31:09,18,1,6,25
2021-07-01 00:32:07,0,0,0,0
2021-07-01 00:32:22,0,0,0,0
2021-07-01 00:32:39,2,0,0,2
2021-07-01 00:33:25,1,0,0,1
2021-07-01 00:33:51,2,0,0,2
2021-07-01 00:35:38,3,2,0,5
2021-07-01 00:35:43,12,1,3,16
2021-07-01 00:36:32,0,0,0,0
2021-07-01 00:36:42,7,1,1,9
2021-07-01 00:37:48,5,0,2,7
2021-07-01 00:39:33,1,0,0,1
2021-07-01 00:40:11,2,1,0,3
2021-07-01 00:41:38,2,0,0,2
2021-07-01 00:42:24,4,0,1,5
2021-07-01 00:43:02,0,0,0,0
2021-07-01 00:44:23,1,0,0,1
2021-07-01 00:45:14,17,1,5,23
2021-07-01 00:49:53,1,0,0,1
2021-07-01 00:51:28,2,0,0,2
2021-07-01 00:55:08,3,0,0,3
2021-07-01 00:55:26,0,0,0,0
2021-07-01 00:58:56,1,0,0,1
2021-07-01 00:59:02,0,0,0,0
2021-07-01 00:59:10,1,1,0,2
2021-07-01 00:59:49,0,0,0,0
2021-07-01 01:00:49,0,0,0,0
2021-07-01 01:02:06,0,0,0,0
2021-07-01 01:02:07,20,0,8,28
2021-07-01 01:02:18,0,0,0,0
2021-07-01 01:02:36,0,0,0,0
2021-07-01 01:02:50,0,0,0,0
2021-07-01 01:03:08,0,0,0,0
2021-07-01 01:03:32,0,0,0,0
2021-07-01 01:03:41,0,0,0,0
2021-07-01 01:03:59,0,0,0,0
2021-07-01 01:04:26,0,0,0,0
2021-07-01 01:04:41,0,0,0,0
2021-07-01 01:05:26,0,0,0,0
2021-07-01 01:05:54,0,0,0,0
2021-07-01 01:06:09,0,0,0,0
2021-07-01 01:06:24,0,0,0,0
2021-07-01 01:06:41,0,0,0,0
2021-07-01 01:07:18,0,0,0,0
2021-07-01 01:07:40,0,0,0,0
2021-07-01 01:08:29,0,0,0,0
2021-07-01 01:08:42,0,0,0,0
2021-07-01 01:08:59,0,0,0,0
2021-07-01 01:09:13,0,0,1,1
2021-07-01 01:09:36,0,0,0,0
2021-07-01 01:10:03,0,0,0,0
2021-07-01 01:10:28,0,0,0,0
2021-07-01 01:10:43,5,0,0,5
2021-07-01 01:11:07,1,0,0,1
2021-07-01 01:12:46,44,0,8,52
2021-07-01 01:15:18,0,0,0,0
2021-07-01 01:19:34,0,0,0,0
2021-07-01 01:19:44,0,0,0,0
2021-07-01 01:19:54,0,0,0,0
2021-07-01 01:20:02,0,0,0,0
2021-07-01 01:20:13,0,0,0,0
2021-07-01 01:20:20,0,0,0,0
2021-07-01 01:20:31,0,0,0,0
2021-07-01 01:20:40,0,0,0,0
2021-07-01 01:20:54,0,0,0,0
2021-07-01 01:21:11,0,0,0,0
2021-07-01 01:21:16,0,0,0,0
2021-07-01 01:21:22,0,0,0,0
2021-07-01 01:21:30,0,0,0,0
2021-07-01 01:21:36,0,0,0,0
2021-07-01 01:21:44,0,0,0,0
2021-07-01 01:21:50,0,0,0,0
2021-07-01 01:22:01,0,0,0,0
2021-07-01 01:22:15,0,0,0,0
2021-07-01 01:22:27,1,1,1,3
2021-07-01 01:22:34,0,0,0,0
2021-07-01 01:22:58,0,0,0,0
2021-07-01 01:23:10,0,0,0,0
2021-07-01 01:23:25,0,0,0,0
2021-07-01 01:23:35,0,0,0,0
2021-07-01 01:23:51,1,0,0,1
2021-07-01 01:23:54,0,0,0,0
2021-07-01 01:24:26,0,0,0,0
2021-07-01 01:25:31,1,0,0,1
2021-07-01 01:25:38,0,0,0,0
2021-07-01 01:25:53,1,0,0,1
2021-07-01 01:27:18,0,0,0,0
2021-07-01 01:28:15,2,1,2,5
2021-07-01 01:31:44,0,0,0,0
2021-07-01 01:32:00,0,0,0,0
2021-07-01 01:32:15,0,0,0,0
2021-07-01 01:33:02,0,0,0,0
2021-07-01 01:33:37,0,0,0,0
2021-07-01 01:33:50,0,0,0,0
2021-07-01 01:33:53,0,0,0,0
2021-07-01 01:34:30,0,0,0,0
2021-07-01 01:34:53,0,0,0,0
2021-07-01 01:35:06,0,0,0,0
2021-07-01 01:36:00,0,0,0,0
2021-07-01 01:36:43,0,0,0,0
2021-07-01 01:39:20,0,0,0,0
2021-07-01 01:40:06,0,0,0,0
2021-07-01 01:41:19,0,0,0,0
2021-07-01 01:45:04,0,0,0,0
2021-07-01 01:47:52,16,0,7,23
2021-07-01 02:09:23,22,5,7,34
2021-07-01 02:10:38,0,1,0,1
2021-07-01 02:12:02,2,0,0,2
2021-07-01 02:14:04,3,0,2,5
2021-07-01 02:15:28,1,0,0,1
2021-07-01 02:17:43,0,0,0,0
2021-07-01 02:19:16,0,0,0,0
2021-07-01 02:21:41,2,0,0,2
2021-07-01 02:21:55,0,0,0,0
2021-07-01 02:22:33,0,0,0,0
2021-07-01 02:24:28,6,1,2,9
2021-07-01 02:29:34,2,0,1,3
2021-07-01 02:30:34,0,0,0,0
2021-07-01 02:30:56,0,0,0,0
2021-07-01 02:31:13,7,1,0,8
2021-07-01 02:32:09,9,2,4,15
2021-07-01 02:32:19,0,0,0,0
2021-07-01 02:34:15,6,1,3,10
2021-07-01 02:35:48,2,1,1,4
2021-07-01 02:37:26,1,0,1,2
2021-07-01 02:41:30,8,0,2,10
2021-07-01 02:42:49,1,0,0,1
2021-07-01 02:47:07,9,1,3,13
2021-07-01 03:02:37,0,0,0,0
2021-07-01 03:37:05,2,0,0,2
2021-07-01 03:39:58,2,0,0,2
2021-07-01 03:41:04,0,0,0,0
2021-07-01 03:48:28,0,0,0,0
2021-07-01 03:57:56,0,0,0,0
2021-07-01 04:01:34,0,0,0,0
2021-07-01 04:02:27,1,1,0,2
2021-07-01 04:27:14,3,0,0,3
2021-07-01 04:33:34,0,0,0,0
2021-07-01 04:43:34,0,0,0,0
2021-07-01 04:47:02,6,0,2,8
2021-07-01 04:52:19,1,0,0,1
2021-07-01 04:56:56,3,1,0,4
2021-07-01 04:57:50,1,0,0,1
2021-07-01 05:11:33,5,0,1,6
2021-07-01 05:11:48,2,0,1,3
2021-07-01 05:12:11,0,1,0,1
2021-07-01 05:16:40,0,1,0,1
2021-07-01 05:20:19,1,1,0,2
2021-07-01 05:23:30,0,0,0,0
2021-07-01 05:24:59,0,0,0,0
2021-07-01 05:34:36,6,0,1,7
2021-07-01 05:40:31,2,2,0,4
2021-07-01 05:41:22,0,0,0,0
2021-07-01 05:46:57,1,0,0,1
2021-07-01 05:47:55,28,2,18,48
2021-07-01 05:50:20,8,3,4,15
2021-07-01 05:52:26,9,0,3,12
2021-07-01 05:53:34,0,0,0,0
2021-07-01 05:55:55,0,0,0,0
2021-07-01 05:58:06,0,0,0,0
2021-07-01 05:58:15,0,0,2,2
2021-07-01 05:59:59,12,3,6,21
2021-07-01 06:04:00,0,0,0,0
2021-07-01 06:04:02,4,1,1,6
2021-07-01 06:06:42,2,0,1,3
2021-07-01 06:09:51,0,0,0,0
2021-07-01 06:14:50,3,1,0,4
2021-07-01 06:17:01,0,0,0,0
2021-07-01 06:20:43,3,0,2,5
2021-07-01 06:25:29,0,0,0,0
2021-07-01 06:27:06,1,0,0,1
2021-07-01 06:27:29,67,0,2,69
2021-07-01 06:30:14,1,0,0,1
2021-07-01 06:32:07,0,0,0,0
2021-07-01 06:34:13,1,0,0,1
2021-07-01 06:35:36,0,0,0,0
2021-07-01 06:36:19,0,0,0,0
2021-07-01 06:39:03,0,0,0,0
2021-07-01 06:43:30,0,0,0,0
2021-07-01 06:45:17,0,0,0,0
2021-07-01 06:49:35,81,22,7,110
2021-07-01 06:50:12,2,0,0,2
2021-07-01 06:50:46,1,0,0,1
2021-07-01 06:51:31,0,0,0,0
2021-07-01 06:52:45,2,0,0,2
2021-07-01 06:54:18,1,0,0,1
2021-07-01 06:54:36,0,0,0,0
2021-07-01 06:54:42,3,1,1,5
2021-07-01 06:54:54,2,0,0,2
2021-07-01 06:55:14,2,0,0,2
2021-07-01 06:55:25,2,0,0,2
2021-07-01 06:56:20,0,0,0,0
2021-07-01 06:56:25,2,0,0,2
2021-07-01 06:57:18,0,0,0,0
2021-07-01 06:59:21,0,0,0,0
2021-07-01 06:59:26,250,7,100,357
2021-07-01 07:00:57,0,0,0,0
2021-07-01 07:01:22,8,0,3,11
2021-07-01 07:03:18,0,0,0,0
2021-07-01 07:03:31,9,0,2,11
2021-07-01 07:03:41,12,0,8,20
2021-07-01 07:04:51,5,0,1,6
2021-07-01 07:10:13,1,0,0,1
2021-07-01 07:11:53,2409,68,409,2886
2021-07-01 07:14:32,0,0,0,0
2021-07-01 07:15:48,0,0,0,0
2021-07-01 07:16:50,0,0,0,0
2021-07-01 07:17:58,13,4,3,20
2021-07-01 07:18:34,0,0,0,0
2021-07-01 07:19:36,0,0,0,0
2021-07-01 07:19:45,1,0,0,1
2021-07-01 07:20:18,0,0,2,2
2021-07-01 07:21:03,1,0,0,1
2021-07-01 07:21:57,0,0,0,0
2021-07-01 07:24:44,2,0,2,4
2021-07-01 07:25:15,2,0,1,3
2021-07-01 07:25:20,0,0,0,0
2021-07-01 07:25:26,0,0,0,0
2021-07-01 07:25:38,0,0,0,0
2021-07-01 07:27:49,371,7,43,421
2021-07-01 07:28:55,0,0,0,0
2021-07-01 07:31:44,0,0,0,0
2021-07-01 07:33:32,0,0,0,0
2021-07-01 07:37:00,0,0,0,0
2021-07-01 07:37:10,0,0,0,0
2021-07-01 07:38:16,0,1,0,1
2021-07-01 07:39:47,1,0,0,1
2021-07-01 07:39:58,1,1,0,2
2021-07-01 07:40:31,0,0,0,0
2021-07-01 07:40:51,4,0,0,4
2021-07-01 07:40:59,1,0,0,1
2021-07-01 07:41:08,0,0,0,0
2021-07-01 07:41:17,0,0,0,0
2021-07-01 07:41:20,1,0,0,1
2021-07-01 07:42:10,3,1,1,5
2021-07-01 07:43:19,0,0,0,0
2021-07-01 07:43:31,1,0,0,1
2021-07-01 07:43:42,0,0,1,1
2021-07-01 07:45:32,0,0,0,0
2021-07-01 07:47:13,13,3,2,18
2021-07-01 07:48:45,0,0,0,0
2021-07-01 07:48:58,46,9,22,77
2021-07-01 07:50:02,0,0,0,0
2021-07-01 07:51:35,0,0,0,0
2021-07-01 07:51:42,46,3,16,65
2021-07-01 07:52:25,0,0,0,0
2021-07-01 07:53:19,0,0,0,0
2021-07-01 07:53:39,1,0,1,2
2021-07-01 07:55:07,0,0,0,0
2021-07-01 07:55:31,9,3,0,12
2021-07-01 07:56:24,1,0,0,1
2021-07-01 07:57:17,1,0,0,1
2021-07-01 07:58:17,0,0,0,0
2021-07-01 07:58:39,0,0,0,0
2021-07-01 07:58:54,0,0,0,0
2021-07-01 07:59:36,0,0,0,0
2021-07-01 08:00:11,43,8,18,69
2021-07-01 08:00:20,2,0,2,4
2021-07-01 08:00:25,13,5,0,18
2021-07-01 08:00:45,215,8,16,239
2021-07-01 08:01:33,0,0,0,0
2021-07-01 08:02:41,0,0,0,0
2021-07-01 08:02:45,0,0,0,0
2021-07-01 08:02:51,10,1,8,19
2021-07-01 08:04:24,4,1,2,7
2021-07-01 08:05:05,1,1,0,2
2021-07-01 08:05:39,0,0,0,0
2021-07-01 08:08:37,0,0,0,0
2021-07-01 08:09:42,1,1,0,2
2021-07-01 08:11:14,5,2,0,7
2021-07-01 08:12:24,5,1,4,10
2021-07-01 08:12:25,3,0,0,3
2021-07-01 08:12:36,1,0,0,1
2021-07-01 08:12:49,0,4,0,4
2021-07-01 08:12:55,0,0,0,0
2021-07-01 08:13:35,3,1,2,6
2021-07-01 08:13:40,0,0,0,0
2021-07-01 08:14:40,5,0,0,5
2021-07-01 08:15:39,0,0,0,0
2021-07-01 08:16:38,0,0,0,0
2021-07-01 08:17:22,36,1,10,47
2021-07-01 08:17:52,2,0,0,2
2021-07-01 08:18:53,2,0,0,2
2021-07-01 08:19:59,2,0,0,2
2021-07-01 08:22:00,2,0,0,2
2021-07-01 08:23:24,8,2,1,11
2021-07-01 08:23:30,0,0,0,0
2021-07-01 08:23:45,0,0,0,0
2021-07-01 08:24:06,0,0,0,0
2021-07-01 08:25:16,0,1,0,1
2021-07-01 08:25:37,5,0,2,7
2021-07-01 08:26:32,5,1,2,8
2021-07-01 08:26:42,0,0,0,0
2021-07-01 08:26:46,1,0,0,1
2021-07-01 08:28:07,5,0,3,8
2021-07-01 08:28:28,6,1,3,10
2021-07-01 08:28:36,2,1,0,3
2021-07-01 08:28:38,1,0,0,1
2021-07-01 08:29:10,56,1,18,75
2021-07-01 08:29:11,80,1,25,106
2021-07-01 08:30:04,3,0,0,3
2021-07-01 08:30:45,0,0,0,0
2021-07-01 08:30:57,0,0,0,0
2021-07-01 08:31:15,1,0,0,1
2021-07-01 08:31:17,0,0,0,0
2021-07-01 08:31:18,1,1,0,2
2021-07-01 08:31:20,1,0,2,3
2021-07-01 08:31:34,1,0,0,1
2021-07-01 08:31:41,2,0,1,3
2021-07-01 08:31:45,0,0,0,0
2021-07-01 08:31:49,0,0,0,0
2021-07-01 08:32:14,0,0,0,0
2021-07-01 08:32:32,1,1,0,2
2021-07-01 08:32:33,0,0,0,0
2021-07-01 08:32:34,0,0,0,0
2021-07-01 08:32:49,0,0,0,0
2021-07-01 08:32:57,1,1,0,2
2021-07-01 08:33:01,0,0,0,0
2021-07-01 08:33:03,0,0,0,0
2021-07-01 08:33:23,1,1,0,2
2021-07-01 08:33:47,0,1,0,1
2021-07-01 08:34:54,4,0,4,8
2021-07-01 08:35:07,0,0,0,0
2021-07-01 08:35:12,0,0,1,1
2021-07-01 08:35:24,4,0,2,6
2021-07-01 08:35:26,0,0,1,1
2021-07-01 08:35:47,0,0,1,1
2021-07-01 08:36:25,1,0,1,2
2021-07-01 08:36:30,82,23,44,149
2021-07-01 08:36:39,0,0,0,0
2021-07-01 08:36:56,0,0,1,1
2021-07-01 08:37:43,0,0,0,0
2021-07-01 08:37:47,0,0,1,1
2021-07-01 08:38:47,1,0,3,4
2021-07-01 08:39:08,0,0,1,1
2021-07-01 08:39:10,1,0,1,2
2021-07-01 08:39:18,0,0,1,1
2021-07-01 08:39:39,1,2,1,4
2021-07-01 08:39:55,2,2,1,5
2021-07-01 08:40:42,0,0,1,1
2021-07-01 08:41:16,2,0,3,5
2021-07-01 08:41:28,0,0,1,1
2021-07-01 08:42:05,3,0,1,4
2021-07-01 08:42:49,0,0,1,1
2021-07-01 08:43:44,2,0,3,5
2021-07-01 08:44:27,683,24,156,863
2021-07-01 08:45:10,1,0,1,2
2021-07-01 08:45:22,0,0,1,1
2021-07-01 08:45:31,0,0,1,1
2021-07-01 08:45:34,1,0,1,2
2021-07-01 08:46:03,0,0,1,1
2021-07-01 08:46:24,52,2,11,65
2021-07-01 08:46:25,19,0,6,25
2021-07-01 08:46:26,1,0,1,2
2021-07-01 08:46:39,1,0,2,3
2021-07-01 08:46:46,5,0,4,9
2021-07-01 08:47:22,1,0,1,2
2021-07-01 08:48:39,0,0,0,0
2021-07-01 08:48:58,0,0,1,1
2021-07-01 08:49:55,1,0,1,2
2021-07-01 08:50:01,0,0,1,1
2021-07-01 08:50:05,3,1,3,7
2021-07-01 08:50:49,2,0,2,4
2021-07-01 08:51:13,1,0,1,2
2021-07-01 08:51:18,0,0,0,0
2021-07-01 08:51:30,0,0,0,0
2021-07-01 08:51:43,1,0,1,2
2021-07-01 08:52:10,0,0,1,1
2021-07-01 08:52:12,6,0,1,7
2021-07-01 08:53:13,0,0,1,1
2021-07-01 08:53:22,4,0,1,5
2021-07-01 08:53:47,1,0,1,2
2021-07-01 08:54:05,0,0,0,0
2021-07-01 08:54:14,2,0,1,3
2021-07-01 08:54:52,5,0,1,6
2021-07-01 08:55:14,1,0,1,2
2021-07-01 08:56:09,0,0,1,1
2021-07-01 08:56:29,2,0,1,3
2021-07-01 08:56:55,1,0,2,3
2021-07-01 08:57:30,0,0,1,1
2021-07-01 08:58:42,1,0,1,2
2021-07-01 08:59:30,0,0,1,1
2021-07-01 09:00:06,1,0,2,3
2021-07-01 09:00:09,0,1,1,2
2021-07-01 09:00:16,1,0,1,2
2021-07-01 09:01:12,122,6,34,162
2021-07-01 09:02:03,1,1,0,2
2021-07-01 09:02:05,13,2,2,17
2021-07-01 09:02:25,3,0,1,4
2021-07-01 09:02:37,1,0,1,2
2021-07-01 09:02:51,0,0,1,1
2021-07-01 09:03:39,0,0,0,0
2021-07-01 09:06:04,16,0,1,17
2021-07-01 09:06:16,0,0,1,1
2021-07-01 09:07:22,4,0,2,6
2021-07-01 09:08:38,0,0,1,1
2021-07-01 09:10:07,2,0,2,4
2021-07-01 09:10:24,0,0,1,1
2021-07-01 09:10:42,4,0,3,7
2021-07-01 09:10:53,12,1,13,26
2021-07-01 09:11:03,0,0,1,1
2021-07-01 09:11:10,20,1,7,28
2021-07-01 09:12:03,0,0,1,1
2021-07-01 09:12:18,10,0,5,15
2021-07-01 09:12:41,6,1,4,11
2021-07-01 09:13:14,0,0,1,1
2021-07-01 09:13:18,0,0,1,1
2021-07-01 09:15:01,1,0,0,1
2021-07-01 09:15:59,1,0,1,2
2021-07-01 09:16:30,6,1,3,10
2021-07-01 09:16:49,0,0,1,1
2021-07-01 09:17:23,0,0,1,1
2021-07-01 09:18:27,0,0,1,1
2021-07-01 09:19:41,15,3,1,19
2021-07-01 09:19:47,0,0,1,1
2021-07-01 09:19:49,1,0,1,2
2021-07-01 09:21:23,0,0,1,1
2021-07-01 09:22:45,2,1,0,3
2021-07-01 09:22:49,0,0,1,1
2021-07-01 09:22:57,0,0,1,1
2021-07-01 09:23:24,0,0,1,1
2021-07-01 09:23:36,1,0,1,2
2021-07-01 09:23:49,0,0,1,1
2021-07-01 09:24:24,1,0,2,3
2021-07-01 09:24:43,6,1,1,8
2021-07-01 09:24:47,1,0,2,3
2021-07-01 09:25:01,0,0,1,1
2021-07-01 09:25:39,0,0,0,0
2021-07-01 09:26:10,44,1,17,62
2021-07-01 09:27:15,0,0,1,1
2021-07-01 09:27:22,0,0,1,1
2021-07-01 09:27:55,2,0,2,4
2021-07-01 09:28:03,3,0,2,5
2021-07-01 09:28:06,0,0,1,1
2021-07-01 09:28:08,0,0,1,1
2021-07-01 09:28:46,2,1,1,4
2021-07-01 09:29:07,2,1,2,5
2021-07-01 09:30:03,15,2,6,23
2021-07-01 09:30:14,4,0,1,5
2021-07-01 09:30:17,1,1,1,3
2021-07-01 09:30:21,1,1,1,3
2021-07-01 09:32:12,2,2,2,6
2021-07-01 09:32:19,2,0,1,3
2021-07-01 09:32:45,1,0,2,3
2021-07-01 09:33:08,7,1,2,10
2021-07-01 09:33:25,1,0,1,2
2021-07-01 09:33:47,1,0,0,1
2021-07-01 09:34:20,4,0,1,5
2021-07-01 09:35:37,0,0,1,1
2021-07-01 09:35:55,5,0,1,6
2021-07-01 09:36:01,0,0,0,0
2021-07-01 09:36:21,2,0,1,3
2021-07-01 09:36:36,0,0,1,1
2021-07-01 09:36:50,0,0,1,1
2021-07-01 09:38:21,82,5,27,114
2021-07-01 09:39:05,1,0,0,1
2021-07-01 09:39:36,11,2,6,19
2021-07-01 09:39:49,0,0,1,1
2021-07-01 09:39:57,2,0,4,6
2021-07-01 09:40:00,0,0,1,1
2021-07-01 09:40:06,14,2,9,25
2021-07-01 09:40:10,5,0,1,6
2021-07-01 09:40:37,270,11,49,330
2021-07-01 09:41:03,1,0,1,2
2021-07-01 09:41:27,0,0,1,1
2021-07-01 09:41:55,0,0,1,1
2021-07-01 09:42:10,1,0,1,2
2021-07-01 09:42:25,0,0,1,1
2021-07-01 09:42:47,0,0,1,1
2021-07-01 09:43:03,0,0,1,1
2021-07-01 09:43:09,0,0,1,1
2021-07-01 09:43:30,1,0,1,2
2021-07-01 09:43:31,0,0,1,1
2021-07-01 09:43:37,6,0,3,9
2021-07-01 09:43:47,2,0,1,3
2021-07-01 09:43:48,6,0,3,9
2021-07-01 09:43:50,2,2,2,6
2021-07-01 09:44:23,0,0,1,1
2021-07-01 09:45:01,0,0,1,1
2021-07-01 09:46:00,0,0,1,1
2021-07-01 09:46:38,10,3,1,14
2021-07-01 09:46:50,5,0,3,8
2021-07-01 09:46:55,5,0,2,7
2021-07-01 09:46:57,1,0,1,2
2021-07-01 09:47:00,3,0,3,6
2021-07-01 09:47:14,3,1,1,5
2021-07-01 09:47:36,2,0,2,4
2021-07-01 09:47:52,1,0,2,3
2021-07-01 09:47:58,5,0,0,5
2021-07-01 09:48:17,1,0,1,2
2021-07-01 09:48:44,132,6,56,194
2021-07-01 09:49:02,0,0,1,1
2021-07-01 09:49:12,0,0,1,1
2021-07-01 09:49:23,0,0,1,1
2021-07-01 09:49:43,0,0,1,1
2021-07-01 09:49:50,0,0,1,1
2021-07-01 09:50:03,0,0,1,1
2021-07-01 09:50:11,0,0,1,1
2021-07-01 09:50:15,21,0,5,26
2021-07-01 09:50:29,0,0,1,1
2021-07-01 09:50:30,2,2,2,6
2021-07-01 09:50:39,10,2,2,14
2021-07-01 09:51:13,0,0,1,1
2021-07-01 09:51:46,1,0,1,2
2021-07-01 09:51:47,0,0,1,1
2021-07-01 09:52:27,2,0,1,3
2021-07-01 09:52:32,2,0,1,3
2021-07-01 09:52:41,0,0,1,1
2021-07-01 09:53:18,9,0,8,17
2021-07-01 09:54:38,0,0,1,1
2021-07-01 09:54:39,0,0,1,1
2021-07-01 09:54:43,26,3,8,37
2021-07-01 09:54:54,1,0,0,1
2021-07-01 09:55:24,3,0,1,4
2021-07-01 09:55:31,0,0,0,0
2021-07-01 09:55:32,3,0,1,4
2021-07-01 09:55:49,13,3,9,25
2021-07-01 09:55:54,0,0,1,1
2021-07-01 09:56:27,0,0,1,1
2021-07-01 09:56:42,0,0,0,0
2021-07-01 09:56:50,3,0,1,4
2021-07-01 09:56:52,0,0,1,1
2021-07-01 09:57:30,0,0,0,0
2021-07-01 09:57:32,1,0,1,2
2021-07-01 09:58:03,1,0,1,2
2021-07-01 09:58:22,0,0,1,1
2021-07-01 09:58:42,0,0,0,0
2021-07-01 09:58:57,0,0,1,1
2021-07-01 09:59:05,1,0,1,2
2021-07-01 09:59:41,74,1,22,97
2021-07-01 09:59:42,0,0,1,1
2021-07-01 10:00:13,0,0,1,1
2021-07-01 10:00:19,0,0,1,1
2021-07-01 10:00:22,169,4,12,185
2021-07-01 10:00:56,39,1,19,59
2021-07-01 10:01:01,73,2,19,94
2021-07-01 10:01:11,0,0,1,1
2021-07-01 10:02:03,3,0,1,4
2021-07-01 10:02:09,0,0,0,0
2021-07-01 10:02:11,9,0,3,12
2021-07-01 10:02:55,1,0,1,2
2021-07-01 10:03:12,68,5,38,111
2021-07-01 10:04:02,41,0,12,53
2021-07-01 10:04:05,55,4,30,89
2021-07-01 10:04:06,1,0,2,3
2021-07-01 10:04:20,58,2,25,85
2021-07-01 10:04:33,0,0,1,1
2021-07-01 10:04:44,12,0,6,18
2021-07-01 10:05:57,0,0,2,2
2021-07-01 10:06:11,4,0,2,6
2021-07-01 10:06:29,7,0,4,11
2021-07-01 10:06:39,0,0,1,1
2021-07-01 10:06:53,0,0,0,0
2021-07-01 10:06:54,74,3,25,102
2021-07-01 10:07:23,1,0,1,2
2021-07-01 10:07:55,0,0,0,0
2021-07-01 10:08:20,0,0,2,2
2021-07-01 10:08:41,0,0,1,1
2021-07-01 10:10:50,6,0,1,7
2021-07-01 10:10:52,1,0,0,1
2021-07-01 10:12:15,0,0,1,1
2021-07-01 10:12:18,0,0,2,2
2021-07-01 10:12:46,1,0,1,2
2021-07-01 10:12:54,0,0,1,1
2021-07-01 10:13:06,18,4,14,36
2021-07-01 10:13:17,8,1,5,14
2021-07-01 10:13:19,2,0,1,3
2021-07-01 10:13:42,1,0,1,2
2021-07-01 10:13:57,0,0,1,1
2021-07-01 10:14:24,2,0,2,4
2021-07-01 10:15:00,4,1,1,6
2021-07-01 10:15:22,0,0,1,1
2021-07-01 10:15:35,0,0,1,1
2021-07-01 10:15:41,3,0,1,4
2021-07-01 10:15:53,0,0,2,2
2021-07-01 10:15:58,0,0,0,0
2021-07-01 10:16:09,1,0,1,2
2021-07-01 10:16:29,1,0,1,2
2021-07-01 10:16:35,6,0,2,8
2021-07-01 10:16:43,9,0,5,14
2021-07-01 10:17:27,0,0,1,1
2021-07-01 10:17:37,1,1,0,2
2021-07-01 10:17:45,3,2,1,6
2021-07-01 10:19:16,20,2,10,32
2021-07-01 10:20:28,0,0,1,1
2021-07-01 10:20:36,555,26,158,739
2021-07-01 10:20:56,0,0,2,2
2021-07-01 10:20:59,3,0,2,5
2021-07-01 10:21:42,2,0,3,5
2021-07-01 10:21:46,87,2,18,107
2021-07-01 10:21:47,3,0,2,5
2021-07-01 10:21:53,1,0,1,2
2021-07-01 10:22:36,2,0,1,3
2021-07-01 10:22:41,1,0,1,2
2021-07-01 10:22:50,14,0,8,22
2021-07-01 10:22:52,1,0,2,3
2021-07-01 10:23:15,5,1,3,9
2021-07-01 10:23:16,0,0,1,1
2021-07-01 10:23:21,8,1,2,11
2021-07-01 10:23:27,401,6,39,446
2021-07-01 10:23:30,3,0,2,5
2021-07-01 10:23:50,0,0,0,0
2021-07-01 10:23:56,5,2,4,11
2021-07-01 10:24:21,16,0,2,18
2021-07-01 10:24:50,159,2,57,218
2021-07-01 10:25:09,1,0,1,2
2021-07-01 10:25:48,5,1,1,7
2021-07-01 10:26:28,3,1,1,5
2021-07-01 10:26:41,1,0,0,1
2021-07-01 10:27:07,4,0,0,4
2021-07-01 10:27:15,0,0,0,0
2021-07-01 10:27:24,4,0,3,7
2021-07-01 10:28:07,0,0,0,0
2021-07-01 10:28:08,0,0,0,0
2021-07-01 10:28:19,0,0,0,0
2021-07-01 10:28:56,0,0,0,0
2021-07-01 10:29:09,1,0,0,1
2021-07-01 10:29:11,1,0,0,1
2021-07-01 10:29:33,54,2,18,74
2021-07-01 10:29:49,4,0,2,6
2021-07-01 10:29:56,1,0,1,2
2021-07-01 10:30:02,2,0,2,4
2021-07-01 10:30:29,14,0,8,22
2021-07-01 10:30:30,11,0,7,18
2021-07-01 10:30:40,1,0,0,1
2021-07-01 10:30:49,22,1,13,36
2021-07-01 10:31:22,0,0,0,0
2021-07-01 10:32:15,37,2,13,52
2021-07-01 10:32:23,17,0,6,23
2021-07-01 10:32:25,0,0,0,0
2021-07-01 10:32:27,15,2,5,22
2021-07-01 10:32:51,3,1,3,7
2021-07-01 10:33:17,2,0,0,2
2021-07-01 10:33:22,7,0,1,8
2021-07-01 10:34:43,0,0,0,0
2021-07-01 10:34:57,2,1,1,4
2021-07-01 10:35:54,3,0,0,3
2021-07-01 10:35:58,8,1,1,10
2021-07-01 10:36:16,1,0,0,1
2021-07-01 10:36:28,2,0,0,2
2021-07-01 10:36:33,1,0,0,1
2021-07-01 10:36:35,0,0,0,0
2021-07-01 10:36:40,3,0,2,5
2021-07-01 10:37:23,1,0,0,1
2021-07-01 10:37:26,41,3,10,54
2021-07-01 10:37:39,22,0,3,25
2021-07-01 10:37:44,1,0,0,1
2021-07-01 10:38:04,0,0,0,0
2021-07-01 10:38:11,1,0,0,1
2021-07-01 10:38:26,1,0,0,1
2021-07-01 10:38:38,2,1,2,5
2021-07-01 10:38:39,1,0,0,1
2021-07-01 10:38:45,0,0,0,0
2021-07-01 10:38:59,6,1,2,9
2021-07-01 10:39:14,1,0,0,1
2021-07-01 10:39:19,0,1,0,1
2021-07-01 10:39:24,0,0,0,0
2021-07-01 10:39:30,1,0,0,1
2021-07-01 10:39:41,1,0,0,1
2021-07-01 10:39:46,13,0,5,18
2021-07-01 10:39:52,2,0,1,3
2021-07-01 10:40:01,1,0,0,1
2021-07-01 10:40:10,5,0,1,6
2021-07-01 10:40:22,6,0,3,9
2021-07-01 10:40:46,0,0,0,0
2021-07-01 10:40:57,7,0,2,9
2021-07-01 10:41:00,1,0,0,1
2021-07-01 10:41:25,1,0,0,1
2021-07-01 10:41:30,0,0,0,0
2021-07-01 10:41:35,1,0,0,1
2021-07-01 10:41:36,1,0,1,2
2021-07-01 10:41:40,2,1,3,6
2021-07-01 10:41:46,1,0,0,1
2021-07-01 10:41:50,0,0,0,0
2021-07-01 10:42:00,0,0,0,0
2021-07-01 10:42:20,1,0,0,1
2021-07-01 10:42:33,0,0,0,0
2021-07-01 10:42:38,0,1,0,1
2021-07-01 10:43:01,1,1,0,2
2021-07-01 10:43:17,2,1,0,3
2021-07-01 10:43:19,1,0,0,1
2021-07-01 10:43:58,2,0,0,2
2021-07-01 10:44:10,34,5,9,48
2021-07-01 10:44:23,1,0,0,1
2021-07-01 10:44:55,86,2,37,125
2021-07-01 10:45:14,1,0,0,1
2021-07-01 10:45:47,0,0,0,0
2021-07-01 10:45:59,1,0,0,1
2021-07-01 10:46:14,1,0,0,1
2021-07-01 10:46:26,1,1,0,2
2021-07-01 10:46:30,0,0,0,0
2021-07-01 10:46:59,1,1,1,3
2021-07-01 10:47:27,1,0,1,2
2021-07-01 10:47:57,1,0,0,1
2021-07-01 10:48:20,0,0,0,0
2021-07-01 10:48:22,1,0,0,1
2021-07-01 10:48:42,6,1,2,9
2021-07-01 10:48:44,1,0,0,1
2021-07-01 10:48:57,1,0,0,1
2021-07-01 10:48:58,1,0,0,1
2021-07-01 10:49:01,0,0,0,0
2021-07-01 10:49:20,1,0,0,1
2021-07-01 10:49:43,1,0,0,1
2021-07-01 10:50:06,1,0,0,1
2021-07-01 10:50:07,3,0,2,5
2021-07-01 10:50:56,0,0,0,0
2021-07-01 10:50:57,0,1,0,1
2021-07-01 10:51:03,1,0,0,1
2021-07-01 10:51:41,0,0,0,0
2021-07-01 10:52:08,0,0,0,0
2021-07-01 10:52:27,34,1,12,47
2021-07-01 10:53:29,7,0,4,11
2021-07-01 10:54:39,4,0,1,5
2021-07-01 10:54:47,0,0,0,0
2021-07-01 10:55:12,0,0,0,0
2021-07-01 10:55:39,0,0,0,0
2021-07-01 10:55:40,1,0,2,3
2021-07-01 10:56:19,0,0,0,0
2021-07-01 10:56:37,3,0,0,3
2021-07-01 10:56:53,0,0,0,0
2021-07-01 10:57:01,1,0,0,1
2021-07-01 10:57:03,0,1,0,1
2021-07-01 10:57:57,1,0,0,1
2021-07-01 10:58:16,76,13,35,124
2021-07-01 10:58:17,10,0,2,12
2021-07-01 10:58:18,1,1,1,3
2021-07-01 10:58:27,1,0,0,1
2021-07-01 10:58:44,0,0,0,0
2021-07-01 10:58:46,1,0,0,1
2021-07-01 10:59:14,2,0,0,2
2021-07-01 10:59:15,2,0,1,3
2021-07-01 10:59:39,0,0,0,0
2021-07-01 10:59:49,2,0,0,2
2021-07-01 10:59:51,1,0,0,1
2021-07-01 10:59:57,2,0,2,4
2021-07-01 11:00:05,0,0,0,0
2021-07-01 11:00:09,0,0,0,0
2021-07-01 11:00:15,0,0,0,0
2021-07-01 11:00:23,1,0,0,1
2021-07-01 11:00:47,12,1,5,18
2021-07-01 11:00:51,1,0,0,1
2021-07-01 11:00:59,0,0,0,0
2021-07-01 11:01:19,0,1,0,1
2021-07-01 11:01:20,1,0,1,2
2021-07-01 11:01:25,1,0,0,1
2021-07-01 11:01:50,1,0,0,1
2021-07-01 11:01:58,0,0,0,0
2021-07-01 11:03:02,1,0,1,2
2021-07-01 11:03:24,3,0,1,4
2021-07-01 11:04:34,14,0,9,23
2021-07-01 11:04:35,2,0,0,2
2021-07-01 11:05:13,3,0,0,3
2021-07-01 11:05:16,0,0,1,1
2021-07-01 11:05:23,1,0,0,1
2021-07-01 11:05:59,1,0,1,2
2021-07-01 11:06:01,0,0,0,0
2021-07-01 11:06:23,19,2,9,30
2021-07-01 11:06:41,1,0,0,1
2021-07-01 11:07:41,2,0,0,2
2021-07-01 11:07:49,2,0,0,2
2021-07-01 11:08:01,18,0,4,22
2021-07-01 11:08:18,28,1,13,42
2021-07-01 11:08:37,19,2,6,27
2021-07-01 11:08:51,2,0,0,2
2021-07-01 11:09:12,6,0,1,7
2021-07-01 11:09:25,0,0,0,0
2021-07-01 11:09:36,1,0,0,1
2021-07-01 11:09:39,27,0,12,39
2021-07-01 11:10:16,8,0,0,8
2021-07-01 11:10:40,2,0,0,2
2021-07-01 11:10:47,0,0,0,0
2021-07-01 11:11:20,0,0,0,0
2021-07-01 11:11:22,5,0,2,7
2021-07-01 11:11:31,6,0,0,6
2021-07-01 11:12:10,24,1,7,32
2021-07-01 11:12:15,2,0,2,4
2021-07-01 11:12:17,6,0,4,10
2021-07-01 11:12:33,4,0,1,5
2021-07-01 11:12:35,0,0,0,0
2021-07-01 11:12:44,0,0,0,0
2021-07-01 11:12:56,1,0,0,1
2021-07-01 11:13:03,0,0,0,0
2021-07-01 11:13:20,2,0,0,2
2021-07-01 11:13:32,0,0,0,0
2021-07-01 11:13:35,1,0,0,1
2021-07-01 11:13:36,1,0,0,1
2021-07-01 11:13:49,11,0,1,12
2021-07-01 11:13:58,1,0,0,1
2021-07-01 11:14:03,0,0,0,0
2021-07-01 11:14:06,0,0,1,1
2021-07-01 11:14:20,0,0,0,0
2021-07-01 11:14:22,1,0,0,1
2021-07-01 11:14:35,1,0,0,1
2021-07-01 11:14:42,0,0,0,0
2021-07-01 11:14:54,1,0,1,2
2021-07-01 11:15:00,164,12,41,217
2021-07-01 11:15:08,1,0,0,1
2021-07-01 11:15:25,166,4,20,190
2021-07-01 11:15:36,0,0,0,0
2021-07-01 11:15:42,1,0,0,1
2021-07-01 11:15:51,1,0,0,1
2021-07-01 11:15:54,0,0,0,0
2021-07-01 11:16:00,1,0,0,1
2021-07-01 11:16:17,0,0,0,0
2021-07-01 11:16:20,1,0,0,1
2021-07-01 11:16:25,7,0,3,10
2021-07-01 11:16:30,15,1,1,17
2021-07-01 11:16:33,20,1,9,30
2021-07-01 11:16:39,0,0,0,0
2021-07-01 11:16:45,1,0,0,1
2021-07-01 11:16:50,0,0,0,0
2021-07-01 11:17:06,10,0,3,13
2021-07-01 11:17:19,1,0,0,1
2021-07-01 11:17:41,53,2,24,79
2021-07-01 11:18:35,1,0,0,1
2021-07-01 11:19:05,10,0,5,15
2021-07-01 11:19:19,4,1,0,5
2021-07-01 11:20:21,0,0,0,0
2021-07-01 11:20:26,1,0,0,1
2021-07-01 11:20:36,0,0,0,0
2021-07-01 11:21:04,1,0,0,1
2021-07-01 11:21:51,1,0,0,1
2021-07-01 11:22:29,5,1,0,6
2021-07-01 11:22:32,1,0,0,1
2021-07-01 11:23:19,1,0,0,1
2021-07-01 11:23:58,0,0,0,0
2021-07-01 11:24:21,27,2,11,40
2021-07-01 11:25:26,16,0,8,24
2021-07-01 11:25:48,2,0,1,3
2021-07-01 11:25:56,1,0,0,1
2021-07-01 11:26:18,1,0,0,1
2021-07-01 11:26:23,0,0,0,0
2021-07-01 11:26:34,0,0,0,0
2021-07-01 11:26:48,40,0,17,57
2021-07-01 11:27:18,1,0,0,1
2021-07-01 11:27:25,3,0,1,4
2021-07-01 11:27:40,4,1,0,5
2021-07-01 11:27:49,1,0,0,1
2021-07-01 11:28:13,1,0,0,1
2021-07-01 11:28:31,0,0,0,0
2021-07-01 11:29:35,2,0,0,2
2021-07-01 11:29:38,4,0,0,4
2021-07-01 11:29:52,0,0,0,0
2021-07-01 11:30:35,17,1,9,27
2021-07-01 11:30:43,1,0,1,2
2021-07-01 11:30:47,0,0,0,0
2021-07-01 11:31:03,9,1,7,17
2021-07-01 11:32:09,1,0,0,1
2021-07-01 11:32:44,29,0,13,42
2021-07-01 11:32:49,0,0,0,0
2021-07-01 11:32:58,1,0,0,1
2021-07-01 11:33:08,10,0,2,12
2021-07-01 11:33:14,1,0,0,1
2021-07-01 11:33:42,13,0,6,19
2021-07-01 11:34:00,1,0,0,1
2021-07-01 11:34:20,1,0,0,1
2021-07-01 11:34:24,0,0,0,0
2021-07-01 11:34:53,0,0,0,0
2021-07-01 11:35:00,264,35,63,362
2021-07-01 11:35:05,14,1,3,18
2021-07-01 11:35:18,1,0,0,1
2021-07-01 11:35:20,18,0,8,26
2021-07-01 11:35:49,3,0,1,4
2021-07-01 11:36:25,1,0,0,1
2021-07-01 11:36:46,10,0,3,13
2021-07-01 11:36:57,1,0,0,1
2021-07-01 11:37:15,1,0,0,1
2021-07-01 11:37:20,3,0,1,4
2021-07-01 11:37:46,1,0,0,1
2021-07-01 11:37:52,1,0,0,1
2021-07-01 11:38:03,0,0,0,0
2021-07-01 11:38:23,1,0,0,1
2021-07-01 11:38:27,8,0,4,12
2021-07-01 11:38:30,2,0,0,2
2021-07-01 11:39:03,1,0,0,1
2021-07-01 11:39:12,0,0,0,0
2021-07-01 11:39:18,1,0,0,1
2021-07-01 11:39:39,1,0,0,1
2021-07-01 11:39:54,1,0,0,1
2021-07-01 11:40:20,1,0,0,1
2021-07-01 11:40:22,1,0,0,1
2021-07-01 11:40:37,1,1,0,2
2021-07-01 11:41:05,1,0,0,1
2021-07-01 11:41:19,1,0,0,1
2021-07-01 11:41:45,1,0,0,1
2021-07-01 11:42:07,1,0,0,1
2021-07-01 11:42:22,15,1,5,21
2021-07-01 11:42:50,6,0,3,9
2021-07-01 11:42:51,2,0,0,2
2021-07-01 11:43:07,1,0,0,1
2021-07-01 11:43:18,1,0,1,2
2021-07-01 11:43:21,1,0,0,1
2021-07-01 11:43:29,1,0,0,1
2021-07-01 11:43:51,6,1,5,12
2021-07-01 11:44:07,0,0,0,0
2021-07-01 11:44:13,2,0,0,2
2021-07-01 11:44:17,13,1,2,16
2021-07-01 11:44:34,2,0,0,2
2021-07-01 11:44:58,3,0,2,5
2021-07-01 11:45:01,1,0,0,1
2021-07-01 11:45:07,7,1,1,9
2021-07-01 11:45:12,1,0,0,1
2021-07-01 11:45:18,3,0,0,3
2021-07-01 11:45:41,4,1,0,5
2021-07-01 11:46:05,1,0,0,1
2021-07-01 11:46:23,1,0,0,1
2021-07-01 11:46:25,33,2,11,46
2021-07-01 11:46:56,1,0,0,1
2021-07-01 11:47:12,6,0,2,8
2021-07-01 11:47:45,1,0,0,1
2021-07-01 11:47:46,0,0,0,0
2021-07-01 11:47:59,2,0,0,2
2021-07-01 11:48:01,0,0,0,0
2021-07-01 11:48:04,1,0,0,1
2021-07-01 11:48:05,5,1,3,9
2021-07-01 11:48:35,1,0,0,1
2021-07-01 11:49:03,1,0,0,1
2021-07-01 11:49:17,12,2,1,15
2021-07-01 11:49:24,1,0,0,1
2021-07-01 11:49:27,0,0,0,0
2021-07-01 11:49:56,1,0,0,1
2021-07-01 11:50:37,3,0,0,3
2021-07-01 11:50:38,1,0,0,1
2021-07-01 11:51:09,1,0,0,1
2021-07-01 11:51:10,2,1,0,3
2021-07-01 11:51:34,1,0,0,1
2021-07-01 11:51:40,0,0,0,0
2021-07-01 11:51:45,5,0,0,5
2021-07-01 11:52:22,1,0,0,1
2021-07-01 11:52:27,0,0,0,0
2021-07-01 11:52:40,2,0,0,2
2021-07-01 11:52:57,7,0,1,8
2021-07-01 11:52:58,2,1,0,3
2021-07-01 11:53:16,1,0,0,1
2021-07-01 11:53:41,2,0,0,2
2021-07-01 11:54:17,20,0,12,32
2021-07-01 11:55:24,0,0,0,0
2021-07-01 11:55:50,5,1,3,9
2021-07-01 11:55:51,1,0,0,1
2021-07-01 11:56:12,321,7,85,413
2021-07-01 11:57:06,2,0,0,2
2021-07-01 11:57:11,3,0,0,3
2021-07-01 11:57:12,1,0,0,1
2021-07-01 11:57:59,2,0,0,2
2021-07-01 11:58:44,0,0,0,0
2021-07-01 11:58:55,6,0,2,8
2021-07-01 11:59:21,0,0,0,0
2021-07-01 11:59:22,1,0,0,1
2021-07-01 11:59:49,1,0,2,3
2021-07-01 11:59:52,0,0,0,0
2021-07-01 11:59:56,40,3,16,59
2021-07-01 11:59:59,0,0,0,0
2021-07-01 12:00:25,0,0,0,0
2021-07-01 12:00:45,64,12,29,105
2021-07-01 12:01:07,244,10,92,346
2021-07-01 12:01:31,2,0,1,3
2021-07-01 12:01:40,10,1,1,12
2021-07-01 12:02:07,0,0,0,0
2021-07-01 12:02:46,75,4,35,114
2021-07-01 12:02:54,18,4,5,27
2021-07-01 12:03:03,5,0,2,7
2021-07-01 12:03:45,0,0,0,0
2021-07-01 12:04:28,1,0,0,1
2021-07-01 12:04:35,22,2,9,33
2021-07-01 12:04:50,15,1,3,19
2021-07-01 12:04:59,12,4,1,17
2021-07-01 12:05:02,0,0,0,0
2021-07-01 12:05:27,0,0,0,0
2021-07-01 12:05:48,10,1,6,17
2021-07-01 12:06:03,2,0,1,3
2021-07-01 12:06:16,34,0,17,51
2021-07-01 12:06:42,21,2,7,30
2021-07-01 12:07:13,0,0,0,0
2021-07-01 12:07:25,52,2,24,78
2021-07-01 12:07:32,0,0,0,0
2021-07-01 12:07:51,0,0,0,0
2021-07-01 12:08:10,0,0,0,0
2021-07-01 12:09:02,0,0,0,0
2021-07-01 12:09:36,4,0,0,4
2021-07-01 12:10:24,0,0,0,0
2021-07-01 12:11:02,1,0,0,1
2021-07-01 12:11:13,20,0,9,29
2021-07-01 12:11:23,7,0,0,7
2021-07-01 12:11:41,18,0,12,30
2021-07-01 12:11:53,0,0,0,0
2021-07-01 12:13:04,0,0,0,0
2021-07-01 12:13:06,9,0,4,13
2021-07-01 12:13:47,2,0,0,2
2021-07-01 12:14:55,0,0,0,0
2021-07-01 12:15:07,0,0,0,0
2021-07-01 12:15:11,0,0,0,0
2021-07-01 12:15:18,0,0,0,0
2021-07-01 12:15:28,0,0,0,0
2021-07-01 12:15:29,0,0,0,0
2021-07-01 12:15:32,0,0,0,0
2021-07-01 12:15:45,1,1,0,2
2021-07-01 12:15:51,0,0,0,0
2021-07-01 12:16:02,0,0,0,0
2021-07-01 12:16:03,3,0,1,4
2021-07-01 12:16:09,31,0,12,43
2021-07-01 12:16:19,2,0,0,2
2021-07-01 12:16:27,0,0,0,0
2021-07-01 12:16:53,0,0,0,0
2021-07-01 12:17:40,6,0,4,10
2021-07-01 12:18:08,11,1,1,13
2021-07-01 12:18:28,1,0,0,1
2021-07-01 12:18:42,4,2,0,6
2021-07-01 12:18:43,6,1,5,12
2021-07-01 12:18:46,0,0,0,0
2021-07-01 12:18:54,21,1,8,30
2021-07-01 12:19:02,0,0,0,0
2021-07-01 12:19:54,0,0,0,0
2021-07-01 12:20:26,0,0,0,0
2021-07-01 12:22:02,0,0,0,0
2021-07-01 12:22:37,31,1,6,38
2021-07-01 12:23:59,17,0,10,27
2021-07-01 12:25:04,8,0,6,14
2021-07-01 12:25:35,0,0,0,0
2021-07-01 12:26:57,4,0,2,6
2021-07-01 12:27:06,4,0,6,10
2021-07-01 12:27:41,0,0,0,0
2021-07-01 12:27:45,11,0,2,13
2021-07-01 12:27:48,2,0,0,2
2021-07-01 12:28:04,1,0,2,3
2021-07-01 12:28:26,2,0,1,3
2021-07-01 12:28:34,0,0,0,0
2021-07-01 12:28:36,0,0,0,0
2021-07-01 12:28:44,0,0,0,0
2021-07-01 12:28:47,3,0,3,6
2021-07-01 12:28:57,0,0,0,0
2021-07-01 12:29:00,1,0,1,2
2021-07-01 12:29:15,0,0,0,0
2021-07-01 12:29:29,0,0,0,0
2021-07-01 12:30:13,0,0,0,0
2021-07-01 12:30:28,0,0,0,0
2021-07-01 12:30:59,0,0,0,0
2021-07-01 12:31:12,1,0,0,1
2021-07-01 12:31:52,0,0,0,0
2021-07-01 12:32:50,2,0,0,2
2021-07-01 12:33:10,0,0,0,0
2021-07-01 12:33:42,20,0,8,28
2021-07-01 12:34:22,0,0,0,0
2021-07-01 12:34:33,0,0,0,0
2021-07-01 12:34:51,0,0,0,0
2021-07-01 12:35:08,0,0,0,0
2021-07-01 12:35:23,0,0,0,0
2021-07-01 12:35:34,0,0,0,0
2021-07-01 12:35:58,1,0,0,1
2021-07-01 12:36:05,1,0,0,1
2021-07-01 12:36:27,0,0,0,0
2021-07-01 12:37:19,4,0,1,5
2021-07-01 12:37:26,0,0,0,0
2021-07-01 12:38:04,0,0,0,0
2021-07-01 12:39:39,2,0,0,2
2021-07-01 12:39:42,0,0,0,0
2021-07-01 12:39:54,3,0,0,3
2021-07-01 12:40:28,0,0,0,0
2021-07-01 12:40:30,0,0,0,0
2021-07-01 12:41:03,0,0,0,0
2021-07-01 12:41:18,0,0,0,0
2021-07-01 12:41:45,9,1,0,10
2021-07-01 12:42:01,5,0,3,8
2021-07-01 12:42:50,2,0,1,3
2021-07-01 12:43:09,0,0,0,0
2021-07-01 12:43:35,1,0,0,1
2021-07-01 12:44:20,0,0,0,0
2021-07-01 12:44:42,0,0,0,0
2021-07-01 12:47:43,32,0,9,41
2021-07-01 12:48:29,1,0,0,1
2021-07-01 12:49:23,2,0,0,2
2021-07-01 12:49:26,14,3,9,26
2021-07-01 12:49:53,2,0,0,2
2021-07-01 12:50:11,4,0,1,5
2021-07-01 12:50:20,0,0,0,0
2021-07-01 12:51:13,2,0,0,2
2021-07-01 12:51:14,3,1,0,4
2021-07-01 12:52:07,0,0,0,0
2021-07-01 12:52:31,0,0,0,0
2021-07-01 12:53:31,0,0,0,0
2021-07-01 12:53:43,6,1,1,8
2021-07-01 12:53:52,0,0,0,0
2021-07-01 12:54:27,11,1,6,18
2021-07-01 12:55:08,7,0,3,10
2021-07-01 12:55:51,0,0,0,0
2021-07-01 12:56:01,3,0,2,5
2021-07-01 12:56:06,0,0,0,0
2021-07-01 12:56:49,0,0,2,2
2021-07-01 12:57:24,71,0,20,91
2021-07-01 12:57:26,8,1,2,11
2021-07-01 12:57:27,0,0,0,0
2021-07-01 12:57:59,3,0,0,3
2021-07-01 12:58:15,0,0,0,0
2021-07-01 12:58:58,1,0,0,1
2021-07-01 12:58:59,0,0,0,0
2021-07-01 12:59:06,1,0,0,1
2021-07-01 12:59:24,1,0,0,1
2021-07-01 12:59:26,0,0,0,0
2021-07-01 13:00:09,1,0,0,1
2021-07-01 13:00:13,0,0,0,0
2021-07-01 13:00:30,1,0,0,1
2021-07-01 13:00:33,1,0,1,2
2021-07-01 13:00:59,0,0,0,0
2021-07-01 13:01:13,4,0,0,4
2021-07-01 13:02:12,19,1,8,28
2021-07-01 13:02:43,0,0,0,0
2021-07-01 13:02:47,6,1,0,7
2021-07-01 13:03:20,38,1,12,51
2021-07-01 13:04:12,2,0,0,2
2021-07-01 13:04:43,0,0,0,0
2021-07-01 13:05:01,6,0,2,8
2021-07-01 13:05:02,2,0,2,4
2021-07-01 13:05:26,2,0,0,2
2021-07-01 13:05:48,0,0,0,0
2021-07-01 13:06:28,0,0,0,0
2021-07-01 13:06:44,0,0,0,0
2021-07-01 13:07:19,0,0,0,0
2021-07-01 13:07:27,13,1,1,15
2021-07-01 13:08:06,0,1,0,1
2021-07-01 13:08:30,0,1,0,1
2021-07-01 13:08:41,0,0,0,0
2021-07-01 13:10:23,0,0,0,0
2021-07-01 13:11:20,0,0,0,0
2021-07-01 13:12:26,5,0,3,8
2021-07-01 13:12:42,0,0,0,0
2021-07-01 13:14:04,8,0,0,8
2021-07-01 13:14:34,1,0,0,1
2021-07-01 13:15:28,9,1,2,12
2021-07-01 13:15:39,0,0,0,0
2021-07-01 13:16:10,0,0,0,0
2021-07-01 13:17:07,0,0,0,0
2021-07-01 13:17:32,0,0,0,0
2021-07-01 13:17:35,0,0,1,1
2021-07-01 13:18:32,0,0,0,0
2021-07-01 13:19:02,2,0,0,2
2021-07-01 13:19:04,4,0,0,4
2021-07-01 13:19:28,10,1,1,12
2021-07-01 13:20:14,8,1,3,12
2021-07-01 13:20:53,4,1,1,6
2021-07-01 13:22:12,0,0,0,0
2021-07-01 13:22:15,4,0,0,4
2021-07-01 13:22:31,0,0,0,0
2021-07-01 13:22:32,1,0,1,2
2021-07-01 13:23:02,1,0,0,1
2021-07-01 13:23:16,0,0,0,0
2021-07-01 13:23:57,1,0,0,1
2021-07-01 13:24:06,5,0,1,6
2021-07-01 13:24:40,0,0,0,0
2021-07-01 13:25:02,8,0,1,9
2021-07-01 13:25:27,4,0,0,4
2021-07-01 13:26:10,3,0,1,4
2021-07-01 13:27:48,783,17,200,1000
2021-07-01 13:28:01,1,0,0,1
2021-07-01 13:28:09,578,12,159,749
2021-07-01 13:28:41,2,2,0,4
2021-07-01 13:30:12,0,0,0,0
2021-07-01 13:30:25,0,0,0,0
2021-07-01 13:30:37,2,1,1,4
2021-07-01 13:31:00,18,2,12,32
2021-07-01 13:31:02,0,0,0,0
2021-07-01 13:31:11,0,0,0,0
2021-07-01 13:32:14,1,0,0,1
2021-07-01 13:32:52,1,0,0,1
2021-07-01 13:32:56,0,0,0,0
2021-07-01 13:34:18,4,0,1,5
2021-07-01 13:35:36,0,0,0,0
2021-07-01 13:35:44,0,0,0,0
2021-07-01 13:35:48,0,0,0,0
2021-07-01 13:35:51,0,0,0,0
2021-07-01 13:36:06,35,3,9,47
2021-07-01 13:36:14,0,0,0,0
2021-07-01 13:36:29,4,0,1,5
2021-07-01 13:36:33,2,0,0,2
2021-07-01 13:37:45,0,0,0,0
2021-07-01 13:38:53,7,0,4,11
2021-07-01 13:38:59,1,0,0,1
2021-07-01 13:39:11,68,9,17,94
2021-07-01 13:39:51,0,0,1,1
2021-07-01 13:39:58,16,0,4,20
2021-07-01 13:42:15,0,0,0,0
2021-07-01 13:43:24,3,0,1,4
2021-07-01 13:43:49,0,0,0,0
2021-07-01 13:43:56,0,0,0,0
2021-07-01 13:45:09,71,2,34,107
2021-07-01 13:45:26,1,0,0,1
2021-07-01 13:45:48,1,0,0,1
2021-07-01 13:46:11,0,0,0,0
2021-07-01 13:46:36,0,0,0,0
2021-07-01 13:47:15,6,0,1,7
2021-07-01 13:47:55,21,0,9,30
2021-07-01 13:48:06,2,0,0,2
2021-07-01 13:48:25,0,0,0,0
2021-07-01 13:50:56,0,0,0,0
2021-07-01 13:51:01,0,0,0,0
2021-07-01 13:51:02,0,0,0,0
2021-07-01 13:51:11,0,0,0,0
2021-07-01 13:51:55,34,1,7,42
2021-07-01 13:52:23,25,0,13,38
2021-07-01 13:52:47,0,0,0,0
2021-07-01 13:53:36,7,0,2,9
2021-07-01 13:53:48,0,0,0,0
2021-07-01 13:54:27,0,0,0,0
2021-07-01 13:54:41,0,0,0,0
2021-07-01 13:55:24,14,0,8,22
2021-07-01 13:55:45,2,0,2,4
2021-07-01 13:56:39,0,0,0,0
2021-07-01 13:57:20,0,0,0,0
2021-07-01 13:58:22,0,0,0,0
2021-07-01 13:58:36,2,1,0,3
2021-07-01 13:59:59,0,0,0,0
2021-07-01 14:00:02,214,22,55,291
2021-07-01 14:00:04,1,0,0,1
2021-07-01 14:00:20,5,0,5,10
2021-07-01 14:00:39,11,1,2,14
2021-07-01 14:00:43,1,0,0,1
2021-07-01 14:00:53,2,0,0,2
2021-07-01 14:02:19,4,1,1,6
2021-07-01 14:04:34,1,0,0,1
2021-07-01 14:05:43,0,0,0,0
2021-07-01 14:05:52,1,0,0,1
2021-07-01 14:06:30,0,0,0,0
2021-07-01 14:09:17,1,0,0,1
2021-07-01 14:10:04,4,1,2,7
2021-07-01 14:10:23,0,0,0,0
2021-07-01 14:10:42,0,0,0,0
2021-07-01 14:10:44,0,0,0,0
2021-07-01 14:11:02,1,0,1,2
2021-07-01 14:11:26,0,0,0,0
2021-07-01 14:11:42,24,2,5,31
2021-07-01 14:12:04,4,0,0,4
2021-07-01 14:12:33,25,0,8,33
2021-07-01 14:12:43,3,0,0,3
2021-07-01 14:12:50,35,1,16,52
2021-07-01 14:13:19,50,2,17,69
2021-07-01 14:13:40,2,0,0,2
2021-07-01 14:13:44,17,1,11,29
2021-07-01 14:14:43,1,0,0,1
2021-07-01 14:14:46,28,6,6,40
2021-07-01 14:14:53,0,0,0,0
2021-07-01 14:15:11,0,0,0,0
2021-07-01 14:15:12,1,0,0,1
2021-07-01 14:15:54,0,0,0,0
2021-07-01 14:16:16,0,0,0,0
2021-07-01 14:16:26,0,0,0,0
2021-07-01 14:16:50,0,0,0,0
2021-07-01 14:17:00,6,0,2,8
2021-07-01 14:18:26,0,0,0,0
2021-07-01 14:18:30,0,0,0,0
2021-07-01 14:18:53,1,0,0,1
2021-07-01 14:19:11,1,0,0,1
2021-07-01 14:20:36,5,0,0,5
2021-07-01 14:20:49,2,0,0,2
2021-07-01 14:21:18,4,0,2,6
2021-07-01 14:21:55,0,0,0,0
2021-07-01 14:21:59,0,0,0,0
2021-07-01 14:22:37,2,3,1,6
2021-07-01 14:22:58,0,2,0,2
2021-07-01 14:23:12,2,0,0,2
2021-07-01 14:23:14,1,0,0,1
2021-07-01 14:23:16,0,0,0,0
2021-07-01 14:23:20,0,0,0,0
2021-07-01 14:23:38,2,0,0,2
2021-07-01 14:23:45,3,0,0,3
2021-07-01 14:23:49,14,2,7,23
2021-07-01 14:24:02,7,6,0,13
2021-07-01 14:24:27,1,0,0,1
2021-07-01 14:24:54,8,1,1,10
2021-07-01 14:25:35,0,0,0,0
2021-07-01 14:26:07,1,0,0,1
2021-07-01 14:26:15,5,0,3,8
2021-07-01 14:26:22,58,7,4,69
2021-07-01 14:26:29,1,0,0,1
2021-07-01 14:26:50,2,0,1,3
2021-07-01 14:26:52,3,1,0,4
2021-07-01 14:27:16,0,0,0,0
2021-07-01 14:27:54,0,0,0,0
2021-07-01 14:27:59,0,0,0,0
2021-07-01 14:28:17,2,0,0,2
2021-07-01 14:28:28,0,0,0,0
2021-07-01 14:28:36,0,0,0,0
2021-07-01 14:29:07,0,0,0,0
2021-07-01 14:29:30,1,0,0,1
2021-07-01 14:29:34,10,3,6,19
2021-07-01 14:29:46,6,0,2,8
2021-07-01 14:30:03,14,0,8,22
2021-07-01 14:30:07,1,0,1,2
2021-07-01 14:30:44,0,0,0,0
2021-07-01 14:30:56,0,0,0,0
2021-07-01 14:30:57,1,0,0,1
2021-07-01 14:31:01,1,0,0,1
2021-07-01 14:31:42,3,0,0,3
2021-07-01 14:32:05,0,0,0,0
2021-07-01 14:32:10,3,0,1,4
2021-07-01 14:32:20,1,0,0,1
2021-07-01 14:32:22,8,0,0,8
2021-07-01 14:32:27,129,3,33,165
2021-07-01 14:32:28,0,0,0,0
2021-07-01 14:32:38,0,0,0,0
2021-07-01 14:32:49,0,0,0,0
2021-07-01 14:33:31,0,0,1,1
2021-07-01 14:33:39,0,0,0,0
2021-07-01 14:33:43,0,0,0,0
2021-07-01 14:34:05,0,0,0,0
2021-07-01 14:34:23,0,0,0,0
2021-07-01 14:34:44,0,0,0,0
2021-07-01 14:35:16,1,0,0,1
2021-07-01 14:35:19,3,0,0,3
2021-07-01 14:35:25,0,0,0,0
2021-07-01 14:35:43,17,0,2,19
2021-07-01 14:35:46,0,0,0,0
2021-07-01 14:35:52,19,0,5,24
2021-07-01 14:36:03,4,0,0,4
2021-07-01 14:36:15,1,0,1,2
2021-07-01 14:36:16,22,0,11,33
2021-07-01 14:36:34,0,0,0,0
2021-07-01 14:37:37,0,0,0,0
2021-07-01 14:37:47,2,0,1,3
2021-07-01 14:38:10,5,0,2,7
2021-07-01 14:38:11,13,0,10,23
2021-07-01 14:38:15,1,0,0,1
2021-07-01 14:38:16,0,0,0,0
2021-07-01 14:38:18,0,0,0,0
2021-07-01 14:38:20,15,2,10,27
2021-07-01 14:38:40,2,0,0,2
2021-07-01 14:38:57,1,0,2,3
2021-07-01 14:39:17,7,0,6,13
2021-07-01 14:39:25,2,0,0,2
2021-07-01 14:39:34,1,0,1,2
2021-07-01 14:39:38,22,6,1,29
2021-07-01 14:39:41,2,1,0,3
2021-07-01 14:39:45,0,0,0,0
2021-07-01 14:39:47,0,0,0,0
2021-07-01 14:39:54,1,0,0,1
2021-07-01 14:40:41,1,0,1,2
2021-07-01 14:40:53,0,0,0,0
2021-07-01 14:41:08,0,0,0,0
2021-07-01 14:41:11,0,0,0,0
2021-07-01 14:41:13,0,0,0,0
2021-07-01 14:41:28,0,0,0,0
2021-07-01 14:41:32,0,0,0,0
2021-07-01 14:42:37,0,0,0,0
2021-07-01 14:42:44,2,0,0,2
2021-07-01 14:42:59,1,0,1,2
2021-07-01 14:43:36,1,0,0,1
2021-07-01 14:43:39,0,0,0,0
2021-07-01 14:44:03,0,0,0,0
2021-07-01 14:44:47,7,0,4,11
2021-07-01 14:44:56,0,0,1,1
2021-07-01 14:45:13,154,4,21,179
2021-07-01 14:45:58,10,0,1,11
2021-07-01 14:46:42,1,0,0,1
2021-07-01 14:48:40,0,0,0,0
2021-07-01 14:48:55,0,0,0,0
2021-07-01 14:48:57,0,0,0,0
2021-07-01 14:49:32,1,0,1,2
2021-07-01 14:49:57,0,0,0,0
2021-07-01 14:50:04,3,0,2,5
2021-07-01 14:50:05,3,0,1,4
2021-07-01 14:50:42,0,0,0,0
2021-07-01 14:51:06,2,0,1,3
2021-07-01 14:51:36,1,0,0,1
2021-07-01 14:51:38,0,0,0,0
2021-07-01 14:51:54,4,0,1,5
2021-07-01 14:52:16,0,0,0,0
2021-07-01 14:52:31,2,0,2,4
2021-07-01 14:52:36,7,0,4,11
2021-07-01 14:53:04,0,0,0,0
2021-07-01 14:53:23,3,0,0,3
2021-07-01 14:53:34,0,0,0,0
2021-07-01 14:54:23,0,0,0,0
2021-07-01 14:54:29,191,3,21,215
2021-07-01 14:54:45,1,1,0,2
2021-07-01 14:54:54,1,0,0,1
2021-07-01 14:55:09,4,0,0,4
2021-07-01 14:55:58,18,1,8,27
2021-07-01 14:56:04,0,0,0,0
2021-07-01 14:56:17,0,0,0,0
2021-07-01 14:56:23,1,1,0,2
2021-07-01 14:57:00,12,0,6,18
2021-07-01 14:57:08,0,0,0,0
2021-07-01 14:58:02,2,0,0,2
2021-07-01 14:58:04,0,0,0,0
2021-07-01 14:58:26,7,0,0,7
2021-07-01 14:58:32,3,1,4,8
2021-07-01 14:58:40,0,0,0,0
2021-07-01 14:58:49,0,0,0,0
2021-07-01 14:59:07,28,0,6,34
2021-07-01 15:00:58,0,0,0,0
2021-07-01 15:01:25,0,0,0,0
2021-07-01 15:02:16,0,0,0,0
2021-07-01 15:02:40,1,0,0,1
2021-07-01 15:03:30,0,0,0,0
2021-07-01 15:03:45,0,0,0,0
2021-07-01 15:04:30,0,0,0,0
2021-07-01 15:05:27,1,0,0,1
2021-07-01 15:05:28,10,0,10,20
2021-07-01 15:05:46,0,0,0,0
2021-07-01 15:06:17,0,0,0,0
2021-07-01 15:06:44,0,0,0,0
2021-07-01 15:07:18,0,0,0,0
2021-07-01 15:07:20,0,0,0,0
2021-07-01 15:07:28,3,0,0,3
2021-07-01 15:07:41,0,0,0,0
2021-07-01 15:08:05,22,2,6,30
2021-07-01 15:08:16,1,0,0,1
2021-07-01 15:08:58,0,0,0,0
2021-07-01 15:09:32,1,0,0,1
2021-07-01 15:09:34,0,0,0,0
2021-07-01 15:10:09,0,0,0,0
2021-07-01 15:10:47,1,0,0,1
2021-07-01 15:11:24,1,0,0,1
2021-07-01 15:11:59,1,0,1,2
2021-07-01 15:12:19,1,1,0,2
2021-07-01 15:12:27,27,0,12,39
2021-07-01 15:12:29,0,0,0,0
2021-07-01 15:12:36,0,0,0,0
2021-07-01 15:12:39,1,0,1,2
2021-07-01 15:12:51,1,0,0,1
2021-07-01 15:13:07,0,0,0,0
2021-07-01 15:13:12,70,0,25,95
2021-07-01 15:13:36,2,0,1,3
2021-07-01 15:13:40,1,0,0,1
2021-07-01 15:13:43,13,0,8,21
2021-07-01 15:14:20,0,0,0,0
2021-07-01 15:14:27,1,0,1,2
2021-07-01 15:15:14,0,0,0,0
2021-07-01 15:15:37,2,0,1,3
2021-07-01 15:15:59,1,0,0,1
2021-07-01 15:16:13,0,0,0,0
2021-07-01 15:16:35,1,0,0,1
2021-07-01 15:16:38,1,0,1,2
2021-07-01 15:17:05,1,0,0,1
2021-07-01 15:17:28,1,0,1,2
2021-07-01 15:17:41,0,0,0,0
2021-07-01 15:18:12,1,0,0,1
2021-07-01 15:18:32,1,0,0,1
2021-07-01 15:18:35,3,0,2,5
2021-07-01 15:18:52,0,0,0,0
2021-07-01 15:18:58,0,0,0,0
2021-07-01 15:19:35,0,0,0,0
2021-07-01 15:19:36,34,1,19,54
2021-07-01 15:19:50,1,0,1,2
2021-07-01 15:20:21,0,0,1,1
2021-07-01 15:20:59,1,0,0,1
2021-07-01 15:21:12,6,0,3,9
2021-07-01 15:21:37,26,0,8,34
2021-07-01 15:21:53,2,0,0,2
2021-07-01 15:21:59,0,0,0,0
2021-07-01 15:22:02,2,0,0,2
2021-07-01 15:22:05,19,1,2,22
2021-07-01 15:23:05,1,0,0,1
2021-07-01 15:23:11,1,1,0,2
2021-07-01 15:24:59,0,0,0,0
2021-07-01 15:25:34,0,0,0,0
2021-07-01 15:26:08,0,0,0,0
2021-07-01 15:26:10,2,0,0,2
2021-07-01 15:26:44,0,0,0,0
2021-07-01 15:26:47,7,1,3,11
2021-07-01 15:27:12,2,1,0,3
2021-07-01 15:27:23,0,0,0,0
2021-07-01 15:27:29,0,0,0,0
2021-07-01 15:27:57,2,0,1,3
2021-07-01 15:28:06,0,0,0,0
2021-07-01 15:28:38,12,0,6,18
2021-07-01 15:28:42,1,0,0,1
2021-07-01 15:29:07,3,0,2,5
2021-07-01 15:29:53,1,0,0,1
2021-07-01 15:30:54,0,0,0,0
2021-07-01 15:31:18,9,4,5,18
2021-07-01 15:31:51,0,0,0,0
2021-07-01 15:31:57,2,0,0,2
2021-07-01 15:32:18,15,2,5,22
2021-07-01 15:32:21,1,0,0,1
2021-07-01 15:32:38,1,0,0,1
2021-07-01 15:33:30,2,1,4,7
2021-07-01 15:33:33,0,0,0,0
2021-07-01 15:33:48,3,0,0,3
2021-07-01 15:33:54,5,0,0,5
2021-07-01 15:34:17,8,4,4,16
2021-07-01 15:34:40,0,0,0,0
2021-07-01 15:35:00,2,0,0,2
2021-07-01 15:35:17,2,0,0,2
2021-07-01 15:35:42,0,0,0,0
2021-07-01 15:35:53,136,7,30,173
2021-07-01 15:36:12,1,1,0,2
2021-07-01 15:36:26,17,1,8,26
2021-07-01 15:37:16,0,0,0,0
2021-07-01 15:38:09,1,0,0,1
2021-07-01 15:38:15,0,0,0,0
2021-07-01 15:38:16,0,0,0,0
2021-07-01 15:38:26,0,0,0,0
2021-07-01 15:38:30,0,0,0,0
2021-07-01 15:38:50,0,0,0,0
2021-07-01 15:39:06,0,0,0,0
2021-07-01 15:39:15,19,1,7,27
2021-07-01 15:39:22,0,0,0,0
2021-07-01 15:40:11,0,0,0,0
2021-07-01 15:41:08,2,0,0,2
2021-07-01 15:42:53,0,0,0,0
2021-07-01 15:43:20,1,0,1,2
2021-07-01 15:44:51,5,1,1,7
2021-07-01 15:45:09,3,0,0,3
2021-07-01 15:45:16,0,0,0,0
2021-07-01 15:45:47,1,0,0,1
2021-07-01 15:46:50,2,0,0,2
2021-07-01 15:47:10,0,0,0,0
2021-07-01 15:48:00,3,0,0,3
2021-07-01 15:48:26,1,0,0,1
2021-07-01 15:48:48,5,0,0,5
2021-07-01 15:49:06,2,2,0,4
2021-07-01 15:49:19,14,0,3,17
2021-07-01 15:49:34,0,0,0,0
2021-07-01 15:49:41,0,0,0,0
2021-07-01 15:50:01,0,0,0,0
2021-07-01 15:50:35,0,1,0,1
2021-07-01 15:50:50,0,0,0,0
2021-07-01 15:51:04,0,0,0,0
2021-07-01 15:53:04,4,0,0,4
2021-07-01 15:53:30,2,0,0,2
2021-07-01 15:54:15,0,0,0,0
2021-07-01 15:54:29,1,0,0,1
2021-07-01 15:54:56,0,0,0,0
2021-07-01 15:55:10,0,0,0,0
2021-07-01 15:55:44,8,0,1,9
2021-07-01 15:55:49,18,0,13,31
2021-07-01 15:56:02,5,0,0,5
2021-07-01 15:56:31,1,0,0,1
2021-07-01 15:57:06,2,0,0,2
2021-07-01 15:57:11,0,0,0,0
2021-07-01 15:57:27,40,2,5,47
2021-07-01 15:58:07,0,0,0,0
2021-07-01 15:58:49,0,0,0,0
2021-07-01 15:59:57,0,0,0,0
2021-07-01 16:00:00,4,0,0,4
2021-07-01 16:00:01,65,2,20,87
2021-07-01 16:01:54,1,0,0,1
2021-07-01 16:02:18,1,0,0,1
2021-07-01 16:02:38,9,1,5,15
2021-07-01 16:02:44,13,0,5,18
2021-07-01 16:02:53,0,0,0,0
2021-07-01 16:03:02,1,0,0,1
2021-07-01 16:03:39,2,0,0,2
2021-07-01 16:03:44,0,0,0,0
2021-07-01 16:03:58,4,0,2,6
2021-07-01 16:04:01,0,0,0,0
2021-07-01 16:04:11,1180,25,92,1297
2021-07-01 16:04:21,1,0,0,1
2021-07-01 16:04:32,52,2,16,70
2021-07-01 16:04:37,0,0,0,0
2021-07-01 16:04:48,1,0,0,1
2021-07-01 16:05:14,2,0,0,2
2021-07-01 16:05:43,1,0,0,1
2021-07-01 16:05:51,0,0,0,0
2021-07-01 16:05:53,1,0,0,1
2021-07-01 16:06:52,3,0,1,4
2021-07-01 16:07:06,0,0,0,0
2021-07-01 16:07:13,4,0,1,5
2021-07-01 16:07:16,1,0,0,1
2021-07-01 16:08:41,1,0,0,1
2021-07-01 16:09:35,0,0,0,0
2021-07-01 16:09:58,0,0,0,0
2021-07-01 16:10:24,5,0,1,6
2021-07-01 16:10:38,2,0,1,3
2021-07-01 16:10:40,2,0,1,3
2021-07-01 16:10:45,2,1,2,5
2021-07-01 16:10:58,2,0,2,4
2021-07-01 16:11:13,1,0,0,1
2021-07-01 16:11:16,2,0,0,2
2021-07-01 16:11:36,19,2,8,29
2021-07-01 16:11:49,0,0,0,0
2021-07-01 16:12:11,2,1,1,4
2021-07-01 16:12:17,10,0,4,14
2021-07-01 16:12:23,4,1,3,8
2021-07-01 16:12:30,1,0,0,1
2021-07-01 16:13:46,6,0,2,8
2021-07-01 16:13:55,2,0,0,2
2021-07-01 16:14:10,1,0,0,1
2021-07-01 16:14:27,1,0,0,1
2021-07-01 16:14:32,4,0,1,5
2021-07-01 16:14:36,1,0,0,1
2021-07-01 16:14:50,1,0,0,1
2021-07-01 16:14:55,10,0,1,11
2021-07-01 16:15:08,0,0,0,0
2021-07-01 16:15:13,1,0,0,1
2021-07-01 16:15:31,1,0,0,1
2021-07-01 16:15:38,0,0,0,0
2021-07-01 16:15:45,1,0,0,1
2021-07-01 16:16:05,0,0,0,0
2021-07-01 16:16:08,1,0,0,1
2021-07-01 16:18:04,0,0,0,0
2021-07-01 16:18:09,15,0,2,17
2021-07-01 16:19:04,0,0,0,0
2021-07-01 16:20:19,0,1,1,2
2021-07-01 16:21:27,0,0,0,0
2021-07-01 16:23:09,2,0,0,2
2021-07-01 16:23:27,0,0,0,0
2021-07-01 16:24:05,1,0,0,1
2021-07-01 16:24:12,24,3,7,34
2021-07-01 16:25:03,2,1,0,3
2021-07-01 16:25:10,0,0,0,0
2021-07-01 16:25:18,453,16,183,652
2021-07-01 16:25:51,0,0,0,0
2021-07-01 16:26:58,0,0,0,0
2021-07-01 16:26:59,1,0,0,1
2021-07-01 16:27:38,1,0,0,1
2021-07-01 16:27:59,1,0,0,1
2021-07-01 16:28:31,1,0,0,1
2021-07-01 16:28:50,0,0,0,0
2021-07-01 16:29:15,1,0,0,1
2021-07-01 16:30:17,1,0,0,1
2021-07-01 16:31:32,0,0,0,0
2021-07-01 16:32:08,18,0,1,19
2021-07-01 16:32:30,3,0,0,3
2021-07-01 16:33:05,0,0,0,0
2021-07-01 16:34:50,1,0,0,1
2021-07-01 16:35:10,1,0,0,1
2021-07-01 16:35:22,1,0,0,1
2021-07-01 16:35:47,1,0,0,1
2021-07-01 16:36:01,1,0,0,1
2021-07-01 16:36:23,4,0,2,6
2021-07-01 16:36:31,3,0,1,4
2021-07-01 16:36:57,0,0,0,0
2021-07-01 16:36:59,1,0,0,1
2021-07-01 16:37:04,1,0,0,1
2021-07-01 16:37:35,1,0,0,1
2021-07-01 16:37:37,1,1,0,2
2021-07-01 16:37:43,3,1,0,4
2021-07-01 16:38:05,1,0,0,1
2021-07-01 16:38:11,0,0,0,0
2021-07-01 16:38:23,0,0,0,0
2021-07-01 16:38:25,1,0,0,1
2021-07-01 16:38:47,1,0,0,1
2021-07-01 16:38:59,0,1,0,1
2021-07-01 16:39:10,4,0,0,4
2021-07-01 16:39:30,1,0,0,1
2021-07-01 16:40:01,1,0,0,1
2021-07-01 16:40:30,0,0,0,0
2021-07-01 16:40:59,1,0,0,1
2021-07-01 16:41:03,1,0,0,1
2021-07-01 16:41:09,1,0,0,1
2021-07-01 16:42:01,0,0,0,0
2021-07-01 16:42:28,5,0,1,6
2021-07-01 16:42:32,414,19,173,606
2021-07-01 16:42:54,1,0,0,1
2021-07-01 16:43:38,0,0,0,0
2021-07-01 16:43:54,1,0,0,1
2021-07-01 16:44:12,1,0,0,1
2021-07-01 16:44:42,1,0,0,1
2021-07-01 16:45:05,1,0,0,1
2021-07-01 16:45:29,1,0,0,1
2021-07-01 16:45:45,1,0,0,1
2021-07-01 16:45:47,4,0,3,7
2021-07-01 16:46:08,1,0,0,1
2021-07-01 16:46:09,25,1,7,33
2021-07-01 16:46:20,0,0,0,0
2021-07-01 16:46:30,1,0,0,1
2021-07-01 16:46:48,1,0,0,1
2021-07-01 16:47:08,1,0,0,1
2021-07-01 16:47:21,1,0,0,1
2021-07-01 16:47:47,1,0,0,1
2021-07-01 16:48:01,0,0,0,0
2021-07-01 16:48:11,1,0,0,1
2021-07-01 16:48:24,0,0,0,0
2021-07-01 16:48:37,1,0,0,1
2021-07-01 16:48:59,1,0,0,1
2021-07-01 16:49:16,0,0,0,0
2021-07-01 16:49:19,1,0,0,1
2021-07-01 16:49:26,13,1,7,21
2021-07-01 16:49:35,1,0,0,1
2021-07-01 16:49:45,1,0,1,2
2021-07-01 16:49:53,1,0,0,1
2021-07-01 16:50:04,1,0,1,2
2021-07-01 16:50:45,29,2,12,43
2021-07-01 16:51:43,0,0,0,0
2021-07-01 16:52:20,1,0,1,2
2021-07-01 16:53:04,16,2,10,28
2021-07-01 16:53:11,0,0,0,0
2021-07-01 16:53:18,0,0,0,0
2021-07-01 16:53:34,0,0,1,1
2021-07-01 16:53:48,0,0,0,0
2021-07-01 16:54:50,1,0,0,1
2021-07-01 16:55:56,0,0,1,1
2021-07-01 16:56:18,1,0,0,1
2021-07-01 16:56:45,0,0,0,0
2021-07-01 16:58:29,1,0,0,1
2021-07-01 16:58:34,0,0,0,0
2021-07-01 16:58:35,0,0,0,0
2021-07-01 17:00:09,1,0,0,1
2021-07-01 17:00:51,0,1,0,1
2021-07-01 17:00:53,0,0,0,0
2021-07-01 17:01:32,0,0,0,0
2021-07-01 17:02:23,0,0,0,0
2021-07-01 17:03:54,0,0,0,0
2021-07-01 17:03:55,111,1,20,132
2021-07-01 17:04:01,8,2,0,10
2021-07-01 17:04:03,18,0,6,24
2021-07-01 17:04:16,0,0,0,0
2021-07-01 17:05:02,240,12,52,304
2021-07-01 17:05:08,0,0,0,0
2021-07-01 17:06:53,5,0,4,9
2021-07-01 17:07:07,6,0,2,8
2021-07-01 17:07:39,1,0,1,2
2021-07-01 17:08:39,6,0,1,7
2021-07-01 17:09:13,7,0,0,7
2021-07-01 17:09:22,109,5,26,140
2021-07-01 17:09:31,1,0,0,1
2021-07-01 17:09:41,3,0,0,3
2021-07-01 17:09:47,6,1,0,7
2021-07-01 17:10:31,27,4,5,36
2021-07-01 17:11:01,0,0,0,0
2021-07-01 17:11:05,0,0,0,0
2021-07-01 17:11:24,0,0,0,0
2021-07-01 17:11:44,0,0,0,0
2021-07-01 17:12:28,0,0,0,0
2021-07-01 17:13:32,2,0,1,3
2021-07-01 17:14:00,6,0,3,9
2021-07-01 17:14:01,3,1,0,4
2021-07-01 17:14:48,4,0,2,6
2021-07-01 17:14:55,1,0,0,1
2021-07-01 17:16:40,0,0,0,0
2021-07-01 17:17:24,0,0,0,0
2021-07-01 17:18:15,2,0,0,2
2021-07-01 17:19:49,0,0,0,0
2021-07-01 17:20:54,0,0,0,0
2021-07-01 17:21:16,3,0,0,3
2021-07-01 17:21:46,6,0,4,10
2021-07-01 17:22:22,1,0,0,1
2021-07-01 17:23:00,2,0,0,2
2021-07-01 17:23:38,0,0,0,0
2021-07-01 17:23:43,8,0,3,11
2021-07-01 17:24:25,126,7,3,136
2021-07-01 17:24:56,2,0,0,2
2021-07-01 17:24:57,0,0,0,0
2021-07-01 17:25:18,0,0,0,0
2021-07-01 17:25:28,1,0,0,1
2021-07-01 17:25:34,1,0,0,1
2021-07-01 17:26:13,470,1,107,578
2021-07-01 17:26:19,3,0,1,4
2021-07-01 17:26:50,0,0,0,0
2021-07-01 17:28:06,0,0,0,0
2021-07-01 17:28:47,0,0,0,0
2021-07-01 17:30:01,0,0,0,0
2021-07-01 17:30:36,6,0,0,6
2021-07-01 17:30:44,1,0,0,1
2021-07-01 17:31:24,0,0,0,0
2021-07-01 17:31:28,0,0,0,0
2021-07-01 17:32:00,0,0,0,0
2021-07-01 17:32:13,26,2,8,36
2021-07-01 17:32:24,10,0,2,12
2021-07-01 17:32:43,4,0,6,10
2021-07-01 17:33:39,0,0,0,0
2021-07-01 17:33:41,2,0,2,4
2021-07-01 17:34:00,1,0,0,1
2021-07-01 17:35:01,95,2,33,130
2021-07-01 17:35:26,2,0,0,2
2021-07-01 17:36:05,1,0,1,2
2021-07-01 17:37:01,2,0,1,3
2021-07-01 17:37:06,0,0,0,0
2021-07-01 17:37:32,1,0,0,1
2021-07-01 17:38:07,3,0,0,3
2021-07-01 17:39:13,23,0,7,30
2021-07-01 17:39:24,0,0,0,0
2021-07-01 17:39:28,0,0,0,0
2021-07-01 17:39:30,238,5,27,270
2021-07-01 17:39:50,0,0,0,0
2021-07-01 17:40:48,1,1,1,3
2021-07-01 17:41:03,0,0,0,0
2021-07-01 17:41:25,179,6,43,228
2021-07-01 17:41:26,1,0,0,1
2021-07-01 17:41:58,54,2,5,61
2021-07-01 17:42:16,0,0,0,0
2021-07-01 17:43:17,2,0,0,2
2021-07-01 17:44:03,0,0,0,0
2021-07-01 17:44:16,20,1,3,24
2021-07-01 17:44:28,2,0,0,2
2021-07-01 17:44:37,5,0,0,5
2021-07-01 17:44:51,0,1,0,1
2021-07-01 17:45:12,0,0,0,0
2021-07-01 17:45:18,0,0,0,0
2021-07-01 17:45:40,0,0,0,0
2021-07-01 17:45:45,47,2,30,79
2021-07-01 17:45:46,12,2,9,23
2021-07-01 17:45:47,16,2,11,29
2021-07-01 17:45:48,11,0,8,19
2021-07-01 17:45:54,49,1,14,64
2021-07-01 17:46:29,0,0,0,0
2021-07-01 17:46:48,8,5,1,14
2021-07-01 17:46:58,2,0,0,2
2021-07-01 17:47:07,0,0,0,0
2021-07-01 17:47:27,3,1,0,4
2021-07-01 17:47:38,0,0,0,0
2021-07-01 17:47:58,2,1,0,3
2021-07-01 17:48:06,0,0,0,0
2021-07-01 17:48:33,30,2,3,35
2021-07-01 17:48:35,3,0,1,4
2021-07-01 17:48:59,2,1,1,4
2021-07-01 17:49:07,0,0,0,0
2021-07-01 17:49:12,0,0,0,0
2021-07-01 17:49:22,1,0,0,1
2021-07-01 17:49:32,0,0,0,0
2021-07-01 17:49:44,10,0,3,13
2021-07-01 17:49:54,0,0,0,0
2021-07-01 17:51:15,10,2,8,20
2021-07-01 17:52:05,18,0,4,22
2021-07-01 17:52:24,1,0,0,1
2021-07-01 17:52:31,2,1,0,3
2021-07-01 17:52:39,1,0,0,1
2021-07-01 17:52:48,19,2,6,27
2021-07-01 17:52:50,1,1,0,2
2021-07-01 17:52:58,3,0,1,4
2021-07-01 17:53:23,1,0,0,1
2021-07-01 17:53:48,2,0,0,2
2021-07-01 17:53:56,0,0,0,0
2021-07-01 17:54:06,0,0,0,0
2021-07-01 17:54:12,0,0,0,0
2021-07-01 17:54:25,0,0,0,0
2021-07-01 17:54:29,1,0,1,2
2021-07-01 17:55:03,0,0,0,0
2021-07-01 17:55:15,0,0,0,0
2021-07-01 17:55:45,0,0,0,0
2021-07-01 17:55:46,0,0,0,0
2021-07-01 17:55:56,2,2,0,4
2021-07-01 17:55:57,0,0,0,0
2021-07-01 17:55:58,2,0,0,2
2021-07-01 17:56:30,16,0,8,24
2021-07-01 17:56:44,1,0,1,2
2021-07-01 17:57:22,0,0,0,0
2021-07-01 17:57:56,1,0,1,2
2021-07-01 17:58:00,1,0,0,1
2021-07-01 17:58:02,0,0,0,0
2021-07-01 17:58:19,0,0,0,0
2021-07-01 17:58:56,2,0,2,4
2021-07-01 17:59:50,69,7,29,105
2021-07-01 18:00:13,1,0,0,1
2021-07-01 18:00:16,3,0,0,3
2021-07-01 18:00:25,2,0,1,3
2021-07-01 18:00:29,0,0,0,0
2021-07-01 18:00:32,1,0,0,1
2021-07-01 18:00:47,0,0,0,0
2021-07-01 18:00:50,4,0,1,5
2021-07-01 18:01:28,0,0,0,0
2021-07-01 18:01:35,0,0,0,0
2021-07-01 18:02:05,2,0,1,3
2021-07-01 18:02:44,1,1,0,2
2021-07-01 18:02:45,3,0,0,3
2021-07-01 18:03:27,3,0,0,3
2021-07-01 18:03:28,0,0,0,0
2021-07-01 18:03:30,1,0,0,1
2021-07-01 18:03:37,1,0,0,1
2021-07-01 18:04:29,1,1,1,3
2021-07-01 18:05:05,0,0,0,0
2021-07-01 18:05:55,5,0,1,6
2021-07-01 18:06:00,0,0,0,0
2021-07-01 18:06:31,34,3,10,47
2021-07-01 18:06:40,0,0,0,0
2021-07-01 18:06:44,0,0,0,0
2021-07-01 18:07:27,1,0,1,2
2021-07-01 18:07:29,0,0,0,0
2021-07-01 18:07:34,0,0,0,0
2021-07-01 18:07:38,0,0,0,0
2021-07-01 18:08:42,0,0,0,0
2021-07-01 18:09:26,0,0,0,0
2021-07-01 18:09:55,0,0,1,1
2021-07-01 18:10:21,2,0,0,2
2021-07-01 18:10:23,3,0,0,3
2021-07-01 18:10:27,3,0,3,6
2021-07-01 18:10:52,4356,485,898,5739
2021-07-01 18:11:17,23,1,6,30
2021-07-01 18:11:18,10,1,2,13
2021-07-01 18:11:46,0,0,0,0
2021-07-01 18:12:14,0,0,0,0
2021-07-01 18:12:18,1,0,0,1
2021-07-01 18:12:29,4,0,3,7
2021-07-01 18:12:51,0,0,0,0
2021-07-01 18:12:57,0,0,0,0
2021-07-01 18:13:51,1,0,1,2
2021-07-01 18:13:57,18,1,0,19
2021-07-01 18:14:10,0,0,0,0
2021-07-01 18:14:27,0,0,0,0
2021-07-01 18:14:54,28,0,8,36
2021-07-01 18:15:15,1,0,0,1
2021-07-01 18:15:27,0,0,0,0
2021-07-01 18:15:41,0,0,0,0
2021-07-01 18:15:44,2,1,2,5
2021-07-01 18:16:18,4,0,1,5
2021-07-01 18:17:21,0,0,0,0
2021-07-01 18:17:54,0,0,0,0
2021-07-01 18:18:26,5,0,0,5
2021-07-01 18:18:31,1,0,0,1
2021-07-01 18:18:44,34,1,11,46
2021-07-01 18:18:56,1,0,0,1
2021-07-01 18:19:18,0,0,0,0
2021-07-01 18:19:21,4,0,7,11
2021-07-01 18:19:43,0,0,0,0
2021-07-01 18:19:46,29,3,13,45
2021-07-01 18:19:53,76,3,24,103
2021-07-01 18:20:02,22,0,13,35
2021-07-01 18:20:12,38,0,20,58
2021-07-01 18:20:49,42,0,0,42
2021-07-01 18:22:06,124,41,44,209
2021-07-01 18:22:41,2,0,0,2
2021-07-01 18:22:44,29,0,5,34
2021-07-01 18:23:25,0,0,0,0
2021-07-01 18:23:33,0,0,0,0
2021-07-01 18:23:35,5,0,0,5
2021-07-01 18:24:03,2,0,0,2
2021-07-01 18:24:43,4,0,1,5
2021-07-01 18:25:09,8,1,5,14
2021-07-01 18:25:15,0,0,0,0
2021-07-01 18:25:19,1,1,1,3
2021-07-01 18:26:10,0,0,0,0
2021-07-01 18:26:19,3,0,0,3
2021-07-01 18:28:06,7,0,0,7
2021-07-01 18:28:26,25,1,13,39
2021-07-01 18:28:41,0,0,1,1
2021-07-01 18:28:46,2,0,0,2
2021-07-01 18:30:20,2,0,0,2
2021-07-01 18:30:28,5,0,3,8
2021-07-01 18:30:31,0,0,0,0
2021-07-01 18:30:41,3,1,0,4
2021-07-01 18:31:10,4,0,5,9
2021-07-01 18:31:13,6,0,4,10
2021-07-01 18:32:00,5,1,0,6
2021-07-01 18:32:08,2,0,1,3
2021-07-01 18:32:19,1,0,0,1
2021-07-01 18:32:40,1,0,0,1
2021-07-01 18:32:44,2,0,1,3
2021-07-01 18:32:50,6,0,2,8
2021-07-01 18:32:54,1,0,0,1
2021-07-01 18:33:11,32,1,0,33
2021-07-01 18:33:56,12,1,0,13
2021-07-01 18:33:57,6,0,0,6
2021-07-01 18:33:58,0,0,0,0
2021-07-01 18:34:14,0,0,0,0
2021-07-01 18:34:38,0,0,0,0
2021-07-01 18:35:13,49,2,11,62
2021-07-01 18:35:14,10,4,4,18
2021-07-01 18:36:00,1,0,0,1
2021-07-01 18:36:04,2,0,0,2
2021-07-01 18:36:17,1,0,1,2
2021-07-01 18:36:30,4,0,2,6
2021-07-01 18:36:36,0,0,0,0
2021-07-01 18:36:58,0,1,0,1
2021-07-01 18:37:05,4,1,2,7
2021-07-01 18:37:06,0,0,0,0
2021-07-01 18:37:22,22,1,7,30
2021-07-01 18:37:52,0,0,0,0
2021-07-01 18:37:54,0,0,0,0
2021-07-01 18:38:14,1,0,0,1
2021-07-01 18:38:25,4,0,1,5
2021-07-01 18:38:30,3,0,1,4
2021-07-01 18:39:19,2,1,0,3
2021-07-01 18:39:36,1,0,0,1
2021-07-01 18:39:49,188,2,26,216
2021-07-01 18:40:10,0,0,0,0
2021-07-01 18:40:11,4,0,3,7
2021-07-01 18:40:37,116,4,6,126
2021-07-01 18:41:18,0,0,0,0
2021-07-01 18:41:57,0,0,0,0
2021-07-01 18:42:21,0,0,0,0
2021-07-01 18:42:23,1,0,0,1
2021-07-01 18:42:26,1,0,0,1
2021-07-01 18:43:13,18,0,9,27
2021-07-01 18:43:18,5,0,0,5
2021-07-01 18:43:44,0,0,0,0
2021-07-01 18:43:47,0,0,0,0
2021-07-01 18:43:54,0,0,0,0
2021-07-01 18:44:35,0,0,0,0
2021-07-01 18:44:58,0,0,0,0
2021-07-01 18:45:05,0,0,0,0
2021-07-01 18:45:55,3,1,2,6
2021-07-01 18:45:59,2,1,1,4
2021-07-01 18:46:30,25,5,7,37
2021-07-01 18:46:37,3,0,2,5
2021-07-01 18:46:45,0,0,0,0
2021-07-01 18:46:55,3,0,1,4
2021-07-01 18:47:05,0,0,0,0
2021-07-01 18:47:10,0,0,0,0
2021-07-01 18:47:11,2,0,1,3
2021-07-01 18:47:20,0,0,0,0
2021-07-01 18:48:42,0,0,0,0
2021-07-01 18:49:05,1,0,0,1
2021-07-01 18:49:42,7,1,1,9
2021-07-01 18:49:54,0,0,0,0
2021-07-01 18:50:02,1,0,0,1
2021-07-01 18:50:05,4,0,0,4
2021-07-01 18:50:07,2,0,0,2
2021-07-01 18:50:25,0,0,0,0
2021-07-01 18:50:27,5,0,1,6
2021-07-01 18:52:05,56,1,7,64
2021-07-01 18:52:43,2,0,0,2
2021-07-01 18:52:55,1,0,0,1
2021-07-01 18:53:07,16,0,1,17
2021-07-01 18:53:42,6,0,3,9
2021-07-01 18:54:01,30,1,5,36
2021-07-01 18:55:01,54,1,7,62
2021-07-01 18:55:17,5,1,1,7
2021-07-01 18:55:42,0,0,0,0
2021-07-01 18:55:50,0,0,0,0
2021-07-01 18:56:15,9,0,4,13
2021-07-01 18:56:42,0,0,0,0
2021-07-01 18:57:25,1,0,0,1
2021-07-01 18:57:28,5,0,1,6
2021-07-01 18:57:33,12,0,1,13
2021-07-01 18:58:13,0,0,0,0
2021-07-01 18:58:21,1,0,0,1
2021-07-01 18:58:41,0,0,0,0
2021-07-01 18:58:42,11,1,3,15
2021-07-01 18:58:44,0,0,0,0
2021-07-01 18:58:49,3,0,0,3
2021-07-01 18:59:00,37,1,4,42
2021-07-01 18:59:15,3,1,0,4
2021-07-01 18:59:34,2,1,0,3
2021-07-01 18:59:39,42,0,11,53
2021-07-01 18:59:44,1,0,0,1
2021-07-01 18:59:50,0,0,0,0
2021-07-01 18:59:53,9,0,1,10
2021-07-01 19:00:01,14,2,8,24
2021-07-01 19:00:21,1,0,0,1
2021-07-01 19:00:40,1,0,1,2
2021-07-01 19:01:02,1,0,0,1
2021-07-01 19:01:06,0,0,0,0
2021-07-01 19:01:24,2,0,2,4
2021-07-01 19:01:34,0,0,0,0
2021-07-01 19:02:37,0,0,0,0
2021-07-01 19:03:17,5,0,2,7
2021-07-01 19:04:09,13,0,4,17
2021-07-01 19:04:14,9,0,0,9
2021-07-01 19:04:26,1,0,0,1
2021-07-01 19:04:55,7,1,1,9
2021-07-01 19:05:02,3,0,3,6
2021-07-01 19:05:23,0,0,0,0
2021-07-01 19:05:46,2,0,0,2
2021-07-01 19:06:03,21,1,1,23
2021-07-01 19:06:16,3,0,1,4
2021-07-01 19:06:41,3,0,0,3
2021-07-01 19:06:56,1,0,0,1
2021-07-01 19:07:26,1,0,0,1
2021-07-01 19:07:32,2,0,0,2
2021-07-01 19:07:50,0,0,0,0
2021-07-01 19:08:19,1,0,0,1
2021-07-01 19:08:34,0,0,0,0
2021-07-01 19:09:22,1,0,0,1
2021-07-01 19:09:36,1,0,0,1
2021-07-01 19:09:37,0,0,0,0
2021-07-01 19:12:41,0,0,0,0
2021-07-01 19:13:05,0,0,0,0
2021-07-01 19:13:21,5,0,2,7
2021-07-01 19:14:43,46,2,19,67
2021-07-01 19:14:48,26,2,11,39
2021-07-01 19:15:00,2,0,0,2
2021-07-01 19:15:29,4,0,1,5
2021-07-01 19:15:30,1,0,0,1
2021-07-01 19:15:43,1,0,0,1
2021-07-01 19:16:08,0,0,0,0
2021-07-01 19:17:12,216,6,68,290
2021-07-01 19:17:15,9,0,2,11
2021-07-01 19:18:16,1,0,0,1
2021-07-01 19:18:18,0,0,1,1
2021-07-01 19:18:39,1,0,0,1
2021-07-01 19:18:58,0,0,0,0
2021-07-01 19:19:14,1,0,0,1
2021-07-01 19:19:22,4,0,3,7
2021-07-01 19:19:26,0,0,0,0
2021-07-01 19:20:56,44,1,3,48
2021-07-01 19:21:11,5,0,2,7
2021-07-01 19:21:15,0,0,0,0
2021-07-01 19:21:55,8,1,0,9
2021-07-01 19:22:22,0,0,0,0
2021-07-01 19:23:21,0,0,1,1
2021-07-01 19:23:22,0,0,0,0
2021-07-01 19:23:29,6,2,0,8
2021-07-01 19:23:51,28,0,8,36
2021-07-01 19:23:57,1,0,0,1
2021-07-01 19:25:11,0,0,0,0
2021-07-01 19:25:29,1,0,0,1
2021-07-01 19:25:35,0,0,0,0
2021-07-01 19:25:57,0,0,0,0
2021-07-01 19:25:59,0,0,0,0
2021-07-01 19:26:03,4,0,1,5
2021-07-01 19:26:07,2,0,0,2
2021-07-01 19:26:09,6,1,0,7
2021-07-01 19:26:27,20,2,13,35
2021-07-01 19:26:28,1,0,0,1
2021-07-01 19:26:39,0,0,0,0
2021-07-01 19:26:53,0,0,0,0
2021-07-01 19:27:01,2,0,0,2
2021-07-01 19:27:13,0,0,0,0
2021-07-01 19:27:15,9,0,5,14
2021-07-01 19:28:01,0,0,0,0
2021-07-01 19:28:04,0,0,0,0
2021-07-01 19:28:09,0,0,0,0
2021-07-01 19:28:30,2,0,1,3
2021-07-01 19:28:36,5,0,1,6
2021-07-01 19:28:38,0,0,0,0
2021-07-01 19:29:36,0,0,0,0
2021-07-01 19:30:02,5,0,6,11
2021-07-01 19:30:22,0,0,0,0
2021-07-01 19:30:27,0,0,0,0
2021-07-01 19:30:31,1,1,0,2
2021-07-01 19:30:57,12,0,3,15
2021-07-01 19:30:59,39,6,2,47
2021-07-01 19:31:03,0,0,0,0
2021-07-01 19:31:19,869,24,211,1104
2021-07-01 19:31:49,0,0,0,0
2021-07-01 19:31:55,0,0,0,0
2021-07-01 19:32:40,8,1,1,10
2021-07-01 19:33:00,0,1,0,1
2021-07-01 19:33:17,3,0,0,3
2021-07-01 19:33:32,3,0,0,3
2021-07-01 19:33:38,0,0,0,0
2021-07-01 19:33:51,1,0,0,1
2021-07-01 19:33:54,2,0,0,2
2021-07-01 19:33:57,2,1,0,3
2021-07-01 19:34:02,0,0,0,0
2021-07-01 19:34:18,1,0,0,1
2021-07-01 19:34:50,1,0,0,1
2021-07-01 19:35:27,1,0,0,1
2021-07-01 19:35:40,1,0,0,1
2021-07-01 19:35:57,1,0,0,1
2021-07-01 19:36:06,0,0,0,0
2021-07-01 19:36:07,1,0,0,1
2021-07-01 19:36:18,1,0,1,2
2021-07-01 19:36:20,0,0,0,0
2021-07-01 19:36:26,0,0,0,0
2021-07-01 19:36:29,1,0,0,1
2021-07-01 19:36:30,4,0,1,5
2021-07-01 19:36:31,3,2,0,5
2021-07-01 19:36:39,1,0,0,1
2021-07-01 19:36:40,11,0,10,21
2021-07-01 19:36:43,0,0,0,0
2021-07-01 19:36:55,0,0,0,0
2021-07-01 19:36:57,1,0,0,1
2021-07-01 19:37:09,0,0,0,0
2021-07-01 19:37:11,6,1,4,11
2021-07-01 19:37:31,1,0,0,1
2021-07-01 19:37:34,0,1,0,1
2021-07-01 19:37:59,1,0,0,1
2021-07-01 19:38:11,104,4,44,152
2021-07-01 19:38:18,1,0,0,1
2021-07-01 19:38:35,0,0,0,0
2021-07-01 19:38:52,1,0,0,1
2021-07-01 19:39:05,1,0,0,1
2021-07-01 19:39:07,0,0,0,0
2021-07-01 19:39:29,1,0,0,1
2021-07-01 19:39:57,1,0,0,1
2021-07-01 19:40:08,0,0,0,0
2021-07-01 19:40:13,0,0,0,0
2021-07-01 19:40:22,1,0,0,1
2021-07-01 19:40:24,0,0,0,0
2021-07-01 19:40:59,1,0,0,1
2021-07-01 19:41:20,1,0,0,1
2021-07-01 19:41:36,1,0,0,1
2021-07-01 19:41:52,1,0,0,1
2021-07-01 19:42:39,0,0,0,0
2021-07-01 19:42:53,0,0,0,0
2021-07-01 19:43:29,6,0,0,6
2021-07-01 19:44:53,0,0,0,0
2021-07-01 19:45:32,106,7,31,144
2021-07-01 19:45:46,0,0,0,0
2021-07-01 19:46:25,4,0,3,7
2021-07-01 19:46:35,28,2,2,32
2021-07-01 19:46:38,0,0,0,0
2021-07-01 19:47:18,4,0,0,4
2021-07-01 19:47:29,12,2,4,18
2021-07-01 19:47:49,1,0,0,1
2021-07-01 19:47:54,4,0,2,6
2021-07-01 19:48:29,9,0,3,12
2021-07-01 19:49:48,0,0,0,0
2021-07-01 19:49:55,2,0,1,3
2021-07-01 19:50:25,0,0,0,0
2021-07-01 19:50:37,1,0,0,1
2021-07-01 19:52:57,1,0,0,1
2021-07-01 19:53:20,0,0,0,0
2021-07-01 19:53:31,0,0,0,0
2021-07-01 19:53:49,4,0,1,5
2021-07-01 19:53:55,2,0,0,2
2021-07-01 19:54:09,0,0,0,0
2021-07-01 19:54:29,2,0,1,3
2021-07-01 19:54:52,0,0,0,0
2021-07-01 19:54:54,1,0,0,1
2021-07-01 19:54:57,0,0,0,0
2021-07-01 19:55:09,1,1,0,2
2021-07-01 19:55:17,1,0,0,1
2021-07-01 19:55:36,0,0,0,0
2021-07-01 19:55:49,0,0,0,0
2021-07-01 19:56:06,0,0,0,0
2021-07-01 19:56:23,0,0,0,0
2021-07-01 19:57:05,1,0,0,1
2021-07-01 19:57:11,0,0,0,0
2021-07-01 19:57:22,2,0,0,2
2021-07-01 19:57:31,0,0,0,0
2021-07-01 19:57:57,0,0,0,0
2021-07-01 19:58:00,2,0,1,3
2021-07-01 19:58:40,0,0,0,0
2021-07-01 19:58:55,4,0,1,5
2021-07-01 19:59:01,0,0,0,0
2021-07-01 19:59:46,1,0,0,1
2021-07-01 20:00:18,2,0,0,2
2021-07-01 20:00:22,1,0,0,1
2021-07-01 20:01:21,1,1,2,4
2021-07-01 20:02:31,2,0,0,2
2021-07-01 20:02:48,1,0,0,1
2021-07-01 20:02:59,0,0,0,0
2021-07-01 20:03:40,0,0,0,0
2021-07-01 20:04:07,5,0,3,8
2021-07-01 20:04:20,0,0,0,0
2021-07-01 20:04:22,736,15,113,864
2021-07-01 20:04:32,2,0,0,2
2021-07-01 20:05:04,0,0,0,0
2021-07-01 20:05:41,0,0,0,0
2021-07-01 20:06:09,2,0,0,2
2021-07-01 20:06:25,0,0,0,0
2021-07-01 20:06:47,1,0,0,1
2021-07-01 20:06:52,2,1,1,4
2021-07-01 20:06:53,4,0,2,6
2021-07-01 20:06:57,0,0,0,0
2021-07-01 20:07:39,52,4,2,58
2021-07-01 20:07:42,16,0,2,18
2021-07-01 20:08:21,0,0,0,0
2021-07-01 20:08:25,0,0,0,0
2021-07-01 20:09:06,1,1,0,2
2021-07-01 20:09:42,3,0,0,3
2021-07-01 20:10:07,0,0,0,0
2021-07-01 20:10:17,3,0,0,3
2021-07-01 20:10:48,2,0,0,2
2021-07-01 20:10:50,3,0,0,3
2021-07-01 20:11:22,0,0,0,0
2021-07-01 20:11:34,0,0,0,0
2021-07-01 20:12:19,0,0,0,0
2021-07-01 20:12:31,0,0,0,0
2021-07-01 20:13:02,0,0,0,0
2021-07-01 20:14:26,3,0,1,4
2021-07-01 20:14:29,21,1,4,26
2021-07-01 20:14:30,1,0,0,1
2021-07-01 20:15:22,0,0,0,0
2021-07-01 20:15:25,2,1,2,5
2021-07-01 20:15:31,0,0,0,0
2021-07-01 20:15:44,0,0,0,0
2021-07-01 20:15:57,0,0,0,0
2021-07-01 20:17:35,1,0,0,1
2021-07-01 20:17:40,0,0,0,0
2021-07-01 20:17:42,0,0,0,0
2021-07-01 20:17:57,0,0,0,0
2021-07-01 20:19:29,4,0,2,6
2021-07-01 20:19:32,7,1,2,10
2021-07-01 20:20:25,0,0,0,0
2021-07-01 20:20:38,7,1,0,8
2021-07-01 20:20:44,0,0,0,0
2021-07-01 20:21:05,40,1,4,45
2021-07-01 20:21:27,176,4,64,244
2021-07-01 20:21:36,1,0,0,1
2021-07-01 20:21:41,0,0,0,0
2021-07-01 20:22:36,13,0,3,16
2021-07-01 20:22:39,0,0,0,0
2021-07-01 20:22:51,0,0,0,0
2021-07-01 20:22:54,22,0,10,32
2021-07-01 20:23:27,0,0,0,0
2021-07-01 20:23:28,11,1,4,16
2021-07-01 20:23:34,1,0,0,1
2021-07-01 20:23:40,6,0,0,6
2021-07-01 20:23:54,1,0,0,1
2021-07-01 20:23:57,3,0,0,3
2021-07-01 20:23:59,2,0,2,4
2021-07-01 20:24:29,0,0,0,0
2021-07-01 20:24:31,0,0,0,0
2021-07-01 20:24:37,0,0,0,0
2021-07-01 20:24:51,1,0,0,1
2021-07-01 20:25:37,0,0,0,0
2021-07-01 20:25:53,0,0,0,0
2021-07-01 20:26:32,15,0,6,21
2021-07-01 20:27:21,2,0,1,3
2021-07-01 20:28:00,7,1,3,11
2021-07-01 20:28:07,0,0,0,0
2021-07-01 20:28:23,0,0,0,0
2021-07-01 20:28:34,834,23,66,923
2021-07-01 20:28:36,1,0,0,1
2021-07-01 20:28:41,7,0,2,9
2021-07-01 20:29:38,0,0,0,0
2021-07-01 20:30:02,1,0,1,2
2021-07-01 20:30:53,12,1,5,18
2021-07-01 20:31:34,0,0,1,1
2021-07-01 20:31:47,2,1,1,4
2021-07-01 20:31:54,8,0,2,10
2021-07-01 20:31:59,1,0,0,1
2021-07-01 20:32:19,0,0,0,0
2021-07-01 20:32:27,0,0,0,0
2021-07-01 20:32:30,0,0,0,0
2021-07-01 20:32:43,1,0,0,1
2021-07-01 20:32:57,2,0,0,2
2021-07-01 20:33:01,151,9,40,200
2021-07-01 20:33:55,0,0,0,0
2021-07-01 20:34:42,1472,53,254,1779
2021-07-01 20:34:52,0,0,0,0
2021-07-01 20:35:02,10,0,2,12
2021-07-01 20:35:08,181,11,55,247
2021-07-01 20:35:42,0,0,0,0
2021-07-01 20:37:05,0,0,0,0
2021-07-01 20:37:07,0,0,0,0
2021-07-01 20:37:23,0,0,0,0
2021-07-01 20:37:40,10,0,1,11
2021-07-01 20:37:42,2,0,0,2
2021-07-01 20:37:45,2,0,0,2
2021-07-01 20:37:53,9,0,0,9
2021-07-01 20:38:40,3,0,0,3
2021-07-01 20:39:08,2,0,1,3
2021-07-01 20:39:09,0,0,0,0
2021-07-01 20:39:55,20,2,0,22
2021-07-01 20:40:14,3,0,1,4
2021-07-01 20:41:03,2,0,1,3
2021-07-01 20:41:12,16,0,6,22
2021-07-01 20:41:57,4,0,1,5
2021-07-01 20:42:01,0,0,0,0
2021-07-01 20:42:15,1,0,0,1
2021-07-01 20:42:27,1,0,0,1
2021-07-01 20:43:13,1,0,1,2
2021-07-01 20:44:02,3,0,1,4
2021-07-01 20:44:14,4,1,0,5
2021-07-01 20:44:47,6,0,0,6
2021-07-01 20:44:49,0,0,0,0
2021-07-01 20:45:11,2,1,0,3
2021-07-01 20:45:28,2,0,2,4
2021-07-01 20:46:08,0,0,0,0
2021-07-01 20:46:15,34,0,12,46
2021-07-01 20:46:17,1,0,0,1
2021-07-01 20:47:00,0,0,0,0
2021-07-01 20:47:02,0,0,0,0
2021-07-01 20:47:41,0,0,0,0
2021-07-01 20:47:50,1,0,0,1
2021-07-01 20:47:56,4,0,2,6
2021-07-01 20:47:58,0,0,0,0
2021-07-01 20:48:24,0,0,0,0
2021-07-01 20:48:27,0,0,0,0
2021-07-01 20:48:28,21,2,13,36
2021-07-01 20:48:34,1,0,1,2
2021-07-01 20:48:35,2,0,0,2
2021-07-01 20:49:40,0,0,0,0
2021-07-01 20:49:44,0,0,0,0
2021-07-01 20:50:06,0,0,0,0
2021-07-01 20:51:21,1,0,0,1
2021-07-01 20:51:57,0,0,0,0
2021-07-01 20:51:58,0,0,0,0
2021-07-01 20:52:12,23,1,13,37
2021-07-01 20:52:55,0,0,0,0
2021-07-01 20:53:16,0,0,0,0
2021-07-01 20:53:58,7,0,0,7
2021-07-01 20:54:00,1,0,0,1
2021-07-01 20:54:11,3,0,1,4
2021-07-01 20:54:16,1,0,0,1
2021-07-01 20:55:05,0,0,0,0
2021-07-01 20:55:34,14,1,4,19
2021-07-01 20:56:33,1,0,0,1
2021-07-01 20:56:36,0,0,0,0
2021-07-01 20:56:48,10,0,3,13
2021-07-01 20:57:32,6,0,2,8
2021-07-01 20:58:13,8,0,0,8
2021-07-01 20:59:08,1,0,0,1
2021-07-01 20:59:13,14,1,0,15
2021-07-01 20:59:18,0,0,0,0
2021-07-01 20:59:22,0,0,0,0
2021-07-01 21:00:26,0,0,0,0
2021-07-01 21:00:54,8,0,0,8
2021-07-01 21:01:00,0,0,0,0
2021-07-01 21:01:15,1,0,0,1
2021-07-01 21:01:32,8,0,2,10
2021-07-01 21:01:52,82,31,31,144
2021-07-01 21:01:59,18,0,4,22
2021-07-01 21:02:16,1,0,0,1
2021-07-01 21:02:26,3,0,0,3
2021-07-01 21:02:42,1,0,1,2
2021-07-01 21:02:51,3,3,0,6
2021-07-01 21:03:35,1,0,0,1
2021-07-01 21:03:53,0,0,1,1
2021-07-01 21:04:01,3,0,1,4
2021-07-01 21:04:15,0,0,0,0
2021-07-01 21:04:21,0,0,0,0
2021-07-01 21:05:19,1,1,0,2
2021-07-01 21:05:29,16,1,6,23
2021-07-01 21:06:08,1,0,0,1
2021-07-01 21:06:28,1,0,1,2
2021-07-01 21:07:08,26,2,8,36
2021-07-01 21:07:28,6,3,0,9
2021-07-01 21:08:18,19,1,5,25
2021-07-01 21:08:46,0,0,0,0
2021-07-01 21:08:51,1,0,0,1
2021-07-01 21:09:25,0,0,0,0
2021-07-01 21:09:30,0,0,0,0
2021-07-01 21:09:32,0,0,0,0
2021-07-01 21:10:12,2,0,0,2
2021-07-01 21:10:13,1,0,0,1
2021-07-01 21:10:21,1,0,0,1
2021-07-01 21:12:24,1,0,0,1
2021-07-01 21:12:25,13,0,3,16
2021-07-01 21:12:31,12,0,6,18
2021-07-01 21:12:43,1,0,0,1
2021-07-01 21:12:50,0,0,0,0
2021-07-01 21:13:05,5,1,1,7
2021-07-01 21:14:37,0,0,1,1
2021-07-01 21:14:49,0,0,0,0
2021-07-01 21:14:52,2,0,0,2
2021-07-01 21:14:56,0,0,0,0
2021-07-01 21:16:20,0,0,0,0
2021-07-01 21:16:46,73,4,29,106
2021-07-01 21:17:22,1,1,0,2
2021-07-01 21:17:25,13,0,5,18
2021-07-01 21:17:50,2,1,2,5
2021-07-01 21:18:42,1,0,0,1
2021-07-01 21:19:04,2,0,0,2
2021-07-01 21:19:12,0,0,0,0
2021-07-01 21:19:51,0,0,0,0
2021-07-01 21:21:19,86,8,14,108
2021-07-01 21:21:43,1,0,1,2
2021-07-01 21:21:50,1,0,0,1
2021-07-01 21:22:11,1,0,0,1
2021-07-01 21:22:15,2,1,1,4
2021-07-01 21:22:30,0,0,0,0
2021-07-01 21:22:39,2,1,2,5
2021-07-01 21:22:45,1,0,0,1
2021-07-01 21:23:17,2,0,2,4
2021-07-01 21:23:32,1,0,0,1
2021-07-01 21:23:42,1,0,1,2
2021-07-01 21:23:59,2,0,0,2
2021-07-01 21:24:10,0,0,0,0
2021-07-01 21:25:14,1,0,0,1
2021-07-01 21:25:16,0,0,0,0
2021-07-01 21:25:17,0,0,0,0
2021-07-01 21:25:38,0,0,0,0
2021-07-01 21:26:02,0,0,0,0
2021-07-01 21:26:12,0,0,0,0
2021-07-01 21:26:28,5,0,2,7
2021-07-01 21:27:51,0,0,0,0
2021-07-01 21:27:54,0,0,0,0
2021-07-01 21:28:11,1,1,0,2
2021-07-01 21:28:25,1,0,1,2
2021-07-01 21:28:32,0,0,0,0
2021-07-01 21:29:45,0,0,0,0
2021-07-01 21:30:04,0,0,0,0
2021-07-01 21:30:37,0,0,0,0
2021-07-01 21:31:11,1,0,0,1
2021-07-01 21:31:16,0,0,0,0
2021-07-01 21:31:21,2,0,0,2
2021-07-01 21:31:37,0,0,0,0
2021-07-01 21:31:38,1,0,0,1
2021-07-01 21:31:49,0,0,0,0
2021-07-01 21:32:06,0,0,0,0
2021-07-01 21:32:08,1,0,0,1
2021-07-01 21:32:14,1,0,0,1
2021-07-01 21:32:38,1,0,0,1
2021-07-01 21:32:56,0,0,0,0
2021-07-01 21:32:57,1,0,0,1
2021-07-01 21:33:13,0,0,0,0
2021-07-01 21:33:18,0,0,0,0
2021-07-01 21:33:25,6,0,0,6
2021-07-01 21:33:27,1,0,0,1
2021-07-01 21:33:36,10,1,0,11
2021-07-01 21:33:40,0,0,0,0
2021-07-01 21:34:04,1,0,0,1
2021-07-01 21:34:05,0,0,0,0
2021-07-01 21:34:48,0,0,0,0
2021-07-01 21:34:56,1,0,1,2
2021-07-01 21:35:12,0,0,0,0
2021-07-01 21:35:27,0,0,0,0
2021-07-01 21:35:49,0,0,0,0
2021-07-01 21:35:57,0,0,0,0
2021-07-01 21:36:29,0,0,0,0
2021-07-01 21:37:04,22,2,7,31
2021-07-01 21:37:40,7,0,0,7
2021-07-01 21:37:56,0,0,0,0
2021-07-01 21:38:20,1,0,0,1
2021-07-01 21:38:42,1,0,0,1
2021-07-01 21:38:52,0,0,0,0
2021-07-01 21:38:54,0,0,0,0
2021-07-01 21:39:16,0,0,0,0
2021-07-01 21:39:44,1,1,0,2
2021-07-01 21:40:34,0,0,0,0
2021-07-01 21:41:01,0,0,0,0
2021-07-01 21:41:14,0,0,0,0
2021-07-01 21:42:02,5,0,2,7
2021-07-01 21:42:11,1,0,0,1
2021-07-01 21:42:14,0,0,0,0
2021-07-01 21:42:26,0,0,0,0
2021-07-01 21:43:40,2,0,0,2
2021-07-01 21:43:45,0,0,0,0
2021-07-01 21:43:52,0,0,0,0
2021-07-01 21:44:17,0,0,0,0
2021-07-01 21:44:20,2,0,0,2
2021-07-01 21:45:12,1,1,0,2
2021-07-01 21:45:34,0,0,0,0
2021-07-01 21:45:53,4,1,2,7
2021-07-01 21:46:01,4,0,1,5
2021-07-01 21:46:02,3,2,4,9
2021-07-01 21:46:34,1,1,0,2
2021-07-01 21:47:27,0,0,0,0
2021-07-01 21:47:30,4,0,4,8
2021-07-01 21:47:36,1,1,1,3
2021-07-01 21:47:41,5,0,2,7
2021-07-01 21:47:44,4,0,0,4
2021-07-01 21:47:59,0,1,0,1
2021-07-01 21:48:26,1,0,0,1
2021-07-01 21:48:40,0,0,0,0
2021-07-01 21:48:50,0,0,0,0
2021-07-01 21:48:52,2,0,0,2
2021-07-01 21:49:10,1,0,0,1
2021-07-01 21:49:46,0,0,0,0
2021-07-01 21:49:51,1,0,0,1
2021-07-01 21:50:08,0,0,0,0
2021-07-01 21:50:15,1,0,0,1
2021-07-01 21:50:43,1,0,0,1
2021-07-01 21:51:09,1,0,0,1
2021-07-01 21:51:36,493,13,188,694
2021-07-01 21:51:42,1,0,0,1
2021-07-01 21:52:02,1,0,0,1
2021-07-01 21:52:18,0,0,0,0
2021-07-01 21:54:29,3,0,1,4
2021-07-01 21:54:53,10,2,4,16
2021-07-01 21:55:08,32,3,17,52
2021-07-01 21:56:35,5,0,1,6
2021-07-01 21:56:36,1,0,0,1
2021-07-01 21:57:01,0,0,0,0
2021-07-01 21:57:04,0,0,0,0
2021-07-01 21:57:07,0,0,0,0
2021-07-01 21:57:10,0,0,0,0
2021-07-01 21:57:13,0,0,0,0
2021-07-01 21:57:20,0,0,0,0
2021-07-01 21:57:24,0,0,0,0
2021-07-01 21:57:29,0,0,0,0
2021-07-01 21:57:32,0,0,0,0
2021-07-01 21:57:35,0,0,0,0
2021-07-01 21:57:39,0,0,0,0
2021-07-01 21:57:43,0,0,0,0
2021-07-01 21:57:47,0,0,0,0
2021-07-01 21:57:51,0,0,0,0
2021-07-01 21:57:54,0,0,0,0
2021-07-01 21:57:57,0,0,0,0
2021-07-01 21:57:59,4,1,1,6
2021-07-01 21:58:00,0,0,0,0
2021-07-01 21:58:03,0,0,0,0
2021-07-01 21:58:06,0,0,0,0
2021-07-01 21:58:09,0,0,0,0
2021-07-01 21:59:17,1,0,0,1
2021-07-01 22:01:09,0,0,0,0
2021-07-01 22:01:27,1,0,0,1
2021-07-01 22:01:32,2,0,0,2
2021-07-01 22:01:54,0,0,0,0
2021-07-01 22:02:54,2,1,0,3
2021-07-01 22:03:01,0,0,0,0
2021-07-01 22:03:02,2,0,0,2
2021-07-01 22:03:31,1,0,0,1
2021-07-01 22:04:05,0,0,0,0
2021-07-01 22:05:15,2,0,1,3
2021-07-01 22:05:44,10,1,2,13
2021-07-01 22:06:56,4,0,1,5
2021-07-01 22:07:01,0,0,0,0
2021-07-01 22:07:05,0,0,0,0
2021-07-01 22:07:12,0,0,1,1
2021-07-01 22:07:16,1,1,0,2
2021-07-01 22:07:18,0,0,0,0
2021-07-01 22:07:24,1,0,0,1
2021-07-01 22:07:30,0,0,0,0
2021-07-01 22:07:36,0,0,0,0
2021-07-01 22:07:42,2,0,2,4
2021-07-01 22:07:48,0,0,0,0
2021-07-01 22:07:54,1,0,0,1
2021-07-01 22:08:00,0,0,0,0
2021-07-01 22:08:07,1,0,0,1
2021-07-01 22:08:13,0,0,0,0
2021-07-01 22:08:16,0,0,0,0
2021-07-01 22:08:20,0,0,0,0
2021-07-01 22:08:28,0,0,0,0
2021-07-01 22:08:35,0,0,0,0
2021-07-01 22:08:41,1,0,0,1
2021-07-01 22:08:48,1,0,0,1
2021-07-01 22:08:54,1,0,1,2
2021-07-01 22:09:00,1,0,0,1
2021-07-01 22:09:07,0,0,0,0
2021-07-01 22:09:15,5,0,0,5
2021-07-01 22:09:19,2,0,0,2
2021-07-01 22:09:25,20,1,5,26
2021-07-01 22:09:46,3,0,2,5
2021-07-01 22:10:53,5,0,0,5
2021-07-01 22:11:27,9,0,1,10
2021-07-01 22:12:41,0,0,0,0
2021-07-01 22:14:33,0,0,0,0
2021-07-01 22:14:50,0,0,0,0
2021-07-01 22:15:02,1,0,0,1
2021-07-01 22:15:11,46,2,13,61
2021-07-01 22:15:23,1,0,0,1
2021-07-01 22:16:06,1,0,0,1
2021-07-01 22:16:08,1,0,0,1
2021-07-01 22:16:12,0,0,0,0
2021-07-01 22:16:15,184,5,66,255
2021-07-01 22:16:27,0,0,0,0
2021-07-01 22:16:30,1,0,0,1
2021-07-01 22:16:39,0,1,0,1
2021-07-01 22:16:55,1,0,0,1
2021-07-01 22:16:58,3,1,3,7
2021-07-01 22:17:01,1,0,0,1
2021-07-01 22:17:05,1,0,1,2
2021-07-01 22:17:07,1,0,0,1
2021-07-01 22:17:08,103,5,52,160
2021-07-01 22:17:27,1,0,0,1
2021-07-01 22:17:45,1,0,0,1
2021-07-01 22:17:53,18,0,6,24
2021-07-01 22:18:22,71,2,32,105
2021-07-01 22:18:37,0,0,0,0
2021-07-01 22:18:53,1,0,1,2
2021-07-01 22:20:24,0,0,0,0
2021-07-01 22:20:29,0,0,0,0
2021-07-01 22:22:21,1,0,0,1
2021-07-01 22:23:20,0,0,0,0
2021-07-01 22:23:25,1,0,0,1
2021-07-01 22:23:41,0,0,0,0
2021-07-01 22:23:44,5,0,2,7
2021-07-01 22:23:50,3,0,0,3
2021-07-01 22:23:58,0,0,0,0
2021-07-01 22:24:15,6,0,1,7
2021-07-01 22:24:44,2,0,1,3
2021-07-01 22:24:47,334,6,70,410
2021-07-01 22:25:11,0,0,0,0
2021-07-01 22:26:00,0,0,0,0
2021-07-01 22:26:05,3,0,1,4
2021-07-01 22:26:49,0,0,0,0
2021-07-01 22:26:54,1,0,0,1
2021-07-01 22:27:39,1,0,0,1
2021-07-01 22:28:01,1,0,0,1
2021-07-01 22:28:52,0,0,0,0
2021-07-01 22:29:23,1,1,0,2
2021-07-01 22:29:46,11,0,3,14
2021-07-01 22:29:55,1,0,0,1
2021-07-01 22:30:10,1,0,0,1
2021-07-01 22:30:33,0,0,0,0
2021-07-01 22:31:01,1,0,0,1
2021-07-01 22:31:15,0,0,0,0
2021-07-01 22:32:06,0,0,0,0
2021-07-01 22:32:15,1,0,1,2
2021-07-01 22:33:09,0,0,0,0
2021-07-01 22:33:14,1,0,0,1
2021-07-01 22:33:39,19,1,10,30
2021-07-01 22:34:35,0,0,0,0
2021-07-01 22:34:45,6,1,4,11
2021-07-01 22:34:57,0,0,0,0
2021-07-01 22:35:07,0,0,0,0
2021-07-01 22:35:59,0,0,0,0
2021-07-01 22:36:29,0,0,0,0
2021-07-01 22:36:31,1,0,0,1
2021-07-01 22:37:32,0,0,0,0
2021-07-01 22:37:35,0,0,0,0
2021-07-01 22:37:38,0,0,0,0
2021-07-01 22:37:41,0,0,0,0
2021-07-01 22:37:44,0,0,0,0
2021-07-01 22:37:49,0,0,1,1
2021-07-01 22:37:52,0,0,0,0
2021-07-01 22:37:56,1,0,1,2
2021-07-01 22:37:59,0,0,0,0
2021-07-01 22:38:13,1,0,0,1
2021-07-01 22:38:14,3,0,0,3
2021-07-01 22:38:24,0,0,0,0
2021-07-01 22:38:27,7,1,0,8
2021-07-01 22:38:38,1,0,0,1
2021-07-01 22:39:58,0,0,0,0
2021-07-01 22:40:24,1,0,0,1
2021-07-01 22:41:00,1,0,0,1
2021-07-01 22:41:21,0,0,2,2
2021-07-01 22:41:29,0,0,0,0
2021-07-01 22:41:50,16,1,10,27
2021-07-01 22:42:02,1,0,0,1
2021-07-01 22:42:15,1,0,0,1
2021-07-01 22:43:48,20,1,2,23
2021-07-01 22:44:26,5,0,1,6
2021-07-01 22:45:23,0,0,0,0
2021-07-01 22:45:31,8,0,7,15
2021-07-01 22:45:33,1,0,0,1
2021-07-01 22:45:39,0,1,0,1
2021-07-01 22:45:56,0,0,0,0
2021-07-01 22:46:08,0,0,1,1
2021-07-01 22:46:12,0,1,0,1
2021-07-01 22:46:27,71,2,10,83
2021-07-01 22:46:32,2,0,1,3
2021-07-01 22:46:54,3,0,1,4
2021-07-01 22:47:37,2,0,0,2
2021-07-01 22:47:41,0,0,0,0
2021-07-01 22:48:29,49,2,27,78
2021-07-01 22:48:42,0,0,0,0
2021-07-01 22:48:52,1,0,0,1
2021-07-01 22:48:54,0,0,0,0
2021-07-01 22:48:59,0,0,0,0
2021-07-01 22:50:51,4,1,0,5
2021-07-01 22:51:23,3,0,2,5
2021-07-01 22:51:28,1,0,0,1
2021-07-01 22:53:30,0,0,0,0
2021-07-01 22:53:57,1,0,2,3
2021-07-01 22:54:03,0,0,0,0
2021-07-01 22:54:08,1,0,1,2
2021-07-01 22:54:14,1,0,0,1
2021-07-01 22:54:37,0,1,0,1
2021-07-01 22:55:57,1,0,0,1
2021-07-01 22:56:09,1,0,0,1
2021-07-01 22:56:31,0,0,0,0
2021-07-01 22:56:38,13,1,4,18
2021-07-01 22:58:10,1,0,0,1
2021-07-01 22:59:32,1,0,0,1
2021-07-01 23:00:00,97,7,28,132
2021-07-01 23:00:13,1,1,0,2
2021-07-01 23:00:30,0,0,0,0
2021-07-01 23:00:36,5,0,4,9
2021-07-01 23:01:11,11,4,4,19
2021-07-01 23:01:36,0,1,0,1
2021-07-01 23:02:30,0,0,0,0
2021-07-01 23:03:22,8,1,2,11
2021-07-01 23:04:48,0,1,0,1
2021-07-01 23:05:17,0,0,0,0
2021-07-01 23:05:22,10,0,5,15
2021-07-01 23:06:36,100,8,22,130
2021-07-01 23:08:02,1,0,0,1
2021-07-01 23:08:26,20,1,4,25
2021-07-01 23:09:21,1,0,0,1
2021-07-01 23:11:23,0,0,0,0
2021-07-01 23:12:04,2,0,1,3
2021-07-01 23:12:44,2,0,0,2
2021-07-01 23:15:09,32,1,0,33
2021-07-01 23:15:25,7,2,0,9
2021-07-01 23:15:39,3,0,0,3
2021-07-01 23:16:48,8,0,3,11
2021-07-01 23:17:20,2,0,0,2
2021-07-01 23:18:17,0,0,0,0
2021-07-01 23:18:30,4,0,0,4
2021-07-01 23:18:31,2,0,1,3
2021-07-01 23:20:40,5,1,0,6
2021-07-01 23:20:58,0,0,0,0
2021-07-01 23:21:13,10,2,2,14
2021-07-01 23:23:37,34,2,22,58
2021-07-01 23:25:04,6,1,1,8
2021-07-01 23:25:16,2,0,0,2
2021-07-01 23:26:46,0,0,0,0
2021-07-01 23:26:49,0,0,0,0
2021-07-01 23:27:31,0,0,0,0
2021-07-01 23:27:48,0,0,0,0
2021-07-01 23:27:49,0,0,1,1
2021-07-01 23:27:52,0,0,0,0
2021-07-01 23:27:58,0,0,0,0
2021-07-01 23:28:01,0,0,0,0
2021-07-01 23:28:04,0,0,0,0
2021-07-01 23:28:08,0,0,0,0
2021-07-01 23:28:11,0,0,0,0
2021-07-01 23:28:15,0,0,0,0
2021-07-01 23:28:18,0,0,0,0
2021-07-01 23:28:22,0,0,0,0
2021-07-01 23:28:25,0,0,0,0
2021-07-01 23:28:28,0,0,0,0
2021-07-01 23:28:31,0,0,0,0
2021-07-01 23:28:34,0,0,0,0
2021-07-01 23:28:38,0,0,0,0
2021-07-01 23:28:41,0,0,0,0
2021-07-01 23:28:45,0,0,0,0
2021-07-01 23:28:48,0,0,0,0
2021-07-01 23:28:52,0,0,0,0
2021-07-01 23:28:55,0,0,0,0
2021-07-01 23:29:00,0,0,0,0
2021-07-01 23:29:01,1,0,0,1
2021-07-01 23:29:04,1,0,0,1
2021-07-01 23:29:09,1,0,0,1
2021-07-01 23:29:33,2,0,0,2
2021-07-01 23:29:35,1,0,0,1
2021-07-01 23:31:01,1,0,0,1
2021-07-01 23:31:03,6,0,0,6
2021-07-01 23:31:29,5,0,3,8
2021-07-01 23:31:55,2,0,1,3
2021-07-01 23:32:13,1,0,2,3
2021-07-01 23:32:25,2,0,0,2
2021-07-01 23:32:48,0,1,0,1
2021-07-01 23:33:43,1,1,0,2
2021-07-01 23:34:21,6,1,0,7
2021-07-01 23:34:53,3,0,1,4
2021-07-01 23:36:19,2,0,0,2
2021-07-01 23:36:23,2,0,0,2
2021-07-01 23:37:02,1,0,0,1
2021-07-01 23:37:53,2,0,0,2
2021-07-01 23:37:55,1,0,0,1
2021-07-01 23:37:59,1,0,0,1
2021-07-01 23:38:01,2,0,0,2
2021-07-01 23:38:03,2,0,0,2
2021-07-01 23:38:06,8,1,2,11
2021-07-01 23:38:08,1,0,0,1
2021-07-01 23:38:25,2,0,1,3
2021-07-01 23:38:39,2,0,0,2
2021-07-01 23:39:52,78,0,5,83
2021-07-01 23:39:53,2,0,0,2
2021-07-01 23:39:54,1,0,0,1
2021-07-01 23:39:57,1,1,0,2
2021-07-01 23:42:01,1,0,0,1
2021-07-01 23:42:13,3,0,1,4
2021-07-01 23:43:24,1,0,0,1
2021-07-01 23:45:29,2,0,0,2
2021-07-01 23:45:45,1,0,0,1
2021-07-01 23:45:48,1,0,0,1
2021-07-01 23:46:12,1,0,0,1
2021-07-01 23:47:52,4,0,0,4
2021-07-01 23:48:11,3,1,0,4
2021-07-01 23:49:14,2,0,0,2
2021-07-01 23:49:42,1,1,0,2
2021-07-01 23:49:50,1,0,0,1
2021-07-01 23:50:42,1,0,0,1
2021-07-01 23:50:48,0,0,0,0
2021-07-01 23:51:24,2,0,0,2
2021-07-01 23:51:47,4,0,0,4
2021-07-01 23:52:07,3,0,0,3
2021-07-01 23:53:00,0,0,0,0
2021-07-01 23:53:16,0,0,0,0
2021-07-01 23:53:35,0,0,0,0
2021-07-01 23:53:50,0,0,0,0
2021-07-01 23:54:55,5,0,2,7
2021-07-01 23:55:53,0,0,0,0
2021-07-01 23:56:15,13,0,8,21
2021-07-01 23:57:31,1297,59,231,1587
2021-07-01 23:57:55,0,0,0,0
2021-07-01 23:57:59,0,0,0,0
2021-07-01 23:58:02,0,0,0,0
2021-07-01 23:58:05,0,0,0,0
2021-07-01 23:58:10,0,0,0,0
2021-07-01 23:59:43,0,0,0,0
2021-07-02 00:00:15,0,0,0,0
2021-07-02 00:01:10,0,1,0,1
2021-07-02 00:01:53,0,0,0,0
2021-07-02 00:03:45,11,1,0,12
2021-07-02 00:05:46,0,0,0,0
2021-07-02 00:07:09,3,0,0,3
2021-07-02 00:07:47,0,0,0,0
2021-07-02 00:09:30,3,0,1,4
2021-07-02 00:09:50,0,1,0,1
2021-07-02 00:10:33,2,1,0,3
2021-07-02 00:10:43,4,0,0,4
2021-07-02 00:11:21,50,3,28,81
2021-07-02 00:12:05,44,2,16,62
2021-07-02 00:12:09,1,0,0,1
2021-07-02 00:12:37,0,0,0,0
2021-07-02 00:13:48,5,1,0,6
2021-07-02 00:13:50,1,0,3,4
2021-07-02 00:13:56,24,6,12,42
2021-07-02 00:14:27,1,0,0,1
2021-07-02 00:14:33,0,0,0,0
2021-07-02 00:15:16,0,0,0,0
2021-07-02 00:15:33,1,0,0,1
2021-07-02 00:18:06,0,0,0,0
2021-07-02 00:18:10,0,0,0,0
2021-07-02 00:18:15,0,0,0,0
2021-07-02 00:18:18,0,0,0,0
2021-07-02 00:18:23,0,0,0,0
2021-07-02 00:18:27,0,0,0,0
2021-07-02 00:18:30,0,0,0,0
2021-07-02 00:18:35,0,0,0,0
2021-07-02 00:18:38,0,0,0,0
2021-07-02 00:18:42,0,0,0,0
2021-07-02 00:19:43,0,0,0,0
2021-07-02 00:19:46,1,0,1,2
2021-07-02 00:20:07,0,0,0,0
2021-07-02 00:21:09,59,19,12,90
2021-07-02 00:21:48,39,0,10,49
2021-07-02 00:22:30,0,0,0,0
2021-07-02 00:23:13,0,0,0,0
2021-07-02 00:26:44,1,0,0,1
2021-07-02 00:28:07,0,0,0,0
2021-07-02 00:29:54,1,0,2,3
2021-07-02 00:30:20,1,0,0,1
2021-07-02 00:33:35,1,0,0,1
2021-07-02 00:33:43,14,1,9,24
2021-07-02 00:34:16,0,0,0,0
2021-07-02 00:35:18,16,7,0,23
2021-07-02 00:35:21,4,0,2,6
2021-07-02 00:36:10,1,0,0,1
2021-07-02 00:40:53,0,0,0,0
2021-07-02 00:46:59,2,0,2,4
2021-07-02 00:48:12,5,0,1,6
2021-07-02 00:51:28,2,0,0,2
2021-07-02 00:51:42,33,0,15,48
2021-07-02 00:56:12,1,0,1,2
2021-07-02 00:58:34,0,0,0,0
2021-07-02 00:58:38,0,0,1,1
2021-07-02 00:58:42,0,0,0,0
2021-07-02 00:58:43,1,0,0,1
2021-07-02 00:58:47,0,0,0,0
2021-07-02 00:58:50,0,0,0,0
2021-07-02 00:58:55,0,0,0,0
2021-07-02 00:58:59,0,0,0,0
2021-07-02 00:59:00,0,0,0,0
2021-07-02 00:59:03,0,0,0,0
2021-07-02 00:59:08,0,0,0,0
2021-07-02 00:59:12,0,0,0,0
2021-07-02 00:59:15,0,0,0,0
2021-07-02 00:59:20,0,0,1,1
2021-07-02 00:59:57,20,0,8,28
2021-07-02 01:01:05,9,0,2,11
2021-07-02 01:01:36,0,0,0,0
2021-07-02 01:03:16,14,0,5,19
2021-07-02 01:04:05,1,0,0,1
2021-07-02 01:05:24,12,0,4,16
2021-07-02 01:07:55,11,0,2,13
2021-07-02 01:09:16,2,0,1,3
2021-07-02 01:21:17,2,0,0,2
2021-07-02 01:25:42,142,6,43,191
2021-07-02 01:26:40,2,1,1,4
2021-07-02 01:30:43,2,0,1,3
2021-07-02 01:31:13,3,1,0,4
2021-07-02 01:32:05,3,0,2,5
2021-07-02 01:40:24,2,0,0,2
2021-07-02 01:40:55,1,0,0,1
2021-07-02 01:41:23,1,1,0,2
2021-07-02 01:42:24,0,0,0,0
2021-07-02 01:43:35,1,0,1,2
2021-07-02 01:46:06,90,5,8,103
2021-07-02 01:49:04,0,0,0,0
2021-07-02 01:49:08,1,0,0,1
2021-07-02 01:49:11,0,0,0,0
2021-07-02 01:49:14,0,0,0,0
2021-07-02 01:51:28,0,0,0,0
2021-07-02 01:59:29,16,0,5,21
2021-07-02 02:09:29,0,0,0,0
2021-07-02 02:09:35,0,0,0,0
2021-07-02 02:13:50,0,0,0,0
2021-07-02 02:20:28,11,0,5,16
2021-07-02 02:21:46,1,0,0,1
2021-07-02 02:24:18,0,0,0,0
2021-07-02 02:25:50,37,2,19,58
2021-07-02 02:28:56,6,0,3,9
2021-07-02 02:29:35,5,0,4,9
2021-07-02 02:29:58,0,0,0,0
2021-07-02 02:30:01,9,0,4,13
2021-07-02 02:30:29,3,0,3,6
2021-07-02 02:30:52,3,0,2,5
2021-07-02 02:31:15,7,0,2,9
2021-07-02 02:31:53,3,0,2,5
2021-07-02 02:32:11,7,0,3,10
2021-07-02 02:32:27,23,0,11,34
2021-07-02 02:32:48,0,0,0,0
2021-07-02 02:33:39,2,1,0,3
2021-07-02 02:33:48,12,0,6,18
2021-07-02 02:34:45,13,1,6,20
2021-07-02 02:35:16,11,0,6,17
2021-07-02 02:35:41,6,0,5,11
2021-07-02 02:36:01,10,0,5,15
2021-07-02 02:38:00,1,0,1,2
2021-07-02 02:38:46,1,0,1,2
2021-07-02 02:40:10,0,0,0,0
2021-07-02 02:40:14,4,0,2,6
2021-07-02 02:41:43,5,0,4,9
2021-07-02 02:46:38,1,0,0,1
2021-07-02 02:48:29,0,0,0,0
2021-07-02 02:48:47,25,3,11,39
2021-07-02 02:50:06,0,0,0,0
2021-07-02 02:50:25,0,0,0,0
2021-07-02 02:50:28,0,0,0,0
2021-07-02 02:51:03,0,0,0,0
2021-07-02 02:51:19,0,0,0,0
2021-07-02 02:53:42,16,2,7,25
2021-07-02 02:56:56,19,1,7,27
2021-07-02 03:00:28,1,0,1,2
2021-07-02 03:00:31,0,0,0,0
2021-07-02 03:00:35,1,0,1,2
2021-07-02 03:00:38,0,0,0,0
2021-07-02 03:00:41,1,0,1,2
2021-07-02 03:01:59,19,4,9,32
2021-07-02 03:03:12,30,3,16,49
2021-07-02 03:05:45,23,2,12,37
2021-07-02 03:05:51,20,3,11,34
2021-07-02 03:07:36,6,0,3,9
2021-07-02 03:08:05,37,3,12,52
2021-07-02 03:09:49,3,0,2,5
2021-07-02 03:10:05,26,1,8,35
2021-07-02 03:10:39,0,0,0,0
2021-07-02 03:11:00,3,0,2,5
2021-07-02 03:12:56,16,1,6,23
2021-07-02 03:14:09,9,2,8,19
2021-07-02 03:14:49,0,0,0,0
2021-07-02 03:16:14,6,0,3,9
2021-07-02 03:17:25,11,0,5,16
2021-07-02 03:17:57,9,0,4,13
2021-07-02 03:19:33,5,0,4,9
2021-07-02 03:20:44,0,0,1,1
2021-07-02 03:20:48,1,0,0,1
2021-07-02 03:20:52,0,0,0,0
2021-07-02 03:20:56,0,0,0,0
2021-07-02 03:21:01,0,0,0,0
2021-07-02 03:21:02,3,1,2,6
2021-07-02 03:21:05,0,0,0,0
2021-07-02 03:21:09,0,0,0,0
2021-07-02 03:21:13,0,0,0,0
2021-07-02 03:21:17,0,0,0,0
2021-07-02 03:21:21,0,0,0,0
2021-07-02 03:21:42,7,0,4,11
2021-07-02 03:22:26,1,0,2,3
2021-07-02 03:23:39,3,0,4,7
2021-07-02 03:25:14,10,0,6,16
2021-07-02 03:26:15,7,0,4,11
2021-07-02 03:27:58,23,0,14,37
2021-07-02 03:28:42,15,0,6,21
2021-07-02 03:31:27,106,6,37,149
2021-07-02 03:39:59,7,1,0,8
2021-07-02 03:43:45,0,0,0,0
2021-07-02 03:44:45,1,0,2,3
2021-07-02 03:45:06,0,0,0,0
2021-07-02 03:45:55,0,0,0,0
2021-07-02 03:47:24,11,2,6,19
2021-07-02 03:53:00,1,0,0,1
2021-07-02 03:53:27,2,0,0,2
2021-07-02 04:03:39,46,11,22,79
2021-07-02 04:10:13,0,0,0,0
2021-07-02 04:14:22,6,1,2,9
2021-07-02 04:21:16,0,0,0,0
2021-07-02 04:22:43,20,2,14,36
2021-07-02 04:24:13,1,0,0,1
2021-07-02 04:29:55,10,0,5,15
2021-07-02 04:31:22,0,0,1,1
2021-07-02 04:31:25,0,0,0,0
2021-07-02 04:31:27,0,0,0,0
2021-07-02 04:31:28,0,0,0,0
2021-07-02 04:31:31,0,0,0,0
2021-07-02 04:31:33,0,0,0,0
2021-07-02 04:31:35,0,0,0,0
2021-07-02 04:31:37,0,0,0,0
2021-07-02 04:31:40,0,0,0,0
2021-07-02 04:31:41,1,0,0,1
2021-07-02 04:31:44,0,0,0,0
2021-07-02 04:31:48,0,0,0,0
2021-07-02 04:31:51,0,0,0,0
2021-07-02 04:31:55,1,0,0,1
2021-07-02 04:31:59,1,0,0,1
2021-07-02 04:34:47,0,0,0,0
2021-07-02 04:36:56,3,0,0,3
2021-07-02 04:39:15,0,0,0,0
2021-07-02 04:40:28,4,2,0,6
2021-07-02 04:41:31,0,0,0,0
2021-07-02 04:41:35,0,0,0,0
2021-07-02 04:41:39,0,0,0,0
2021-07-02 04:41:40,6,1,4,11
2021-07-02 04:47:52,1,1,1,3
2021-07-02 04:51:37,0,0,0,0
2021-07-02 04:51:49,0,0,0,0
2021-07-02 04:52:26,12,0,2,14
2021-07-02 04:59:07,19,0,3,22
2021-07-02 05:00:26,0,0,0,0
2021-07-02 05:01:34,0,0,0,0
2021-07-02 05:01:38,0,0,0,0
2021-07-02 05:08:07,0,0,0,0
2021-07-02 05:09:42,1,0,0,1
2021-07-02 05:11:45,1,0,0,1
2021-07-02 05:16:09,0,0,0,0
2021-07-02 05:18:16,0,0,0,0
2021-07-02 05:23:27,0,1,0,1
2021-07-02 05:26:36,2,0,0,2
2021-07-02 05:33:49,116,23,56,195
2021-07-02 05:34:14,4,0,1,5
2021-07-02 05:36:31,2,0,0,2
2021-07-02 05:36:47,0,1,0,1
2021-07-02 05:37:33,2,0,1,3
2021-07-02 05:39:18,0,0,0,0
2021-07-02 05:40:55,1,0,0,1
2021-07-02 05:45:13,0,0,0,0
2021-07-02 05:47:59,0,0,0,0
2021-07-02 05:49:29,1,0,1,2
2021-07-02 05:50:16,0,0,0,0
2021-07-02 05:51:41,0,0,0,0
2021-07-02 05:51:55,211,2,99,312
2021-07-02 05:52:28,0,0,0,0
2021-07-02 05:54:35,0,0,0,0
2021-07-02 05:54:44,19,0,5,24
2021-07-02 06:00:50,0,0,0,0
2021-07-02 06:02:17,1,0,0,1
2021-07-02 06:02:59,1,0,1,2
2021-07-02 06:03:43,4,0,1,5
2021-07-02 06:04:10,1,0,1,2
2021-07-02 06:04:19,1,0,1,2
2021-07-02 06:04:25,1,0,1,2
2021-07-02 06:04:30,3,0,1,4
2021-07-02 06:04:31,1,0,1,2
2021-07-02 06:04:37,1,0,1,2
2021-07-02 06:04:43,1,0,1,2
2021-07-02 06:04:49,0,0,0,0
2021-07-02 06:04:56,1,0,1,2
2021-07-02 06:05:02,1,0,2,3
2021-07-02 06:05:07,1,0,1,2
2021-07-02 06:05:13,1,0,2,3
2021-07-02 06:05:19,2,0,1,3
2021-07-02 06:05:24,2,0,1,3
2021-07-02 06:05:30,1,0,1,2
2021-07-02 06:05:43,2,0,1,3
2021-07-02 06:07:53,1,0,1,2
2021-07-02 06:09:44,12,1,0,13
2021-07-02 06:10:29,3,0,2,5
2021-07-02 06:10:52,1,0,0,1
2021-07-02 06:11:12,0,0,0,0
2021-07-02 06:12:12,0,0,0,0
2021-07-02 06:12:18,16,2,6,24
2021-07-02 06:13:20,2,0,0,2
2021-07-02 06:14:32,1,0,0,1
2021-07-02 06:16:07,1,0,0,1
2021-07-02 06:18:31,9,1,4,14
2021-07-02 06:19:33,0,0,0,0
2021-07-02 06:22:26,550,62,102,714
2021-07-02 06:24:28,1,0,0,1
2021-07-02 06:26:03,0,0,0,0
2021-07-02 06:27:55,3,0,0,3
2021-07-02 06:28:00,1,0,0,1
2021-07-02 06:32:07,11,0,5,16
2021-07-02 06:32:49,1,0,0,1
2021-07-02 06:32:51,2,0,1,3
2021-07-02 06:32:52,2,0,0,2
2021-07-02 06:33:42,0,0,0,0
2021-07-02 06:34:44,175,3,81,259
2021-07-02 06:35:34,1,1,0,2
2021-07-02 06:36:24,1,0,0,1
2021-07-02 06:37:50,1481,44,285,1810
2021-07-02 06:38:42,25,0,9,34
2021-07-02 06:40:47,0,0,0,0
2021-07-02 06:41:38,1,0,0,1
2021-07-02 06:44:06,0,0,0,0
2021-07-02 06:44:41,1,0,1,2
2021-07-02 06:44:52,1,0,0,1
2021-07-02 06:45:33,2,0,0,2
2021-07-02 06:45:39,1,0,0,1
2021-07-02 06:45:59,1,0,0,1
2021-07-02 06:48:48,0,0,0,0
2021-07-02 06:49:24,1,0,0,1
2021-07-02 06:50:15,0,0,0,0
2021-07-02 06:50:52,50,2,16,68
2021-07-02 06:51:27,0,0,0,0
2021-07-02 06:51:30,0,0,0,0
2021-07-02 06:53:06,5,1,0,6
2021-07-02 06:53:22,1,0,1,2
2021-07-02 06:54:15,4,1,1,6
2021-07-02 06:56:49,3,0,0,3
2021-07-02 06:57:51,0,0,0,0
2021-07-02 06:58:04,0,0,0,0
2021-07-02 06:58:18,7,1,1,9
2021-07-02 06:59:28,2,0,0,2
2021-07-02 06:59:51,0,0,0,0
2021-07-02 06:59:54,13,1,3,17
2021-07-02 07:00:00,247,16,62,325
2021-07-02 07:00:51,1,0,1,2
2021-07-02 07:01:43,1,0,0,1
2021-07-02 07:02:00,1,0,0,1
2021-07-02 07:02:57,0,0,0,0
2021-07-02 07:03:01,0,0,0,0
2021-07-02 07:03:04,0,0,0,0
2021-07-02 07:03:08,0,0,0,0
2021-07-02 07:03:10,0,0,0,0
2021-07-02 07:03:14,0,0,0,0
2021-07-02 07:04:15,0,0,0,0
2021-07-02 07:05:17,10,2,3,15
2021-07-02 07:05:31,0,0,0,0
2021-07-02 07:07:19,12,0,6,18
2021-07-02 07:07:47,0,0,0,0
2021-07-02 07:08:40,8,1,1,10
2021-07-02 07:09:22,0,0,0,0
2021-07-02 07:09:37,8,1,1,10
2021-07-02 07:10:29,15,0,6,21
2021-07-02 07:10:56,3,1,0,4
2021-07-02 07:11:23,4,0,3,7
2021-07-02 07:11:43,0,0,0,0
2021-07-02 07:11:54,6,0,3,9
2021-07-02 07:13:01,2,0,0,2
2021-07-02 07:13:04,4,1,1,6
2021-07-02 07:13:05,75,2,22,99
2021-07-02 07:13:58,5,2,0,7
2021-07-02 07:14:32,0,0,0,0
2021-07-02 07:15:14,8,0,0,8
2021-07-02 07:15:29,1,0,0,1
2021-07-02 07:15:59,1,0,0,1
2021-07-02 07:16:09,117,43,8,168
2021-07-02 07:16:21,1,0,0,1
2021-07-02 07:16:57,1,0,0,1
2021-07-02 07:17:05,2,0,0,2
2021-07-02 07:18:18,1,0,3,4
2021-07-02 07:18:35,9,1,2,12
2021-07-02 07:18:51,8,1,0,9
2021-07-02 07:19:29,0,0,0,0
2021-07-02 07:21:16,2,0,0,2
2021-07-02 07:21:17,2,0,0,2
2021-07-02 07:21:31,1,0,1,2
2021-07-02 07:21:40,1,0,0,1
2021-07-02 07:22:07,22,3,1,26
2021-07-02 07:22:47,3911,61,378,4350
2021-07-02 07:23:09,34,4,12,50
2021-07-02 07:23:12,0,0,0,0
2021-07-02 07:23:32,1,0,0,1
2021-07-02 07:23:55,2,0,2,4
2021-07-02 07:24:19,0,0,0,0
2021-07-02 07:25:20,2,0,2,4
2021-07-02 07:25:52,1,0,0,1
2021-07-02 07:26:47,16,4,7,27
2021-07-02 07:27:26,1,0,1,2
2021-07-02 07:28:40,2,1,0,3
2021-07-02 07:29:00,34,2,10,46
2021-07-02 07:29:59,5,0,3,8
2021-07-02 07:30:06,747,21,150,918
2021-07-02 07:30:38,1,0,1,2
2021-07-02 07:30:46,1,0,1,2
2021-07-02 07:31:47,1,0,2,3
2021-07-02 07:32:50,2,0,1,3
2021-07-02 07:32:53,0,0,1,1
2021-07-02 07:33:05,42,2,16,60
2021-07-02 07:33:27,16,4,3,23
2021-07-02 07:33:30,1,0,1,2
2021-07-02 07:34:02,0,0,1,1
2021-07-02 07:34:37,0,0,1,1
2021-07-02 07:35:26,0,0,1,1
2021-07-02 07:35:32,1,0,2,3
2021-07-02 07:36:05,13,1,7,21
2021-07-02 07:36:54,1,0,1,2
2021-07-02 07:38:26,0,0,1,1
2021-07-02 07:38:38,1,0,1,2
2021-07-02 07:38:56,0,0,1,1
2021-07-02 07:39:30,1,0,2,3
2021-07-02 07:40:12,0,0,1,1
2021-07-02 07:41:26,0,0,0,0
2021-07-02 07:41:34,6,1,1,8
2021-07-02 07:42:01,112,20,6,138
2021-07-02 07:42:10,27,0,3,30
2021-07-02 07:42:59,0,0,1,1
2021-07-02 07:43:24,0,0,1,1
2021-07-02 07:43:28,0,0,1,1
2021-07-02 07:43:31,0,0,2,2
2021-07-02 07:43:35,0,0,1,1
2021-07-02 07:43:38,0,0,4,4
2021-07-02 07:44:27,1,3,2,6
2021-07-02 07:44:41,4,0,2,6
2021-07-02 07:44:47,0,0,2,2
2021-07-02 07:45:22,1,0,1,2
2021-07-02 07:45:30,1,0,1,2
2021-07-02 07:46:25,0,1,2,3
2021-07-02 07:47:00,1,0,1,2
2021-07-02 07:47:13,14,0,3,17
2021-07-02 07:47:23,1,0,0,1
2021-07-02 07:47:30,834,14,236,1084
2021-07-02 07:47:32,179,2,25,206
2021-07-02 07:47:33,1,0,1,2
2021-07-02 07:48:03,3,1,1,5
2021-07-02 07:48:14,5,1,3,9
2021-07-02 07:48:36,2,0,1,3
2021-07-02 07:48:48,1,0,1,2
2021-07-02 07:49:52,1,0,2,3
2021-07-02 07:49:56,0,0,1,1
2021-07-02 07:50:33,2,0,1,3
2021-07-02 07:50:44,1,1,1,3
2021-07-02 07:51:17,2,1,1,4
2021-07-02 07:51:22,6,0,2,8
2021-07-02 07:51:25,7,0,1,8
2021-07-02 07:51:33,4999,132,830,5961
2021-07-02 07:51:43,0,0,1,1
2021-07-02 07:52:30,0,0,1,1
2021-07-02 07:52:31,1,0,1,2
2021-07-02 07:53:24,1,0,1,2
2021-07-02 07:53:27,0,0,1,1
2021-07-02 07:53:31,2,0,1,3
2021-07-02 07:54:39,0,0,1,1
2021-07-02 07:54:40,2,0,4,6
2021-07-02 07:54:42,1,1,1,3
2021-07-02 07:54:51,0,0,1,1
2021-07-02 07:55:24,0,0,1,1
2021-07-02 07:55:31,0,0,1,1
2021-07-02 07:56:28,0,0,1,1
2021-07-02 07:56:37,0,0,1,1
2021-07-02 07:56:56,3,0,1,4
2021-07-02 07:57:04,0,0,1,1
2021-07-02 07:57:22,0,0,2,2
2021-07-02 07:57:55,0,0,1,1
2021-07-02 07:58:27,6,0,1,7
2021-07-02 07:58:44,1,0,2,3
2021-07-02 07:59:14,26,0,7,33
2021-07-02 07:59:25,0,1,1,2
2021-07-02 07:59:52,0,0,1,1
2021-07-02 07:59:53,0,0,1,1
2021-07-02 08:00:13,0,0,1,1
2021-07-02 08:00:35,53,3,22,78
2021-07-02 08:01:12,0,0,1,1
2021-07-02 08:01:15,0,0,1,1
2021-07-02 08:02:20,0,0,1,1
2021-07-02 08:02:21,2,0,2,4
2021-07-02 08:02:58,0,0,1,1
2021-07-02 08:03:23,0,0,1,1
2021-07-02 08:03:37,1,0,1,2
2021-07-02 08:03:48,3,1,1,5
2021-07-02 08:03:49,0,0,1,1
2021-07-02 08:04:02,2,0,6,8
2021-07-02 08:04:09,1,1,1,3
2021-07-02 08:04:33,0,0,1,1
2021-07-02 08:05:05,0,0,1,1
2021-07-02 08:05:42,0,0,1,1
2021-07-02 08:06:07,0,0,1,1
2021-07-02 08:06:11,2,0,1,3
2021-07-02 08:06:52,1,0,1,2
2021-07-02 08:06:55,0,0,1,1
2021-07-02 08:07:07,701,32,145,878
2021-07-02 08:07:31,0,0,1,1
2021-07-02 08:07:53,1,0,1,2
2021-07-02 08:09:31,1,0,1,2
2021-07-02 08:09:48,3,0,3,6
2021-07-02 08:10:08,712,31,164,907
2021-07-02 08:10:32,59,0,10,69
2021-07-02 08:11:26,0,0,1,1
2021-07-02 08:12:01,1,0,1,2
2021-07-02 08:13:13,0,0,2,2
2021-07-02 08:13:14,4,0,3,7
2021-07-02 08:14:16,0,0,1,1
2021-07-02 08:14:24,48,0,5,53
2021-07-02 08:14:35,0,0,1,1
2021-07-02 08:14:36,0,0,1,1
2021-07-02 08:14:40,4,0,2,6
2021-07-02 08:14:48,0,0,1,1
2021-07-02 08:14:50,0,0,1,1
2021-07-02 08:14:54,0,0,1,1
2021-07-02 08:15:11,4,0,2,6
2021-07-02 08:15:34,0,0,1,1
2021-07-02 08:15:43,1,0,1,2
2021-07-02 08:16:26,3,0,2,5
2021-07-02 08:16:45,405,8,36,449
2021-07-02 08:16:56,2,0,1,3
2021-07-02 08:17:27,13,1,7,21
2021-07-02 08:18:03,0,0,1,1
2021-07-02 08:18:12,0,0,0,0
2021-07-02 08:18:27,7,0,3,10
2021-07-02 08:18:53,7,1,3,11
2021-07-02 08:18:56,42,4,20,66
2021-07-02 08:19:32,0,0,1,1
2021-07-02 08:20:25,5,1,1,7
2021-07-02 08:21:04,6,0,2,8
2021-07-02 08:21:08,0,0,1,1
2021-07-02 08:21:25,1,0,1,2
2021-07-02 08:21:50,13,1,6,20
2021-07-02 08:22:23,0,0,1,1
2021-07-02 08:24:13,0,0,1,1
2021-07-02 08:24:30,8608,224,1108,9940
2021-07-02 08:24:38,3,0,3,6
2021-07-02 08:25:06,0,0,1,1
2021-07-02 08:25:22,0,0,1,1
2021-07-02 08:25:25,15,0,4,19
2021-07-02 08:25:36,4,0,1,5
2021-07-02 08:25:38,0,0,2,2
2021-07-02 08:25:51,0,0,1,1
2021-07-02 08:26:00,0,0,0,0
2021-07-02 08:26:28,0,0,1,1
2021-07-02 08:26:40,0,0,1,1
2021-07-02 08:26:49,2,1,1,4
2021-07-02 08:26:52,31,1,4,36
2021-07-02 08:27:17,3,0,1,4
2021-07-02 08:27:20,0,0,1,1
2021-07-02 08:28:05,0,0,1,1
2021-07-02 08:28:11,0,0,1,1
2021-07-02 08:28:12,3,1,2,6
2021-07-02 08:28:28,2,0,2,4
2021-07-02 08:28:37,1,0,1,2
2021-07-02 08:28:38,11,1,7,19
2021-07-02 08:29:12,15,1,7,23
2021-07-02 08:29:32,0,0,1,1
2021-07-02 08:30:03,33,0,12,45
2021-07-02 08:30:15,0,0,1,1
2021-07-02 08:30:17,46,6,7,59
2021-07-02 08:31:10,4,0,4,8
2021-07-02 08:31:31,0,0,1,1
2021-07-02 08:31:35,0,0,0,0
2021-07-02 08:31:55,0,0,1,1
2021-07-02 08:33:01,0,0,0,0
2021-07-02 08:33:46,0,0,1,1
2021-07-02 08:33:50,0,0,1,1
2021-07-02 08:33:53,0,0,1,1
2021-07-02 08:33:57,0,1,1,2
2021-07-02 08:34:12,6,1,4,11
2021-07-02 08:34:14,0,0,1,1
2021-07-02 08:34:24,1,0,1,2
2021-07-02 08:34:56,0,0,1,1
2021-07-02 08:34:57,3,0,1,4
2021-07-02 08:35:00,12,0,7,19
2021-07-02 08:35:03,3,0,2,5
2021-07-02 08:35:16,1,2,2,5
2021-07-02 08:36:28,2,0,2,4
2021-07-02 08:37:32,1,0,1,2
2021-07-02 08:37:47,9,0,5,14
2021-07-02 08:38:37,0,0,1,1
2021-07-02 08:38:41,3,0,3,6
2021-07-02 08:38:56,0,0,1,1
2021-07-02 08:39:07,16,0,4,20
2021-07-02 08:39:08,0,0,0,0
2021-07-02 08:39:13,1,0,2,3
2021-07-02 08:39:15,0,0,1,1
2021-07-02 08:39:38,3,0,3,6
2021-07-02 08:39:50,0,0,1,1
2021-07-02 08:39:54,0,0,1,1
2021-07-02 08:39:58,0,0,1,1
2021-07-02 08:40:06,2,1,2,5
2021-07-02 08:40:10,1,0,2,3
2021-07-02 08:40:15,0,0,1,1
2021-07-02 08:40:20,9,0,3,12
2021-07-02 08:40:36,0,0,1,1
2021-07-02 08:40:41,0,0,0,0
2021-07-02 08:41:04,2,0,2,4
2021-07-02 08:41:05,1,0,1,2
2021-07-02 08:41:11,1,0,1,2
2021-07-02 08:41:30,96,23,18,137
2021-07-02 08:41:39,0,0,0,0
2021-07-02 08:42:07,0,0,0,0
2021-07-02 08:42:57,0,0,0,0
2021-07-02 08:43:15,8,1,2,11
2021-07-02 08:44:02,11,0,4,15
2021-07-02 08:44:47,4,0,2,6
2021-07-02 08:45:13,1,0,1,2
2021-07-02 08:45:20,6,0,2,8
2021-07-02 08:45:27,6,0,4,10
2021-07-02 08:45:52,8,0,10,18
2021-07-02 08:47:45,14,2,3,19
2021-07-02 08:48:34,2,0,1,3
2021-07-02 08:48:48,11,3,5,19
2021-07-02 08:49:06,0,0,1,1
2021-07-02 08:49:15,6,0,2,8
2021-07-02 08:49:28,2,0,1,3
2021-07-02 08:49:36,7,1,4,12
2021-07-02 08:50:06,0,0,1,1
2021-07-02 08:50:17,40,1,16,57
2021-07-02 08:50:43,126,6,38,170
2021-07-02 08:50:59,6,0,4,10
2021-07-02 08:51:01,1,0,2,3
2021-07-02 08:51:16,4,0,4,8
2021-07-02 08:51:20,6,0,1,7
2021-07-02 08:51:28,0,0,0,0
2021-07-02 08:51:42,5,2,0,7
2021-07-02 08:52:04,1,0,0,1
2021-07-02 08:52:09,0,0,0,0
2021-07-02 08:52:16,2,0,0,2
2021-07-02 08:52:37,1,0,0,1
2021-07-02 08:53:04,2,0,0,2
2021-07-02 08:53:25,4,0,1,5
2021-07-02 08:53:32,5,1,0,6
2021-07-02 08:53:57,5,1,0,6
2021-07-02 08:53:58,2,0,0,2
2021-07-02 08:54:14,0,0,1,1
2021-07-02 08:54:16,0,0,0,0
2021-07-02 08:54:22,0,0,0,0
2021-07-02 08:54:25,0,0,0,0
2021-07-02 08:54:28,0,0,0,0
2021-07-02 08:54:32,0,0,0,0
2021-07-02 08:54:41,1,0,0,1
2021-07-02 08:54:46,0,1,0,1
2021-07-02 08:54:52,2768,57,757,3582
2021-07-02 08:54:58,2,0,0,2
2021-07-02 08:55:02,921,37,286,1244
2021-07-02 08:55:32,0,0,0,0
2021-07-02 08:56:00,6,0,1,7
2021-07-02 08:56:14,9,2,5,16
2021-07-02 08:56:20,0,0,0,0
2021-07-02 08:56:31,58,1,13,72
2021-07-02 08:56:42,0,0,0,0
2021-07-02 08:56:43,6,0,4,10
2021-07-02 08:56:58,1,1,0,2
2021-07-02 08:57:07,0,0,0,0
2021-07-02 08:57:09,2,0,0,2
2021-07-02 08:57:22,0,0,0,0
2021-07-02 08:57:25,1,0,0,1
2021-07-02 08:58:28,6,0,1,7
2021-07-02 08:58:34,1,0,0,1
2021-07-02 08:58:42,5,0,2,7
2021-07-02 08:58:45,0,0,0,0
2021-07-02 08:58:54,0,0,0,0
2021-07-02 08:59:10,2,0,1,3
2021-07-02 08:59:11,51,4,22,77
2021-07-02 08:59:24,5,1,5,11
2021-07-02 08:59:38,0,0,0,0
2021-07-02 08:59:43,1,0,0,1
2021-07-02 08:59:56,1,0,0,1
2021-07-02 08:59:58,0,0,0,0
2021-07-02 08:59:59,0,0,0,0
2021-07-02 09:00:13,105,4,28,137
2021-07-02 09:00:15,7,0,4,11
2021-07-02 09:00:20,0,0,0,0
2021-07-02 09:00:23,0,0,0,0
2021-07-02 09:00:29,1,0,0,1
2021-07-02 09:00:34,1,0,1,2
2021-07-02 09:01:04,0,0,0,0
2021-07-02 09:01:25,936,28,61,1025
2021-07-02 09:01:38,0,0,0,0
2021-07-02 09:01:44,17,0,11,28
2021-07-02 09:01:46,0,0,0,0
2021-07-02 09:01:57,0,0,0,0
2021-07-02 09:02:01,0,0,0,0
2021-07-02 09:02:15,12,0,2,14
2021-07-02 09:02:39,0,0,0,0
2021-07-02 09:02:41,9,0,7,16
2021-07-02 09:02:42,1,0,1,2
2021-07-02 09:03:08,0,0,0,0
2021-07-02 09:03:18,0,0,0,0
2021-07-02 09:03:21,0,0,0,0
2021-07-02 09:03:29,5502,190,2194,7886
2021-07-02 09:03:37,1,0,0,1
2021-07-02 09:04:00,0,0,0,0
2021-07-02 09:04:01,2,0,0,2
2021-07-02 09:04:25,0,0,0,0
2021-07-02 09:04:26,0,0,0,0
2021-07-02 09:04:31,0,0,0,0
2021-07-02 09:04:35,4,0,4,8
2021-07-02 09:04:36,1,0,0,1
2021-07-02 09:04:41,3,0,0,3
2021-07-02 09:04:42,0,0,0,0
2021-07-02 09:04:48,2,0,1,3
2021-07-02 09:04:49,0,0,0,0
2021-07-02 09:04:53,0,0,0,0
2021-07-02 09:04:55,226,4,112,342
2021-07-02 09:04:58,39,4,14,57
2021-07-02 09:05:00,1,0,0,1
2021-07-02 09:05:01,22,2,10,34
2021-07-02 09:05:04,0,0,2,2
2021-07-02 09:05:07,1,0,0,1
2021-07-02 09:05:10,50,4,18,72
2021-07-02 09:05:16,2,1,1,4
2021-07-02 09:05:19,30,2,10,42
2021-07-02 09:05:21,3,0,1,4
2021-07-02 09:05:22,0,0,0,0
2021-07-02 09:05:25,0,0,0,0
2021-07-02 09:05:30,0,0,0,0
2021-07-02 09:05:35,0,0,0,0
2021-07-02 09:05:36,919,73,151,1143
2021-07-02 09:05:38,0,0,0,0
2021-07-02 09:05:39,0,0,0,0
2021-07-02 09:05:52,3,0,2,5
2021-07-02 09:05:54,3,0,0,3
2021-07-02 09:06:47,4,0,1,5
2021-07-02 09:06:49,1,0,0,1
2021-07-02 09:06:53,1,0,0,1
2021-07-02 09:07:00,0,0,0,0
2021-07-02 09:07:12,12,2,1,15
2021-07-02 09:07:44,0,0,0,0
2021-07-02 09:07:49,0,0,0,0
2021-07-02 09:07:52,0,0,0,0
2021-07-02 09:07:59,1,0,0,1
2021-07-02 09:08:04,26,1,16,43
2021-07-02 09:08:40,0,0,0,0
2021-07-02 09:08:42,0,0,0,0
2021-07-02 09:08:48,2,0,1,3
2021-07-02 09:08:58,0,0,0,0
2021-07-02 09:09:07,0,0,0,0
2021-07-02 09:09:15,28,6,22,56
2021-07-02 09:09:55,5,0,0,5
2021-07-02 09:10:35,0,0,0,0
2021-07-02 09:10:44,4,0,2,6
2021-07-02 09:11:06,0,0,0,0
2021-07-02 09:11:18,0,0,0,0
2021-07-02 09:11:30,0,0,0,0
2021-07-02 09:11:33,0,0,0,0
2021-07-02 09:11:48,0,0,0,0
2021-07-02 09:12:07,0,0,0,0
2021-07-02 09:12:25,3,0,0,3
2021-07-02 09:12:43,0,0,0,0
2021-07-02 09:13:00,1,0,0,1
2021-07-02 09:13:01,2,1,0,3
2021-07-02 09:13:07,0,0,0,0
2021-07-02 09:13:32,2,1,2,5
2021-07-02 09:13:39,3,0,0,3
2021-07-02 09:13:52,1,0,0,1
2021-07-02 09:13:53,0,0,0,0
2021-07-02 09:14:01,0,0,0,0
2021-07-02 09:14:08,3,0,0,3
2021-07-02 09:14:28,0,0,0,0
2021-07-02 09:14:32,0,0,0,0
2021-07-02 09:14:36,0,0,0,0
2021-07-02 09:14:39,0,0,0,0
2021-07-02 09:14:41,11,1,1,13
2021-07-02 09:14:42,8,0,2,10
2021-07-02 09:14:43,0,0,0,0
2021-07-02 09:14:46,0,0,0,0
2021-07-02 09:14:47,6,1,0,7
2021-07-02 09:14:49,0,0,0,0
2021-07-02 09:14:53,0,0,0,0
2021-07-02 09:14:57,2,0,1,3
2021-07-02 09:15:00,0,0,1,1
2021-07-02 09:15:07,2,0,1,3
2021-07-02 09:15:24,2,1,1,4
2021-07-02 09:15:29,6,1,1,8
2021-07-02 09:15:51,1,0,0,1
2021-07-02 09:15:54,11,0,1,12
2021-07-02 09:15:57,1,0,0,1
2021-07-02 09:16:36,0,0,0,0
2021-07-02 09:17:13,1,0,1,2
2021-07-02 09:17:24,476,11,56,543
2021-07-02 09:18:08,4,0,1,5
2021-07-02 09:18:17,1,0,0,1
2021-07-02 09:18:20,0,0,0,0
2021-07-02 09:18:29,27,3,15,45
2021-07-02 09:18:41,5,0,2,7
2021-07-02 09:18:55,0,0,0,0
2021-07-02 09:19:21,4,1,0,5
2021-07-02 09:19:28,1,0,0,1
2021-07-02 09:19:44,15,0,4,19
2021-07-02 09:19:55,0,0,0,0
2021-07-02 09:20:00,1,0,1,2
2021-07-02 09:20:06,2,0,2,4
2021-07-02 09:20:13,0,0,1,1
2021-07-02 09:20:42,9,2,3,14
2021-07-02 09:21:00,0,0,0,0
2021-07-02 09:21:11,1,0,1,2
2021-07-02 09:21:28,0,0,0,0
2021-07-02 09:21:42,0,0,0,0
2021-07-02 09:22:00,0,0,0,0
2021-07-02 09:22:24,2,0,2,4
2021-07-02 09:22:33,3,1,1,5
2021-07-02 09:22:42,1,0,0,1
2021-07-02 09:22:52,0,1,0,1
2021-07-02 09:23:09,1,0,0,1
2021-07-02 09:23:20,2,0,0,2
2021-07-02 09:23:27,2,0,0,2
2021-07-02 09:23:47,1,0,0,1
2021-07-02 09:24:03,0,0,0,0
2021-07-02 09:24:19,1,0,0,1
2021-07-02 09:24:26,1,0,0,1
2021-07-02 09:24:46,1,0,0,1
2021-07-02 09:24:47,1,1,0,2
2021-07-02 09:24:52,0,0,0,0
2021-07-02 09:24:54,33,0,20,53
2021-07-02 09:25:04,0,0,0,0
2021-07-02 09:25:18,1,0,0,1
2021-07-02 09:25:38,0,0,0,0
2021-07-02 09:25:41,2,1,1,4
2021-07-02 09:25:50,1,0,0,1
2021-07-02 09:26:15,5,1,0,6
2021-07-02 09:26:19,1,0,0,1
2021-07-02 09:26:26,1,0,0,1
2021-07-02 09:26:43,1,0,1,2
2021-07-02 09:27:06,9,1,2,12
2021-07-02 09:27:25,1,0,0,1
2021-07-02 09:27:37,0,0,0,0
2021-07-02 09:27:39,1,0,0,1
2021-07-02 09:27:51,7,0,0,7
2021-07-02 09:28:01,1,0,0,1
2021-07-02 09:28:10,21,0,10,31
2021-07-02 09:28:11,1,0,0,1
2021-07-02 09:28:27,1,0,0,1
2021-07-02 09:28:37,0,0,0,0
2021-07-02 09:28:48,1,0,0,1
2021-07-02 09:29:04,2,0,0,2
2021-07-02 09:29:11,15,4,0,19
2021-07-02 09:29:13,0,0,0,0
2021-07-02 09:29:19,1,0,0,1
2021-07-02 09:29:29,8,0,3,11
2021-07-02 09:29:35,2,1,0,3
2021-07-02 09:30:00,9,0,3,12
2021-07-02 09:30:01,1,0,0,1
2021-07-02 09:30:03,214,2,19,235
2021-07-02 09:30:18,0,0,0,0
2021-07-02 09:30:19,6,0,2,8
2021-07-02 09:30:35,6,0,3,9
2021-07-02 09:30:39,0,0,0,0
2021-07-02 09:31:12,53,1,24,78
2021-07-02 09:31:16,0,0,0,0
2021-07-02 09:31:35,29,5,12,46
2021-07-02 09:32:10,11,0,9,20
2021-07-02 09:33:10,5,2,2,9
2021-07-02 09:33:18,1,0,0,1
2021-07-02 09:33:27,0,0,0,0
2021-07-02 09:33:32,0,0,0,0
2021-07-02 09:33:47,1,0,0,1
2021-07-02 09:34:33,0,0,0,0
2021-07-02 09:34:36,0,0,0,0
2021-07-02 09:34:40,0,0,0,0
2021-07-02 09:34:43,0,0,0,0
2021-07-02 09:34:46,0,0,0,0
2021-07-02 09:34:51,0,0,0,0
2021-07-02 09:34:54,2,0,1,3
2021-07-02 09:35:23,1,0,0,1
2021-07-02 09:35:51,1,0,0,1
2021-07-02 09:35:59,2,0,0,2
2021-07-02 09:36:06,1,0,0,1
2021-07-02 09:36:13,8,2,0,10
2021-07-02 09:36:33,1,0,0,1
2021-07-02 09:36:44,4,0,0,4
2021-07-02 09:36:54,1,0,0,1
2021-07-02 09:37:11,1,0,0,1
2021-07-02 09:37:13,0,0,0,0
2021-07-02 09:37:16,4,0,0,4
2021-07-02 09:37:49,8,0,1,9
2021-07-02 09:38:41,1,0,0,1
2021-07-02 09:38:56,1,0,0,1
2021-07-02 09:38:57,8,0,1,9
2021-07-02 09:39:22,2,0,1,3
2021-07-02 09:39:34,0,0,0,0
2021-07-02 09:39:35,0,0,0,0
2021-07-02 09:40:54,1,0,1,2
2021-07-02 09:40:57,7,1,1,9
2021-07-02 09:41:03,1,0,2,3
2021-07-02 09:41:16,0,0,0,0
2021-07-02 09:41:31,1,0,1,2
2021-07-02 09:41:35,0,0,0,0
2021-07-02 09:42:10,0,0,0,0
2021-07-02 09:42:16,3,0,0,3
2021-07-02 09:42:20,2,1,0,3
2021-07-02 09:42:25,0,0,0,0
2021-07-02 09:42:49,1,0,0,1
2021-07-02 09:42:50,4,1,1,6
2021-07-02 09:42:58,3,0,2,5
2021-07-02 09:43:45,4,0,2,6
2021-07-02 09:44:08,5,1,0,6
2021-07-02 09:44:25,2,0,0,2
2021-07-02 09:44:34,0,0,0,0
2021-07-02 09:44:41,14,1,2,17
2021-07-02 09:45:19,1,0,0,1
2021-07-02 09:45:20,18,1,11,30
2021-07-02 09:45:27,2,0,0,2
2021-07-02 09:45:28,0,0,0,0
2021-07-02 09:45:36,10,1,6,17
2021-07-02 09:45:50,0,0,0,0
2021-07-02 09:46:03,39,4,24,67
2021-07-02 09:46:08,1,0,0,1
2021-07-02 09:46:11,8,0,3,11
2021-07-02 09:46:32,1,0,0,1
2021-07-02 09:46:52,21,0,9,30
2021-07-02 09:47:00,0,0,0,0
2021-07-02 09:47:15,1,0,0,1
2021-07-02 09:47:19,2,0,0,2
2021-07-02 09:47:44,0,0,0,0
2021-07-02 09:47:53,0,0,0,0
2021-07-02 09:47:55,3,0,0,3
2021-07-02 09:47:56,0,0,0,0
2021-07-02 09:48:07,7,0,2,9
2021-07-02 09:48:23,0,0,0,0
2021-07-02 09:48:26,0,0,0,0
2021-07-02 09:48:55,0,0,0,0
2021-07-02 09:49:00,1,0,0,1
2021-07-02 09:49:01,0,0,0,0
2021-07-02 09:49:22,3,1,0,4
2021-07-02 09:49:32,0,0,0,0
2021-07-02 09:49:33,14,2,8,24
2021-07-02 09:49:50,9,1,1,11
2021-07-02 09:50:01,0,0,0,0
2021-07-02 09:50:06,40,3,7,50
2021-07-02 09:50:12,0,0,0,0
2021-07-02 09:50:15,0,0,0,0
2021-07-02 09:50:30,0,0,0,0
2021-07-02 09:50:59,9,1,3,13
2021-07-02 09:51:01,5,0,0,5
2021-07-02 09:51:23,3,0,1,4
2021-07-02 09:51:30,8,0,3,11
2021-07-02 09:51:55,13,0,7,20
2021-07-02 09:52:00,1,0,0,1
2021-07-02 09:52:05,11,0,2,13
2021-07-02 09:52:06,0,0,0,0
2021-07-02 09:52:20,2,1,0,3
2021-07-02 09:52:26,3,1,2,6
2021-07-02 09:52:39,0,0,0,0
2021-07-02 09:52:58,0,0,0,0
2021-07-02 09:53:16,0,0,0,0
2021-07-02 09:53:19,0,0,0,0
2021-07-02 09:53:23,3,0,2,5
2021-07-02 09:53:24,0,0,0,0
2021-07-02 09:53:33,1,1,0,2
2021-07-02 09:53:34,87,0,35,122
2021-07-02 09:53:55,1,0,0,1
2021-07-02 09:54:18,0,0,0,0
2021-07-02 09:54:32,1,0,0,1
2021-07-02 09:54:33,1,0,1,2
2021-07-02 09:54:34,0,0,0,0
2021-07-02 09:54:46,0,0,0,0
2021-07-02 09:54:49,2,0,1,3
2021-07-02 09:54:53,0,0,0,0
2021-07-02 09:54:57,2,0,0,2
2021-07-02 09:55:02,0,0,0,0
2021-07-02 09:55:06,479,9,196,684
2021-07-02 09:55:07,53,1,19,73
2021-07-02 09:55:08,86,2,33,121
2021-07-02 09:55:24,1,0,0,1
2021-07-02 09:55:28,0,0,0,0
2021-07-02 09:55:31,6,0,1,7
2021-07-02 09:55:34,3,0,1,4
2021-07-02 09:55:43,3,0,2,5
2021-07-02 09:55:45,1,0,0,1
2021-07-02 09:55:48,1,0,1,2
2021-07-02 09:55:51,0,0,0,0
2021-07-02 09:56:01,4,0,4,8
2021-07-02 09:56:18,3,0,1,4
2021-07-02 09:56:23,1,0,0,1
2021-07-02 09:56:28,2,0,1,3
2021-07-02 09:56:36,1,1,0,2
2021-07-02 09:56:37,0,0,1,1
2021-07-02 09:56:39,0,0,0,0
2021-07-02 09:56:46,1,0,0,1
2021-07-02 09:57:22,0,0,0,0
2021-07-02 09:57:27,3,0,0,3
2021-07-02 09:57:38,0,0,0,0
2021-07-02 09:57:57,1,0,0,1
2021-07-02 09:58:04,0,0,0,0
2021-07-02 09:58:22,1,0,0,1
2021-07-02 09:58:35,0,0,0,0
2021-07-02 09:58:50,0,0,0,0
2021-07-02 09:59:06,3,0,0,3
2021-07-02 09:59:07,1,0,0,1
2021-07-02 09:59:20,1,0,0,1
2021-07-02 09:59:29,0,0,0,0
2021-07-02 09:59:35,1,0,0,1
2021-07-02 09:59:43,0,0,0,0
2021-07-02 09:59:51,1,0,2,3
2021-07-02 09:59:52,0,0,0,0
2021-07-02 09:59:54,0,0,0,0
2021-07-02 09:59:59,100,31,39,170
2021-07-02 10:00:01,1,0,1,2
2021-07-02 10:00:08,0,0,0,0
2021-07-02 10:00:14,1,0,0,1
2021-07-02 10:00:15,0,0,0,0
2021-07-02 10:00:19,2,0,1,3
2021-07-02 10:00:41,1,0,0,1
2021-07-02 10:01:07,0,0,0,0
2021-07-02 10:01:09,1,0,1,2
2021-07-02 10:01:10,72,1,22,95
2021-07-02 10:01:11,14,2,4,20
2021-07-02 10:01:26,130,7,13,150
2021-07-02 10:01:30,16,0,11,27
2021-07-02 10:01:44,0,0,0,0
2021-07-02 10:01:46,0,0,0,0
2021-07-02 10:01:47,1,1,0,2
2021-07-02 10:02:00,1,0,1,2
2021-07-02 10:02:08,9,2,2,13
2021-07-02 10:02:21,3,0,0,3
2021-07-02 10:02:29,1,0,0,1
2021-07-02 10:02:40,0,0,1,1
2021-07-02 10:02:42,1,0,0,1
2021-07-02 10:02:48,0,0,1,1
2021-07-02 10:02:49,4,0,2,6
2021-07-02 10:02:56,5,0,3,8
2021-07-02 10:03:11,0,0,0,0
2021-07-02 10:03:18,4,0,1,5
2021-07-02 10:03:19,5,2,1,8
2021-07-02 10:03:33,0,0,0,0
2021-07-02 10:03:40,14,1,10,25
2021-07-02 10:03:47,2,0,0,2
2021-07-02 10:03:50,5,2,1,8
2021-07-02 10:03:53,0,0,0,0
2021-07-02 10:04:09,0,0,0,0
2021-07-02 10:04:24,6,0,0,6
2021-07-02 10:04:49,0,0,0,0
2021-07-02 10:04:50,0,0,0,0
2021-07-02 10:04:57,74,3,35,112
2021-07-02 10:04:59,16,1,7,24
2021-07-02 10:05:07,1,0,1,2
2021-07-02 10:05:12,0,0,0,0
2021-07-02 10:05:13,0,0,0,0
2021-07-02 10:05:14,1,0,1,2
2021-07-02 10:05:16,0,0,0,0
2021-07-02 10:05:17,5,0,2,7
2021-07-02 10:05:21,0,0,0,0
2021-07-02 10:05:25,3,0,2,5
2021-07-02 10:05:29,1,0,1,2
2021-07-02 10:05:32,1,0,1,2
2021-07-02 10:05:35,1,0,0,1
2021-07-02 10:05:49,2,0,0,2
2021-07-02 10:05:52,2,0,0,2
2021-07-02 10:05:54,1,0,0,1
2021-07-02 10:06:03,3,0,1,4
2021-07-02 10:06:16,34,0,16,50
2021-07-02 10:06:17,194,15,44,253
2021-07-02 10:06:20,2,0,2,4
2021-07-02 10:06:27,0,0,0,0
2021-07-02 10:06:44,3,0,2,5
2021-07-02 10:06:45,1,0,0,1
2021-07-02 10:06:54,3,0,0,3
2021-07-02 10:06:56,0,0,0,0
2021-07-02 10:07:04,0,0,0,0
2021-07-02 10:07:06,6,0,5,11
2021-07-02 10:07:27,4,0,0,4
2021-07-02 10:07:29,2,0,1,3
2021-07-02 10:07:36,5,1,5,11
2021-07-02 10:07:39,1,0,0,1
2021-07-02 10:07:50,2,0,0,2
2021-07-02 10:08:02,0,0,0,0
2021-07-02 10:08:12,0,0,0,0
2021-07-02 10:08:15,0,0,0,0
2021-07-02 10:08:19,1,1,0,2
2021-07-02 10:08:29,1,0,1,2
2021-07-02 10:08:36,2,1,0,3
2021-07-02 10:08:42,1,0,0,1
2021-07-02 10:08:44,4,0,2,6
2021-07-02 10:09:05,2,0,0,2
2021-07-02 10:09:11,1,0,0,1
2021-07-02 10:09:16,0,0,0,0
2021-07-02 10:09:20,0,0,0,0
2021-07-02 10:09:31,0,0,0,0
2021-07-02 10:09:32,53,0,5,58
2021-07-02 10:09:34,0,0,0,0
2021-07-02 10:09:38,1,0,0,1
2021-07-02 10:09:41,3,0,0,3
2021-07-02 10:09:55,3,0,1,4
2021-07-02 10:09:56,4,0,1,5
2021-07-02 10:09:57,0,0,0,0
2021-07-02 10:10:00,6,0,4,10
2021-07-02 10:10:02,114,5,60,179
2021-07-02 10:10:21,2,0,0,2
2021-07-02 10:10:25,5,0,2,7
2021-07-02 10:10:32,2,0,0,2
2021-07-02 10:10:37,0,0,0,0
2021-07-02 10:10:43,1,0,0,1
2021-07-02 10:10:44,9,1,6,16
2021-07-02 10:10:52,0,0,0,0
2021-07-02 10:10:54,1,0,0,1
2021-07-02 10:11:07,3,0,1,4
2021-07-02 10:11:17,0,0,0,0
2021-07-02 10:11:19,2,0,1,3
2021-07-02 10:11:45,3,0,0,3
2021-07-02 10:11:57,31,1,7,39
2021-07-02 10:12:00,3,0,0,3
2021-07-02 10:12:20,1,0,1,2
2021-07-02 10:12:27,11,0,8,19
2021-07-02 10:12:30,0,0,0,0
2021-07-02 10:13:10,8,1,6,15
2021-07-02 10:13:12,16,0,16,32
2021-07-02 10:13:16,16,2,4,22
2021-07-02 10:13:21,43,2,23,68
2021-07-02 10:13:59,58,2,10,70
2021-07-02 10:14:15,1,1,0,2
2021-07-02 10:14:34,34,2,28,64
2021-07-02 10:14:37,11,2,4,17
2021-07-02 10:14:47,1,1,1,3
2021-07-02 10:14:49,47,2,15,64
2021-07-02 10:15:10,0,0,0,0
2021-07-02 10:15:13,0,0,0,0
2021-07-02 10:15:22,0,1,0,1
2021-07-02 10:15:25,7,0,0,7
2021-07-02 10:15:26,0,0,0,0
2021-07-02 10:15:37,2,0,1,3
2021-07-02 10:15:41,0,0,0,0
2021-07-02 10:15:46,1,0,1,2
2021-07-02 10:15:56,3,1,3,7
2021-07-02 10:15:57,0,0,1,1
2021-07-02 10:16:02,1,0,2,3
2021-07-02 10:16:43,1,0,0,1
2021-07-02 10:16:52,3,0,0,3
2021-07-02 10:17:06,12,0,2,14
2021-07-02 10:17:24,1,0,0,1
2021-07-02 10:17:31,0,1,0,1
2021-07-02 10:17:32,0,0,0,0
2021-07-02 10:17:35,0,0,0,0
2021-07-02 10:17:36,4,0,2,6
2021-07-02 10:17:54,0,0,0,0
2021-07-02 10:18:05,0,0,0,0
2021-07-02 10:18:07,6,0,4,10
2021-07-02 10:18:11,3,0,0,3
2021-07-02 10:18:27,0,0,0,0
2021-07-02 10:18:37,4,1,1,6
2021-07-02 10:18:38,0,0,0,0
2021-07-02 10:18:47,813,67,280,1160
2021-07-02 10:18:49,1,0,0,1
2021-07-02 10:18:55,35,1,3,39
2021-07-02 10:19:31,3,0,2,5
2021-07-02 10:19:35,3,0,1,4
2021-07-02 10:19:41,6,0,2,8
2021-07-02 10:19:59,0,0,0,0
2021-07-02 10:20:03,2,0,0,2
2021-07-02 10:20:11,9,0,3,12
2021-07-02 10:20:22,0,0,0,0
2021-07-02 10:20:38,0,0,0,0
2021-07-02 10:20:42,4,0,0,4
2021-07-02 10:20:44,1,0,0,1
2021-07-02 10:21:11,9,0,2,11
2021-07-02 10:21:14,0,0,0,0
2021-07-02 10:21:25,6,1,1,8
2021-07-02 10:21:54,7,0,3,10
2021-07-02 10:21:56,0,0,0,0
2021-07-02 10:22:10,0,0,0,0
2021-07-02 10:22:18,4,0,1,5
2021-07-02 10:22:32,2,0,1,3
2021-07-02 10:22:41,170,8,68,246
2021-07-02 10:22:50,0,0,0,0
2021-07-02 10:22:57,0,0,0,0
2021-07-02 10:23:04,0,0,0,0
2021-07-02 10:23:07,0,0,0,0
2021-07-02 10:23:16,1,0,1,2
2021-07-02 10:23:25,1,1,0,2
2021-07-02 10:23:26,2,0,2,4
2021-07-02 10:23:39,3,0,1,4
2021-07-02 10:23:41,1,0,0,1
2021-07-02 10:23:51,0,0,0,0
2021-07-02 10:24:03,0,0,0,0
2021-07-02 10:24:10,1,0,0,1
2021-07-02 10:24:16,0,0,0,0
2021-07-02 10:24:39,0,0,1,1
2021-07-02 10:24:42,0,0,0,0
2021-07-02 10:25:05,6,1,4,11
2021-07-02 10:25:10,0,0,0,0
2021-07-02 10:25:12,1,0,0,1
2021-07-02 10:25:14,1,0,0,1
2021-07-02 10:25:16,0,0,0,0
2021-07-02 10:25:19,0,0,0,0
2021-07-02 10:25:23,1,0,1,2
2021-07-02 10:25:27,1,0,1,2
2021-07-02 10:25:32,0,0,0,0
2021-07-02 10:25:35,1,0,1,2
2021-07-02 10:25:36,0,0,0,0
2021-07-02 10:25:43,4,1,0,5
2021-07-02 10:25:59,4,0,2,6
2021-07-02 10:26:04,7,0,0,7
2021-07-02 10:26:07,4,0,3,7
2021-07-02 10:26:14,0,0,0,0
2021-07-02 10:26:18,25,0,7,32
2021-07-02 10:26:20,183,8,81,272
2021-07-02 10:26:33,2,1,1,4
2021-07-02 10:26:41,8,0,2,10
2021-07-02 10:26:55,4,0,1,5
2021-07-02 10:27:30,2,0,1,3
2021-07-02 10:27:50,0,0,0,0
2021-07-02 10:28:16,5,0,1,6
2021-07-02 10:28:48,3,0,1,4
2021-07-02 10:28:50,2,0,1,3
2021-07-02 10:28:56,0,0,0,0
2021-07-02 10:28:58,4,1,1,6
2021-07-02 10:29:01,1,0,0,1
2021-07-02 10:29:12,0,0,0,0
2021-07-02 10:29:22,96,2,28,126
2021-07-02 10:29:28,2,0,1,3
2021-07-02 10:29:42,1,1,0,2
2021-07-02 10:29:43,0,0,0,0
2021-07-02 10:29:48,3,1,1,5
2021-07-02 10:29:49,3,0,2,5
2021-07-02 10:29:51,1,0,1,2
2021-07-02 10:30:07,0,0,0,0
2021-07-02 10:30:12,8,1,3,12
2021-07-02 10:30:18,69,5,30,104
2021-07-02 10:30:20,16,2,9,27
2021-07-02 10:30:21,0,1,0,1
2021-07-02 10:30:28,1,0,0,1
2021-07-02 10:30:41,4,0,0,4
2021-07-02 10:30:43,19,1,13,33
2021-07-02 10:30:49,79,1,12,92
2021-07-02 10:30:50,116,2,24,142
2021-07-02 10:30:55,6,0,1,7
2021-07-02 10:31:00,0,0,0,0
2021-07-02 10:31:17,0,0,0,0
2021-07-02 10:31:36,3,0,1,4
2021-07-02 10:31:48,0,0,0,0
2021-07-02 10:31:51,0,0,0,0
2021-07-02 10:32:08,0,1,0,1
2021-07-02 10:32:22,1,0,2,3
2021-07-02 10:32:38,0,0,0,0
2021-07-02 10:32:48,0,0,0,0
2021-07-02 10:33:12,0,0,0,0
2021-07-02 10:33:21,12,1,6,19
2021-07-02 10:33:30,9,1,0,10
2021-07-02 10:33:39,0,0,0,0
2021-07-02 10:33:42,0,1,0,1
2021-07-02 10:33:46,0,0,0,0
2021-07-02 10:34:03,1,0,1,2
2021-07-02 10:34:04,2,0,0,2
2021-07-02 10:34:09,0,0,0,0
2021-07-02 10:34:22,4,0,0,4
2021-07-02 10:34:26,1,0,0,1
2021-07-02 10:34:32,0,0,0,0
2021-07-02 10:34:35,0,0,0,0
2021-07-02 10:34:41,1,0,1,2
2021-07-02 10:34:43,23,0,8,31
2021-07-02 10:34:49,1,0,0,1
2021-07-02 10:34:55,1,0,1,2
2021-07-02 10:34:59,0,0,0,0
2021-07-02 10:35:01,0,0,0,0
2021-07-02 10:35:02,0,0,0,0
2021-07-02 10:35:15,2,0,0,2
2021-07-02 10:35:18,129,6,33,168
2021-07-02 10:35:21,0,0,0,0
2021-07-02 10:35:36,1,0,0,1
2021-07-02 10:35:41,7,0,3,10
2021-07-02 10:35:44,72,3,40,115
2021-07-02 10:35:46,0,0,0,0
2021-07-02 10:35:54,2,0,1,3
2021-07-02 10:36:19,19,1,2,22
2021-07-02 10:36:20,4,1,0,5
2021-07-02 10:36:31,0,0,0,0
2021-07-02 10:36:41,4,0,0,4
2021-07-02 10:36:56,4,0,1,5
2021-07-02 10:37:01,0,0,0,0
2021-07-02 10:37:02,3,0,1,4
2021-07-02 10:37:04,0,0,0,0
2021-07-02 10:37:28,1,0,0,1
2021-07-02 10:37:42,1,0,0,1
2021-07-02 10:37:47,2,0,0,2
2021-07-02 10:37:53,1,0,0,1
2021-07-02 10:37:56,23,1,15,39
2021-07-02 10:37:57,9,0,1,10
2021-07-02 10:38:23,8,1,2,11
2021-07-02 10:38:26,2,0,1,3
2021-07-02 10:38:28,2,0,1,3
2021-07-02 10:38:30,7976,378,1089,9443
2021-07-02 10:38:50,3,1,2,6
2021-07-02 10:39:21,0,0,0,0
2021-07-02 10:39:22,2,0,0,2
2021-07-02 10:39:41,0,0,0,0
2021-07-02 10:39:54,0,1,0,1
2021-07-02 10:39:55,0,0,1,1
2021-07-02 10:40:11,0,0,0,0
2021-07-02 10:40:23,2,1,1,4
2021-07-02 10:40:24,0,0,0,0
2021-07-02 10:40:39,0,0,0,0
2021-07-02 10:40:40,31,3,19,53
2021-07-02 10:40:50,0,0,0,0
2021-07-02 10:40:59,0,0,0,0
2021-07-02 10:41:00,1,0,0,1
2021-07-02 10:41:11,2,0,1,3
2021-07-02 10:41:22,1,0,0,1
2021-07-02 10:41:29,3,1,0,4
2021-07-02 10:41:42,2,0,0,2
2021-07-02 10:41:44,6,0,3,9
2021-07-02 10:41:49,0,0,1,1
2021-07-02 10:41:50,1,0,0,1
2021-07-02 10:41:53,0,0,0,0
2021-07-02 10:42:10,1,0,0,1
2021-07-02 10:42:19,0,0,0,0
2021-07-02 10:42:27,0,0,0,0
2021-07-02 10:42:29,2,0,1,3
2021-07-02 10:42:41,2,0,0,2
2021-07-02 10:42:44,0,0,0,0
2021-07-02 10:42:52,2,0,2,4
2021-07-02 10:43:06,6,1,5,12
2021-07-02 10:43:13,0,1,0,1
2021-07-02 10:43:20,0,0,0,0
2021-07-02 10:43:22,7,1,2,10
2021-07-02 10:43:24,0,0,0,0
2021-07-02 10:43:26,42,0,9,51
2021-07-02 10:43:39,3,0,1,4
2021-07-02 10:43:43,198,10,70,278
2021-07-02 10:43:49,10,0,4,14
2021-07-02 10:43:53,0,0,0,0
2021-07-02 10:43:55,45,1,19,65
2021-07-02 10:44:13,6,1,1,8
2021-07-02 10:44:14,0,0,0,0
2021-07-02 10:44:26,0,0,0,0
2021-07-02 10:44:49,21,0,6,27
2021-07-02 10:44:51,1,0,0,1
2021-07-02 10:44:59,3,0,0,3
2021-07-02 10:45:00,1,0,2,3
2021-07-02 10:45:10,25,0,7,32
2021-07-02 10:45:18,0,0,0,0
2021-07-02 10:45:52,0,0,0,0
2021-07-02 10:45:57,0,0,0,0
2021-07-02 10:46:05,92,4,41,137
2021-07-02 10:46:17,3,0,1,4
2021-07-02 10:46:18,0,0,0,0
2021-07-02 10:46:22,1,0,0,1
2021-07-02 10:46:25,1,0,0,1
2021-07-02 10:46:36,2,0,0,2
2021-07-02 10:46:39,4,0,0,4
2021-07-02 10:46:40,1,0,0,1
2021-07-02 10:46:56,2,0,1,3
2021-07-02 10:46:57,3,1,0,4
2021-07-02 10:47:14,10,2,2,14
2021-07-02 10:47:22,1,0,0,1
2021-07-02 10:47:27,0,3,0,3
2021-07-02 10:47:38,0,0,0,0
2021-07-02 10:47:41,0,0,0,0
2021-07-02 10:47:43,0,0,0,0
2021-07-02 10:47:51,18,0,4,22
2021-07-02 10:48:07,2,0,2,4
2021-07-02 10:48:09,4,0,1,5
2021-07-02 10:48:11,0,0,0,0
2021-07-02 10:48:12,12,0,7,19
2021-07-02 10:48:13,2,0,0,2
2021-07-02 10:48:22,9,0,7,16
2021-07-02 10:48:38,8,1,4,13
2021-07-02 10:48:45,1,0,1,2
2021-07-02 10:48:54,2,0,1,3
2021-07-02 10:49:00,11,1,4,16
2021-07-02 10:49:07,1,0,0,1
2021-07-02 10:49:26,0,0,0,0
2021-07-02 10:49:27,1,0,0,1
2021-07-02 10:49:33,19,3,6,28
2021-07-02 10:49:36,27,3,13,43
2021-07-02 10:49:40,2,0,0,2
2021-07-02 10:49:49,0,0,0,0
2021-07-02 10:49:50,2,0,2,4
2021-07-02 10:50:09,36,1,16,53
2021-07-02 10:50:10,0,0,0,0
2021-07-02 10:50:15,1,0,0,1
2021-07-02 10:50:16,3,0,0,3
2021-07-02 10:50:35,1,0,0,1
2021-07-02 10:50:45,6,0,0,6
2021-07-02 10:50:57,0,0,0,0
2021-07-02 10:51:00,2,0,3,5
2021-07-02 10:51:01,14,0,10,24
2021-07-02 10:51:19,19,4,3,26
2021-07-02 10:51:22,0,0,1,1
2021-07-02 10:51:45,24,3,5,32
2021-07-02 10:51:53,3,0,0,3
2021-07-02 10:53:03,0,0,0,0
2021-07-02 10:53:05,0,0,0,0
2021-07-02 10:53:09,7,0,2,9
2021-07-02 10:53:11,1,0,0,1
2021-07-02 10:53:17,2,0,0,2
2021-07-02 10:53:36,1,0,0,1
2021-07-02 10:53:44,0,0,0,0
2021-07-02 10:53:48,1,0,0,1
2021-07-02 10:53:50,2,0,0,2
2021-07-02 10:53:52,2,1,0,3
2021-07-02 10:54:00,0,0,0,0
2021-07-02 10:54:01,0,0,0,0
2021-07-02 10:54:22,5,0,0,5
2021-07-02 10:54:35,61,9,12,82
2021-07-02 10:54:38,0,0,0,0
2021-07-02 10:54:39,0,0,0,0
2021-07-02 10:54:46,0,0,0,0
2021-07-02 10:54:50,47,2,6,55
2021-07-02 10:54:53,0,0,0,0
2021-07-02 10:55:18,0,0,0,0
2021-07-02 10:55:21,0,0,0,0
2021-07-02 10:55:24,5,0,2,7
2021-07-02 10:55:29,1,0,0,1
2021-07-02 10:55:34,0,0,0,0
2021-07-02 10:55:39,1,0,0,1
2021-07-02 10:55:41,2,0,0,2
2021-07-02 10:55:44,0,0,0,0
2021-07-02 10:55:47,1,0,0,1
2021-07-02 10:55:49,0,0,0,0
2021-07-02 10:55:54,0,0,0,0
2021-07-02 10:55:55,0,0,0,0
2021-07-02 10:56:01,2,0,2,4
2021-07-02 10:56:02,0,0,0,0
2021-07-02 10:56:06,0,0,0,0
2021-07-02 10:56:08,47,1,18,66
2021-07-02 10:56:11,0,0,0,0
2021-07-02 10:56:12,0,0,0,0
2021-07-02 10:56:17,28,1,2,31
2021-07-02 10:56:19,1061,15,172,1248
2021-07-02 10:56:32,9,0,3,12
2021-07-02 10:56:38,0,0,1,1
2021-07-02 10:56:46,4,0,0,4
2021-07-02 10:57:00,0,0,0,0
2021-07-02 10:57:02,0,0,0,0
2021-07-02 10:57:11,0,0,0,0
2021-07-02 10:57:19,0,0,0,0
2021-07-02 10:57:27,0,0,0,0
2021-07-02 10:57:41,3,2,1,6
2021-07-02 10:57:43,0,0,0,0
2021-07-02 10:57:53,0,0,0,0
2021-07-02 10:57:56,7,1,3,11
2021-07-02 10:58:08,2,1,1,4
2021-07-02 10:58:13,0,0,0,0
2021-07-02 10:58:16,14,1,9,24
2021-07-02 10:58:22,13,0,5,18
2021-07-02 10:58:26,8,1,5,14
2021-07-02 10:58:37,3,0,1,4
2021-07-02 10:58:38,4,0,2,6
2021-07-02 10:58:43,8,0,1,9
2021-07-02 10:58:58,1,0,1,2
2021-07-02 10:59:02,0,0,0,0
2021-07-02 10:59:03,0,0,0,0
2021-07-02 10:59:14,11,1,6,18
2021-07-02 10:59:39,0,0,0,0
2021-07-02 10:59:46,16,1,7,24
2021-07-02 10:59:49,0,0,0,0
2021-07-02 10:59:52,0,0,0,0
2021-07-02 10:59:57,0,0,0,0
2021-07-02 11:00:00,0,0,0,0
2021-07-02 11:00:03,1,0,0,1
2021-07-02 11:00:12,3,1,1,5
2021-07-02 11:00:14,37,1,2,40
2021-07-02 11:00:24,0,0,0,0
2021-07-02 11:00:29,0,0,0,0
2021-07-02 11:00:37,20,1,6,27
2021-07-02 11:00:45,1,0,0,1
2021-07-02 11:00:48,12,1,6,19
2021-07-02 11:00:58,1,0,0,1
2021-07-02 11:00:59,1,0,1,2
2021-07-02 11:01:00,1,0,0,1
2021-07-02 11:01:13,1,0,0,1
2021-07-02 11:01:14,2,0,1,3
2021-07-02 11:01:25,6,2,8,16
2021-07-02 11:01:33,2,0,1,3
2021-07-02 11:01:36,20,0,6,26
2021-07-02 11:01:39,7,0,1,8
2021-07-02 11:01:46,9,0,5,14
2021-07-02 11:01:47,0,0,1,1
2021-07-02 11:01:52,1,0,0,1
2021-07-02 11:01:54,3,0,0,3
2021-07-02 11:01:55,0,0,0,0
2021-07-02 11:02:03,0,0,0,0
2021-07-02 11:02:04,0,0,0,0
2021-07-02 11:02:05,0,0,0,0
2021-07-02 11:02:08,0,0,0,0
2021-07-02 11:02:11,41,0,16,57
2021-07-02 11:02:20,0,0,0,0
2021-07-02 11:02:27,1,0,0,1
2021-07-02 11:02:31,22,1,12,35
2021-07-02 11:02:33,1,1,0,2
2021-07-02 11:02:36,5,1,1,7
2021-07-02 11:02:37,0,0,0,0
2021-07-02 11:02:41,0,0,0,0
2021-07-02 11:02:42,0,0,0,0
2021-07-02 11:02:58,5,0,4,9
2021-07-02 11:03:02,9,1,4,14
2021-07-02 11:03:04,26,0,5,31
2021-07-02 11:03:08,0,0,0,0
2021-07-02 11:03:09,9,0,1,10
2021-07-02 11:03:10,0,0,0,0
2021-07-02 11:03:18,0,0,0,0
2021-07-02 11:03:23,0,0,0,0
2021-07-02 11:03:27,2,0,1,3
2021-07-02 11:03:37,0,0,0,0
2021-07-02 11:03:44,0,0,0,0
2021-07-02 11:03:55,1,0,0,1
2021-07-02 11:04:00,0,0,0,0
2021-07-02 11:04:03,0,0,0,0
2021-07-02 11:04:08,1,0,0,1
2021-07-02 11:04:10,0,0,0,0
2021-07-02 11:04:11,26,2,10,38
2021-07-02 11:04:27,2,0,1,3
2021-07-02 11:04:36,2,0,1,3
2021-07-02 11:04:37,14,1,2,17
2021-07-02 11:04:40,27,0,12,39
2021-07-02 11:04:51,17,3,3,23
2021-07-02 11:04:53,0,0,0,0
2021-07-02 11:04:55,0,0,0,0
2021-07-02 11:05:00,5,0,3,8
2021-07-02 11:05:13,2,0,0,2
2021-07-02 11:05:22,1,1,0,2
2021-07-02 11:05:27,6,0,4,10
2021-07-02 11:05:31,0,0,0,0
2021-07-02 11:05:34,0,0,0,0
2021-07-02 11:05:35,1,0,0,1
2021-07-02 11:05:38,0,0,0,0
2021-07-02 11:05:39,0,0,0,0
2021-07-02 11:05:49,8,1,0,9
2021-07-02 11:06:03,0,0,0,0
2021-07-02 11:06:08,0,0,0,0
2021-07-02 11:06:11,0,0,0,0
2021-07-02 11:06:15,0,0,0,0
2021-07-02 11:06:20,1,1,0,2
2021-07-02 11:06:25,0,2,0,2
2021-07-02 11:06:29,1,0,0,1
2021-07-02 11:06:32,0,0,0,0
2021-07-02 11:06:34,0,0,0,0
2021-07-02 11:06:35,0,0,0,0
2021-07-02 11:06:55,1,0,0,1
2021-07-02 11:07:03,1,0,0,1
2021-07-02 11:07:16,0,0,0,0
2021-07-02 11:07:18,19,1,6,26
2021-07-02 11:07:21,1,0,0,1
2021-07-02 11:07:28,1,0,0,1
2021-07-02 11:07:30,2,1,0,3
2021-07-02 11:07:34,20,1,2,23
2021-07-02 11:07:46,1,0,0,1
2021-07-02 11:07:48,25,1,5,31
2021-07-02 11:07:50,0,0,0,0
2021-07-02 11:07:53,0,0,0,0
2021-07-02 11:07:55,0,0,0,0
2021-07-02 11:07:56,1,0,0,1
2021-07-02 11:08:03,0,0,0,0
2021-07-02 11:08:04,166,0,48,214
2021-07-02 11:08:06,0,0,0,0
2021-07-02 11:08:07,1,0,0,1
2021-07-02 11:08:11,0,0,0,0
2021-07-02 11:08:14,1,1,0,2
2021-07-02 11:08:19,1,0,0,1
2021-07-02 11:08:25,46,1,17,64
2021-07-02 11:08:27,1,0,0,1
2021-07-02 11:08:28,2,0,0,2
2021-07-02 11:08:34,20,0,1,21
2021-07-02 11:08:38,0,0,0,0
2021-07-02 11:08:45,1,0,0,1
2021-07-02 11:08:53,0,0,1,1
2021-07-02 11:08:54,0,0,0,0
2021-07-02 11:08:55,1,0,0,1
2021-07-02 11:09:05,0,0,0,0
2021-07-02 11:09:10,9,0,1,10
2021-07-02 11:09:11,58,8,20,86
2021-07-02 11:09:18,0,0,0,0
2021-07-02 11:09:35,1,0,0,1
2021-07-02 11:09:36,0,0,0,0
2021-07-02 11:09:37,49,4,32,85
2021-07-02 11:09:55,0,0,0,0
2021-07-02 11:09:56,6,0,3,9
2021-07-02 11:09:58,0,0,0,0
2021-07-02 11:10:15,2,0,0,2
2021-07-02 11:10:17,1,0,0,1
2021-07-02 11:10:20,1,0,1,2
2021-07-02 11:10:21,1,0,0,1
2021-07-02 11:10:22,2,0,0,2
2021-07-02 11:10:39,0,0,0,0
2021-07-02 11:10:40,0,0,0,0
2021-07-02 11:10:44,1,0,0,1
2021-07-02 11:10:56,0,0,0,0
2021-07-02 11:11:03,0,0,1,1
2021-07-02 11:11:18,0,0,0,0
2021-07-02 11:11:23,2,0,0,2
2021-07-02 11:11:29,1,0,0,1
2021-07-02 11:11:33,1,2,0,3
2021-07-02 11:11:36,0,0,0,0
2021-07-02 11:11:38,2,0,0,2
2021-07-02 11:11:47,5,0,0,5
2021-07-02 11:11:50,2,0,0,2
2021-07-02 11:12:15,0,0,0,0
2021-07-02 11:12:17,4,0,1,5
2021-07-02 11:12:19,2190,39,286,2515
2021-07-02 11:12:36,0,0,0,0
2021-07-02 11:12:39,2,1,0,3
2021-07-02 11:12:41,2,0,2,4
2021-07-02 11:12:42,1,0,0,1
2021-07-02 11:12:43,0,0,0,0
2021-07-02 11:12:44,10,0,9,19
2021-07-02 11:12:53,0,0,0,0
2021-07-02 11:13:05,1,0,0,1
2021-07-02 11:13:09,12,0,0,12
2021-07-02 11:13:14,23,1,1,25
2021-07-02 11:13:15,13,0,6,19
2021-07-02 11:13:20,1,0,0,1
2021-07-02 11:13:29,1,0,0,1
2021-07-02 11:13:30,0,0,0,0
2021-07-02 11:13:32,0,0,0,0
2021-07-02 11:13:37,0,0,0,0
2021-07-02 11:13:43,1,0,0,1
2021-07-02 11:13:58,105,3,22,130
2021-07-02 11:14:03,1,1,0,2
2021-07-02 11:14:04,0,0,0,0
2021-07-02 11:14:08,1,0,0,1
2021-07-02 11:14:13,1,0,0,1
2021-07-02 11:14:17,1,3,0,4
2021-07-02 11:14:18,1,0,0,1
2021-07-02 11:14:20,2,0,1,3
2021-07-02 11:14:24,10,1,4,15
2021-07-02 11:14:32,0,0,0,0
2021-07-02 11:14:47,0,0,0,0
2021-07-02 11:14:53,0,0,0,0
2021-07-02 11:15:04,1,0,0,1
2021-07-02 11:15:06,2,0,2,4
2021-07-02 11:15:14,1,0,0,1
2021-07-02 11:15:16,1,0,0,1
2021-07-02 11:15:36,0,0,0,0
2021-07-02 11:15:40,1,0,0,1
2021-07-02 11:15:42,1,0,0,1
2021-07-02 11:15:44,54,4,23,81
2021-07-02 11:15:58,0,0,0,0
2021-07-02 11:16:06,29,3,23,55
2021-07-02 11:16:08,1,0,0,1
2021-07-02 11:16:19,1,0,0,1
2021-07-02 11:16:20,0,0,0,0
2021-07-02 11:16:25,0,0,0,0
2021-07-02 11:16:27,26,0,14,40
2021-07-02 11:16:31,1,0,0,1
2021-07-02 11:16:38,0,0,0,0
2021-07-02 11:16:39,12,1,7,20
2021-07-02 11:16:41,0,0,0,0
2021-07-02 11:16:44,1,1,1,3
2021-07-02 11:16:45,6,0,6,12
2021-07-02 11:16:55,0,0,0,0
2021-07-02 11:16:58,1,0,0,1
2021-07-02 11:17:02,0,0,0,0
2021-07-02 11:17:07,3,0,0,3
2021-07-02 11:17:08,74,2,8,84
2021-07-02 11:17:20,1,0,0,1
2021-07-02 11:17:35,0,0,0,0
2021-07-02 11:17:44,1,0,0,1
2021-07-02 11:17:52,10,0,2,12
2021-07-02 11:18:04,0,0,0,0
2021-07-02 11:18:14,2,0,1,3
2021-07-02 11:18:20,7,0,3,10
2021-07-02 11:18:31,0,0,0,0
2021-07-02 11:18:35,2,1,1,4
2021-07-02 11:18:38,1,0,0,1
2021-07-02 11:18:39,1,0,0,1
2021-07-02 11:18:46,0,1,0,1
2021-07-02 11:19:03,0,1,0,1
2021-07-02 11:19:06,0,0,0,0
2021-07-02 11:19:09,4,0,2,6
2021-07-02 11:19:11,146,8,56,210
2021-07-02 11:19:16,5,2,1,8
2021-07-02 11:19:25,1,0,0,1
2021-07-02 11:19:38,0,1,0,1
2021-07-02 11:19:40,5,0,2,7
2021-07-02 11:19:42,1,0,0,1
2021-07-02 11:19:54,1,0,0,1
2021-07-02 11:20:02,1,0,0,1
2021-07-02 11:20:07,1,0,0,1
2021-07-02 11:20:14,0,0,0,0
2021-07-02 11:20:30,1,0,1,2
2021-07-02 11:20:33,1,0,0,1
2021-07-02 11:20:34,71,3,7,81
2021-07-02 11:20:43,2,0,2,4
2021-07-02 11:20:46,23,2,10,35
2021-07-02 11:21:21,1,0,0,1
2021-07-02 11:21:22,38,1,20,59
2021-07-02 11:21:40,3,1,0,4
2021-07-02 11:21:41,0,0,0,0
2021-07-02 11:21:45,1,0,0,1
2021-07-02 11:21:47,1,0,0,1
2021-07-02 11:21:48,4,1,2,7
2021-07-02 11:21:57,0,1,0,1
2021-07-02 11:21:59,0,0,0,0
2021-07-02 11:22:10,0,0,0,0
2021-07-02 11:22:11,1,0,0,1
2021-07-02 11:22:15,1,0,0,1
2021-07-02 11:22:19,0,0,0,0
2021-07-02 11:22:25,0,0,0,0
2021-07-02 11:22:34,0,0,0,0
2021-07-02 11:22:37,2,1,0,3
2021-07-02 11:22:38,0,0,0,0
2021-07-02 11:22:39,1,0,0,1
2021-07-02 11:22:53,7,0,3,10
2021-07-02 11:22:54,1,0,0,1
2021-07-02 11:23:04,2,0,0,2
2021-07-02 11:23:09,1,0,1,2
2021-07-02 11:23:10,0,0,0,0
2021-07-02 11:23:12,6,0,2,8
2021-07-02 11:23:16,1,0,0,1
2021-07-02 11:23:28,3,0,0,3
2021-07-02 11:23:31,14,2,1,17
2021-07-02 11:23:34,1,0,0,1
2021-07-02 11:23:35,5,0,0,5
2021-07-02 11:23:37,0,0,0,0
2021-07-02 11:23:40,1,0,0,1
2021-07-02 11:23:41,0,0,0,0
2021-07-02 11:23:43,1,0,0,1
2021-07-02 11:23:54,1,0,0,1
2021-07-02 11:24:06,0,0,0,0
2021-07-02 11:24:11,0,0,0,0
2021-07-02 11:24:12,1,0,0,1
2021-07-02 11:24:18,0,0,0,0
2021-07-02 11:24:23,1,0,0,1
2021-07-02 11:24:27,14,3,0,17
2021-07-02 11:24:31,1,0,0,1
2021-07-02 11:24:38,1,0,0,1
2021-07-02 11:24:41,46,2,3,51
2021-07-02 11:24:43,1,0,0,1
2021-07-02 11:24:44,9,0,5,14
2021-07-02 11:24:57,1,0,0,1
2021-07-02 11:25:08,2,0,0,2
2021-07-02 11:25:09,5,0,1,6
2021-07-02 11:25:16,1,0,0,1
2021-07-02 11:25:26,0,0,0,0
2021-07-02 11:25:33,1,0,0,1
2021-07-02 11:25:43,1,0,0,1
2021-07-02 11:25:56,1,1,0,2
2021-07-02 11:26:02,0,0,0,0
2021-07-02 11:26:04,1,1,0,2
2021-07-02 11:26:07,3,1,2,6
2021-07-02 11:26:24,1,0,0,1
2021-07-02 11:26:29,1,0,1,2
2021-07-02 11:26:32,3,0,1,4
2021-07-02 11:26:33,5,0,0,5
2021-07-02 11:26:35,0,0,0,0
2021-07-02 11:26:40,0,0,0,0
2021-07-02 11:26:42,3,0,0,3
2021-07-02 11:26:51,102,0,32,134
2021-07-02 11:26:55,5,1,0,6
2021-07-02 11:27:02,1,0,0,1
2021-07-02 11:27:06,3,2,2,7
2021-07-02 11:27:08,1,0,0,1
2021-07-02 11:27:13,291,11,109,411
2021-07-02 11:27:16,15,0,6,21
2021-07-02 11:27:27,3,0,3,6
2021-07-02 11:27:31,1,0,0,1
2021-07-02 11:27:36,4,0,0,4
2021-07-02 11:27:37,31,2,1,34
2021-07-02 11:27:39,0,0,0,0
2021-07-02 11:27:43,1,0,0,1
2021-07-02 11:27:52,1,0,0,1
2021-07-02 11:28:03,2,0,0,2
2021-07-02 11:28:04,3,0,0,3
2021-07-02 11:28:14,1,0,0,1
2021-07-02 11:28:26,0,0,0,0
2021-07-02 11:28:38,1,0,0,1
2021-07-02 11:28:43,0,0,0,0
2021-07-02 11:28:50,1,0,0,1
2021-07-02 11:28:56,1,0,0,1
2021-07-02 11:29:08,1,0,0,1
2021-07-02 11:29:14,1,0,0,1
2021-07-02 11:29:15,41,3,8,52
2021-07-02 11:29:19,4,0,0,4
2021-07-02 11:29:28,3,0,1,4
2021-07-02 11:29:36,1,0,0,1
2021-07-02 11:29:39,23,0,9,32
2021-07-02 11:29:41,0,0,0,0
2021-07-02 11:29:42,3,1,1,5
2021-07-02 11:29:51,1,0,0,1
2021-07-02 11:29:53,5,0,2,7
2021-07-02 11:29:55,0,0,0,0
2021-07-02 11:30:00,3,0,1,4
2021-07-02 11:30:12,1,0,0,1
2021-07-02 11:30:13,1344,63,262,1669
2021-07-02 11:30:21,4,0,0,4
2021-07-02 11:30:23,0,0,0,0
2021-07-02 11:30:25,0,0,0,0
2021-07-02 11:30:27,1,0,0,1
2021-07-02 11:30:29,0,0,0,0
2021-07-02 11:30:39,4,0,4,8
2021-07-02 11:30:42,53,0,3,56
2021-07-02 11:30:43,2,0,0,2
2021-07-02 11:30:56,0,0,0,0
2021-07-02 11:30:58,10,0,1,11
2021-07-02 11:31:01,4,0,1,5
2021-07-02 11:31:02,1,0,0,1
2021-07-02 11:31:04,1,0,0,1
2021-07-02 11:31:13,12,1,2,15
2021-07-02 11:31:16,1,0,0,1
2021-07-02 11:31:21,6,0,2,8
2021-07-02 11:31:22,0,0,0,0
2021-07-02 11:31:28,3,0,0,3
2021-07-02 11:31:34,2,0,0,2
2021-07-02 11:31:35,2,0,0,2
2021-07-02 11:31:36,80,4,15,99
2021-07-02 11:31:45,8,0,4,12
2021-07-02 11:31:46,1,0,0,1
2021-07-02 11:31:52,2,0,0,2
2021-07-02 11:32:00,7,0,4,11
2021-07-02 11:32:16,40,0,18,58
2021-07-02 11:32:31,1,0,0,1
2021-07-02 11:32:35,0,0,0,0
2021-07-02 11:32:40,0,0,0,0
2021-07-02 11:32:46,1,0,0,1
2021-07-02 11:32:52,3,0,1,4
2021-07-02 11:32:54,1,0,1,2
2021-07-02 11:32:56,1,1,0,2
2021-07-02 11:33:02,1,0,0,1
2021-07-02 11:33:08,22,0,7,29
2021-07-02 11:33:14,3,1,2,6
2021-07-02 11:33:26,0,0,0,0
2021-07-02 11:33:32,0,0,0,0
2021-07-02 11:33:37,1,0,0,1
2021-07-02 11:33:38,4,0,1,5
2021-07-02 11:33:45,0,0,0,0
2021-07-02 11:33:57,0,0,0,0
2021-07-02 11:34:03,3,0,1,4
2021-07-02 11:34:07,1,0,0,1
2021-07-02 11:34:12,14,0,0,14
2021-07-02 11:34:14,0,0,0,0
2021-07-02 11:34:15,0,0,0,0
2021-07-02 11:34:25,0,0,0,0
2021-07-02 11:34:33,1,0,0,1
2021-07-02 11:34:34,4,0,1,5
2021-07-02 11:34:50,5,0,3,8
2021-07-02 11:35:08,1,0,0,1
2021-07-02 11:35:21,1,0,0,1
2021-07-02 11:35:34,0,0,0,0
2021-07-02 11:35:42,0,0,0,0
2021-07-02 11:35:45,1,0,0,1
2021-07-02 11:35:47,30,3,17,50
2021-07-02 11:35:53,0,0,0,0
2021-07-02 11:35:54,2,0,1,3
2021-07-02 11:36:01,2,1,0,3
2021-07-02 11:36:09,1,0,0,1
2021-07-02 11:36:11,0,0,0,0
2021-07-02 11:36:17,9,1,0,10
2021-07-02 11:36:33,1,0,0,1
2021-07-02 11:36:49,0,0,0,0
2021-07-02 11:36:53,0,0,0,0
2021-07-02 11:37:02,1,0,0,1
2021-07-02 11:37:04,0,0,0,0
2021-07-02 11:37:16,8,0,6,14
2021-07-02 11:37:19,1,0,0,1
2021-07-02 11:37:38,1,0,0,1
2021-07-02 11:37:39,11,0,6,17
2021-07-02 11:37:42,0,0,0,0
2021-07-02 11:37:47,374,20,119,513
2021-07-02 11:38:00,1,0,0,1
2021-07-02 11:38:04,0,0,0,0
2021-07-02 11:38:05,0,0,0,0
2021-07-02 11:38:14,1,0,0,1
2021-07-02 11:38:19,1,0,0,1
2021-07-02 11:38:21,1,0,0,1
2021-07-02 11:38:22,0,0,0,0
2021-07-02 11:38:28,8,0,2,10
2021-07-02 11:38:52,3,2,0,5
2021-07-02 11:39:05,48,1,23,72
2021-07-02 11:39:25,5,0,5,10
2021-07-02 11:39:26,4,0,1,5
2021-07-02 11:39:29,2,0,0,2
2021-07-02 11:39:30,0,0,0,0
2021-07-02 11:39:40,1,0,0,1
2021-07-02 11:39:43,1,0,0,1
2021-07-02 11:39:48,5,1,1,7
2021-07-02 11:39:52,1,0,0,1
2021-07-02 11:40:00,0,0,0,0
2021-07-02 11:40:04,1,0,0,1
2021-07-02 11:40:07,1,0,1,2
2021-07-02 11:40:08,3,0,0,3
2021-07-02 11:40:10,0,0,0,0
2021-07-02 11:40:21,2,1,0,3
2021-07-02 11:40:32,0,0,0,0
2021-07-02 11:40:34,0,0,0,0
2021-07-02 11:40:36,1,0,0,1
2021-07-02 11:40:47,1,0,0,1
2021-07-02 11:41:10,3,0,1,4
2021-07-02 11:41:14,0,0,0,0
2021-07-02 11:41:15,1,0,0,1
2021-07-02 11:41:30,1,0,0,1
2021-07-02 11:41:33,2,0,0,2
2021-07-02 11:41:37,0,0,0,0
2021-07-02 11:41:42,1,0,0,1
2021-07-02 11:41:45,0,0,0,0
2021-07-02 11:41:53,0,0,0,0
2021-07-02 11:42:04,1,0,0,1
2021-07-02 11:42:08,100,2,28,130
2021-07-02 11:42:12,3,0,2,5
2021-07-02 11:42:25,4,0,0,4
2021-07-02 11:42:45,1,0,0,1
2021-07-02 11:42:57,1,0,0,1
2021-07-02 11:43:04,0,0,0,0
2021-07-02 11:43:12,8,0,5,13
2021-07-02 11:43:18,1,0,1,2
2021-07-02 11:43:41,2,0,0,2
2021-07-02 11:43:46,36,2,5,43
2021-07-02 11:43:47,1,0,0,1
2021-07-02 11:44:00,3,1,1,5
2021-07-02 11:44:06,5,0,4,9
2021-07-02 11:44:07,64,0,17,81
2021-07-02 11:44:08,1,0,0,1
2021-07-02 11:44:13,2,0,0,2
2021-07-02 11:44:22,624,37,169,830
2021-07-02 11:44:29,5,1,0,6
2021-07-02 11:44:32,0,0,0,0
2021-07-02 11:44:34,1,0,1,2
2021-07-02 11:44:47,15,2,4,21
2021-07-02 11:44:48,20,2,7,29
2021-07-02 11:44:49,2,0,0,2
2021-07-02 11:44:58,0,0,0,0
2021-07-02 11:45:03,1,0,0,1
2021-07-02 11:45:11,5,0,0,5
2021-07-02 11:45:12,1,0,0,1
2021-07-02 11:45:14,4,1,1,6
2021-07-02 11:45:19,0,0,0,0
2021-07-02 11:45:21,0,0,0,0
2021-07-02 11:45:23,0,0,0,0
2021-07-02 11:45:26,0,0,0,0
2021-07-02 11:45:29,17,2,6,25
2021-07-02 11:45:30,6,0,7,13
2021-07-02 11:45:35,1,0,0,1
2021-07-02 11:45:43,0,0,0,0
2021-07-02 11:45:45,1,1,1,3
2021-07-02 11:45:47,0,0,0,0
2021-07-02 11:45:50,0,0,0,0
2021-07-02 11:45:51,0,0,0,0
2021-07-02 11:45:54,0,0,0,0
2021-07-02 11:45:56,0,0,1,1
2021-07-02 11:45:58,0,0,0,0
2021-07-02 11:46:00,2,0,0,2
2021-07-02 11:46:02,0,0,0,0
2021-07-02 11:46:06,0,0,0,0
2021-07-02 11:46:09,0,0,0,0
2021-07-02 11:46:11,0,0,0,0
2021-07-02 11:46:12,44,1,13,58
2021-07-02 11:46:13,0,0,0,0
2021-07-02 11:46:16,0,0,0,0
2021-07-02 11:46:18,31,0,2,33
2021-07-02 11:46:27,4,0,3,7
2021-07-02 11:46:38,0,0,0,0
2021-07-02 11:46:39,4,0,1,5
2021-07-02 11:46:42,1185,61,261,1507
2021-07-02 11:46:43,3,0,0,3
2021-07-02 11:46:48,16,0,9,25
2021-07-02 11:46:50,1,0,0,1
2021-07-02 11:46:58,1,0,0,1
2021-07-02 11:47:07,0,0,0,0
2021-07-02 11:47:26,17,1,7,25
2021-07-02 11:47:33,0,0,0,0
2021-07-02 11:47:38,0,0,0,0
2021-07-02 11:47:45,0,0,0,0
2021-07-02 11:47:53,1,1,0,2
2021-07-02 11:47:55,0,0,0,0
2021-07-02 11:48:01,0,0,0,0
2021-07-02 11:48:08,0,0,0,0
2021-07-02 11:48:11,0,0,0,0
2021-07-02 11:48:22,0,0,0,0
2021-07-02 11:48:24,0,0,0,0
2021-07-02 11:48:30,3,0,1,4
2021-07-02 11:48:38,0,0,0,0
2021-07-02 11:48:40,0,0,0,0
2021-07-02 11:48:49,0,0,0,0
2021-07-02 11:48:57,8,0,5,13
2021-07-02 11:49:03,0,0,0,0
2021-07-02 11:49:12,1,0,0,1
2021-07-02 11:49:15,0,0,0,0
2021-07-02 11:49:27,0,0,1,1
2021-07-02 11:49:28,2,0,1,3
2021-07-02 11:49:29,10,4,6,20
2021-07-02 11:49:37,1,0,0,1
2021-07-02 11:49:38,0,0,0,0
2021-07-02 11:49:47,0,0,0,0
2021-07-02 11:49:51,1,0,0,1
2021-07-02 11:49:55,1,0,0,1
2021-07-02 11:49:58,1,0,0,1
2021-07-02 11:50:13,0,0,0,0
2021-07-02 11:50:15,1,0,0,1
2021-07-02 11:50:21,0,0,0,0
2021-07-02 11:50:24,0,0,0,0
2021-07-02 11:50:29,5,0,1,6
2021-07-02 11:50:36,1,0,0,1
2021-07-02 11:50:39,0,0,0,0
2021-07-02 11:50:45,0,0,0,0
2021-07-02 11:50:50,0,0,0,0
2021-07-02 11:51:00,0,0,0,0
2021-07-02 11:51:22,3,0,0,3
2021-07-02 11:51:24,3,0,0,3
2021-07-02 11:51:30,69,3,22,94
2021-07-02 11:51:34,1,0,0,1
2021-07-02 11:51:52,1,0,0,1
2021-07-02 11:52:00,0,0,0,0
2021-07-02 11:52:02,1,0,0,1
2021-07-02 11:52:20,3,0,2,5
2021-07-02 11:52:26,0,0,1,1
2021-07-02 11:52:29,279,16,116,411
2021-07-02 11:52:30,1,0,0,1
2021-07-02 11:52:36,0,0,0,0
2021-07-02 11:52:38,4,0,1,5
2021-07-02 11:52:42,10,2,8,20
2021-07-02 11:52:44,1,0,0,1
2021-07-02 11:52:57,1,0,0,1
2021-07-02 11:53:00,2,0,0,2
2021-07-02 11:53:01,1,0,0,1
2021-07-02 11:53:06,89,3,39,131
2021-07-02 11:53:09,5,0,3,8
2021-07-02 11:53:18,0,0,0,0
2021-07-02 11:53:24,1,0,0,1
2021-07-02 11:53:25,2,1,0,3
2021-07-02 11:53:31,0,0,0,0
2021-07-02 11:53:39,1,0,0,1
2021-07-02 11:53:51,4,0,0,4
2021-07-02 11:53:55,1,0,0,1
2021-07-02 11:54:04,4,0,3,7
2021-07-02 11:54:15,9,1,4,14
2021-07-02 11:54:21,252,14,73,339
2021-07-02 11:54:44,0,0,0,0
2021-07-02 11:54:51,3,0,1,4
2021-07-02 11:54:56,1,0,0,1
2021-07-02 11:55:44,0,0,0,0
2021-07-02 11:55:46,0,0,0,0
2021-07-02 11:55:51,0,0,0,0
2021-07-02 11:55:54,120,16,53,189
2021-07-02 11:55:55,5,0,4,9
2021-07-02 11:55:57,1,0,0,1
2021-07-02 11:55:58,3,0,0,3
2021-07-02 11:56:29,1,0,0,1
2021-07-02 11:56:36,0,0,0,0
2021-07-02 11:56:37,36,0,5,41
2021-07-02 11:56:38,21,1,7,29
2021-07-02 11:56:43,5,0,2,7
2021-07-02 11:57:05,0,0,0,0
2021-07-02 11:57:06,0,0,0,0
2021-07-02 11:57:15,0,0,0,0
2021-07-02 11:57:16,10,0,3,13
2021-07-02 11:57:19,2,0,0,2
2021-07-02 11:57:29,0,0,0,0
2021-07-02 11:57:38,1,0,0,1
2021-07-02 11:57:49,6,0,3,9
2021-07-02 11:57:54,1,0,0,1
2021-07-02 11:58:16,1,0,0,1
2021-07-02 11:58:18,185,5,35,225
2021-07-02 11:58:29,3,0,1,4
2021-07-02 11:58:39,1,0,0,1
2021-07-02 11:58:42,1,0,0,1
2021-07-02 11:58:44,0,0,0,0
2021-07-02 11:58:45,0,0,0,0
2021-07-02 11:58:51,0,0,0,0
2021-07-02 11:59:03,1,0,0,1
2021-07-02 11:59:09,5,0,4,9
2021-07-02 11:59:17,1,0,0,1
2021-07-02 11:59:30,1,0,0,1
2021-07-02 11:59:35,1,0,0,1
2021-07-02 11:59:43,8,0,2,10
2021-07-02 11:59:57,1,0,0,1
2021-07-02 12:00:02,8,0,3,11
2021-07-02 12:00:09,5,0,2,7
2021-07-02 12:00:10,7,0,3,10
2021-07-02 12:00:15,1,0,0,1
2021-07-02 12:00:36,1,0,0,1
2021-07-02 12:00:38,1,0,1,2
2021-07-02 12:00:46,4,0,1,5
2021-07-02 12:00:52,27,5,7,39
2021-07-02 12:01:00,2,0,0,2
2021-07-02 12:01:07,6,0,0,6
2021-07-02 12:01:09,27,1,16,44
2021-07-02 12:01:11,7,1,0,8
2021-07-02 12:01:13,1,0,0,1
2021-07-02 12:01:23,0,0,0,0
2021-07-02 12:01:29,0,0,1,1
2021-07-02 12:01:34,5,1,0,6
2021-07-02 12:01:35,0,0,0,0
2021-07-02 12:01:47,0,0,0,0
2021-07-02 12:01:48,2,0,0,2
2021-07-02 12:01:49,0,0,0,0
2021-07-02 12:01:50,1,0,0,1
2021-07-02 12:01:58,1,1,0,2
2021-07-02 12:02:03,1,0,0,1
2021-07-02 12:02:11,1,0,0,1
2021-07-02 12:02:14,2,0,0,2
2021-07-02 12:02:25,1,0,0,1
2021-07-02 12:02:30,0,0,0,0
2021-07-02 12:02:32,0,0,0,0
2021-07-02 12:02:37,1,0,0,1
2021-07-02 12:02:41,0,0,0,0
2021-07-02 12:02:44,1,0,0,1
2021-07-02 12:03:09,3,2,0,5
2021-07-02 12:03:19,0,0,0,0
2021-07-02 12:03:33,3,0,0,3
2021-07-02 12:03:36,2,0,0,2
2021-07-02 12:03:40,16,0,7,23
2021-07-02 12:03:52,0,0,0,0
2021-07-02 12:03:53,0,0,0,0
2021-07-02 12:03:56,1,0,1,2
2021-07-02 12:04:04,0,0,0,0
2021-07-02 12:04:11,2,0,0,2
2021-07-02 12:04:24,0,0,0,0
2021-07-02 12:04:39,0,0,0,0
2021-07-02 12:04:45,0,0,0,0
2021-07-02 12:04:48,0,0,0,0
2021-07-02 12:04:51,0,0,0,0
2021-07-02 12:04:52,8,1,1,10
2021-07-02 12:05:00,4,0,3,7
2021-07-02 12:05:03,1,0,0,1
2021-07-02 12:05:09,1,0,0,1
2021-07-02 12:05:12,0,0,0,0
2021-07-02 12:05:34,2,0,0,2
2021-07-02 12:05:39,1,1,0,2
2021-07-02 12:05:53,6,0,3,9
2021-07-02 12:05:56,0,0,0,0
2021-07-02 12:06:01,0,0,0,0
2021-07-02 12:06:07,0,0,0,0
2021-07-02 12:06:09,2,0,0,2
2021-07-02 12:06:12,12,1,1,14
2021-07-02 12:06:13,0,0,0,0
2021-07-02 12:06:14,1,0,0,1
2021-07-02 12:06:18,0,0,1,1
2021-07-02 12:06:20,0,0,0,0
2021-07-02 12:06:24,0,0,0,0
2021-07-02 12:06:29,0,0,0,0
2021-07-02 12:06:35,0,0,0,0
2021-07-02 12:06:41,0,0,0,0
2021-07-02 12:06:47,0,0,0,0
2021-07-02 12:06:51,0,0,0,0
2021-07-02 12:06:53,258,8,91,357
2021-07-02 12:06:54,0,0,0,0
2021-07-02 12:06:59,0,0,0,0
2021-07-02 12:07:02,0,0,0,0
2021-07-02 12:07:20,0,0,0,0
2021-07-02 12:07:34,0,0,0,0
2021-07-02 12:07:42,6,0,0,6
2021-07-02 12:07:47,0,0,0,0
2021-07-02 12:07:54,20,1,7,28
2021-07-02 12:07:55,0,0,0,0
2021-07-02 12:08:07,0,0,0,0
2021-07-02 12:08:16,2,0,0,2
2021-07-02 12:08:20,1,0,0,1
2021-07-02 12:08:21,1,0,0,1
2021-07-02 12:08:43,0,0,0,0
2021-07-02 12:08:46,0,0,0,0
2021-07-02 12:08:51,1,0,0,1
2021-07-02 12:08:57,0,0,0,0
2021-07-02 12:09:14,1,0,0,1
2021-07-02 12:09:18,0,0,0,0
2021-07-02 12:09:20,1,0,0,1
2021-07-02 12:09:27,21,0,11,32
2021-07-02 12:09:30,2,0,2,4
2021-07-02 12:09:46,0,0,0,0
2021-07-02 12:09:48,5,0,1,6
2021-07-02 12:10:04,0,0,0,0
2021-07-02 12:10:21,1,0,0,1
2021-07-02 12:10:30,2,0,0,2
2021-07-02 12:10:33,1,0,1,2
2021-07-02 12:10:47,2,1,3,6
2021-07-02 12:11:09,4,0,3,7
2021-07-02 12:11:12,1,0,0,1
2021-07-02 12:11:15,3,0,0,3
2021-07-02 12:11:22,0,0,0,0
2021-07-02 12:11:33,3,0,1,4
2021-07-02 12:11:42,9,0,3,12
2021-07-02 12:11:46,0,0,0,0
2021-07-02 12:12:51,0,0,0,0
2021-07-02 12:12:52,0,0,0,0
2021-07-02 12:13:18,0,0,0,0
2021-07-02 12:14:11,0,0,0,0
2021-07-02 12:14:17,6,0,1,7
2021-07-02 12:14:26,0,0,0,0
2021-07-02 12:14:56,0,0,0,0
2021-07-02 12:15:13,3,0,2,5
2021-07-02 12:15:18,100,4,29,133
2021-07-02 12:15:54,1,0,0,1
2021-07-02 12:15:58,0,0,0,0
2021-07-02 12:15:59,1,0,0,1
2021-07-02 12:16:01,0,0,0,0
2021-07-02 12:16:05,0,0,0,0
2021-07-02 12:16:11,0,0,0,0
2021-07-02 12:16:16,2,0,0,2
2021-07-02 12:16:18,0,0,0,0
2021-07-02 12:16:21,0,0,0,0
2021-07-02 12:16:24,1,0,0,1
2021-07-02 12:16:29,0,0,0,0
2021-07-02 12:16:32,2,0,1,3
2021-07-02 12:16:33,0,0,0,0
2021-07-02 12:16:36,0,0,0,0
2021-07-02 12:16:40,0,0,0,0
2021-07-02 12:16:43,10,5,3,18
2021-07-02 12:16:48,12,0,9,21
2021-07-02 12:16:51,7,0,5,12
2021-07-02 12:17:10,0,0,0,0
2021-07-02 12:17:18,1,0,0,1
2021-07-02 12:17:21,0,0,0,0
2021-07-02 12:17:33,40,2,16,58
2021-07-02 12:17:38,0,0,0,0
2021-07-02 12:17:39,28,1,12,41
2021-07-02 12:17:52,0,0,0,0
2021-07-02 12:18:10,0,0,0,0
2021-07-02 12:18:37,1,0,0,1
2021-07-02 12:19:00,5,0,2,7
2021-07-02 12:19:04,7,1,5,13
2021-07-02 12:19:18,0,0,0,0
2021-07-02 12:19:36,0,0,0,0
2021-07-02 12:19:38,0,0,0,0
2021-07-02 12:19:39,0,0,0,0
2021-07-02 12:19:42,1,1,0,2
2021-07-02 12:19:58,28,1,18,47
2021-07-02 12:20:09,0,0,0,0
2021-07-02 12:20:10,0,0,0,0
2021-07-02 12:20:15,0,1,0,1
2021-07-02 12:20:26,30,0,12,42
2021-07-02 12:20:38,24,5,8,37
2021-07-02 12:20:42,4,0,1,5
2021-07-02 12:20:50,2,0,0,2
2021-07-02 12:21:21,317,5,52,374
2021-07-02 12:21:36,2,0,1,3
2021-07-02 12:22:02,0,0,0,0
2021-07-02 12:22:26,1,0,0,1
2021-07-02 12:22:32,125,1,43,169
2021-07-02 12:22:45,0,0,0,0
2021-07-02 12:23:10,0,0,0,0
2021-07-02 12:23:28,2,0,0,2
2021-07-02 12:23:56,30,0,12,42
2021-07-02 12:24:00,0,0,0,0
2021-07-02 12:24:09,0,0,0,0
2021-07-02 12:24:59,7,0,4,11
2021-07-02 12:25:32,0,0,0,0
2021-07-02 12:26:09,1,0,1,2
2021-07-02 12:26:15,1,0,1,2
2021-07-02 12:26:19,0,0,0,0
2021-07-02 12:26:20,2,0,1,3
2021-07-02 12:26:25,2,0,0,2
2021-07-02 12:26:26,0,0,0,0
2021-07-02 12:26:32,0,0,0,0
2021-07-02 12:26:37,0,0,0,0
2021-07-02 12:26:43,1,0,1,2
2021-07-02 12:26:49,76,5,27,108
2021-07-02 12:26:55,1,0,0,1
2021-07-02 12:26:59,11,0,4,15
2021-07-02 12:27:03,0,0,0,0
2021-07-02 12:27:10,1,0,0,1
2021-07-02 12:27:24,910,51,223,1184
2021-07-02 12:27:53,1,0,0,1
2021-07-02 12:27:57,0,0,0,0
2021-07-02 12:28:02,1,0,0,1
2021-07-02 12:28:43,10,0,4,14
2021-07-02 12:28:47,28,4,5,37
2021-07-02 12:29:02,4,0,1,5
2021-07-02 12:29:26,41,0,18,59
2021-07-02 12:30:00,1,0,1,2
2021-07-02 12:30:14,0,0,0,0
2021-07-02 12:30:16,0,0,0,0
2021-07-02 12:30:20,0,0,1,1
2021-07-02 12:30:36,4,0,3,7
2021-07-02 12:30:37,0,0,0,0
2021-07-02 12:30:46,3,1,1,5
2021-07-02 12:30:47,6,4,0,10
2021-07-02 12:31:07,2,0,1,3
2021-07-02 12:31:12,57,0,26,83
2021-07-02 12:31:17,39,4,18,61
2021-07-02 12:31:26,1,0,0,1
2021-07-02 12:31:27,8,1,5,14
2021-07-02 12:31:41,6,2,1,9
2021-07-02 12:31:54,0,0,0,0
2021-07-02 12:31:56,1,0,0,1
2021-07-02 12:31:58,3,0,2,5
2021-07-02 12:32:08,0,0,0,0
2021-07-02 12:32:09,1,0,0,1
2021-07-02 12:32:11,452,8,156,616
2021-07-02 12:32:12,0,0,0,0
2021-07-02 12:32:20,3,0,3,6
2021-07-02 12:32:21,1,0,0,1
2021-07-02 12:32:38,18,0,1,19
2021-07-02 12:32:45,85,9,36,130
2021-07-02 12:32:55,4,0,0,4
2021-07-02 12:33:03,0,0,0,0
2021-07-02 12:33:13,1,0,0,1
2021-07-02 12:33:14,12,0,7,19
2021-07-02 12:33:16,0,0,0,0
2021-07-02 12:33:18,0,0,0,0
2021-07-02 12:33:33,1,0,1,2
2021-07-02 12:34:29,0,0,0,0
2021-07-02 12:34:47,2,0,1,3
2021-07-02 12:34:49,51,5,19,75
2021-07-02 12:34:53,0,0,0,0
2021-07-02 12:35:16,28,0,12,40
2021-07-02 12:35:28,1,1,0,2
2021-07-02 12:35:37,2,0,1,3
2021-07-02 12:35:46,0,0,0,0
2021-07-02 12:35:47,3,1,0,4
2021-07-02 12:35:48,241,15,92,348
2021-07-02 12:36:33,0,0,0,0
2021-07-02 12:36:34,138,7,45,190
2021-07-02 12:36:39,6,0,5,11
2021-07-02 12:36:56,0,0,0,0
2021-07-02 12:37:02,4,0,0,4
2021-07-02 12:37:11,2,0,0,2
2021-07-02 12:37:12,0,0,0,0
2021-07-02 12:37:17,0,0,0,0
2021-07-02 12:37:24,1,1,0,2
2021-07-02 12:37:43,0,0,0,0
2021-07-02 12:37:48,7,0,3,10
2021-07-02 12:37:53,11,0,2,13
2021-07-02 12:38:05,18,0,6,24
2021-07-02 12:38:06,1,0,0,1
2021-07-02 12:38:37,6,2,0,8
2021-07-02 12:38:38,4,0,2,6
2021-07-02 12:38:51,1,0,0,1
2021-07-02 12:39:01,189,4,55,248
2021-07-02 12:39:10,1,0,0,1
2021-07-02 12:39:19,0,0,0,0
2021-07-02 12:39:32,0,0,0,0
2021-07-02 12:39:33,0,0,0,0
2021-07-02 12:39:37,1,0,1,2
2021-07-02 12:39:38,40,2,7,49
2021-07-02 12:39:46,0,0,0,0
2021-07-02 12:39:54,0,0,0,0
2021-07-02 12:39:59,2,0,2,4
2021-07-02 12:40:02,0,0,0,0
2021-07-02 12:40:03,384,6,94,484
2021-07-02 12:40:10,8,0,4,12
2021-07-02 12:40:28,14,0,4,18
2021-07-02 12:40:31,0,0,0,0
2021-07-02 12:41:00,0,0,0,0
2021-07-02 12:41:07,0,0,0,0
2021-07-02 12:41:52,1,0,0,1
2021-07-02 12:42:06,4,0,3,7
2021-07-02 12:42:18,4,1,1,6
2021-07-02 12:42:22,1,1,0,2
2021-07-02 12:42:29,2,0,0,2
2021-07-02 12:42:30,260,5,34,299
2021-07-02 12:42:41,0,0,0,0
2021-07-02 12:42:59,1,0,0,1
2021-07-02 12:43:39,0,0,0,0
2021-07-02 12:43:42,1,0,1,2
2021-07-02 12:43:47,189,13,20,222
2021-07-02 12:43:48,8,0,3,11
2021-07-02 12:43:52,13,1,7,21
2021-07-02 12:43:56,108,3,25,136
2021-07-02 12:43:58,0,0,0,0
2021-07-02 12:44:06,5,0,3,8
2021-07-02 12:44:19,0,0,0,0
2021-07-02 12:44:20,0,0,0,0
2021-07-02 12:44:36,24,1,13,38
2021-07-02 12:44:42,0,0,0,0
2021-07-02 12:44:47,9,1,5,15
2021-07-02 12:45:16,1,0,0,1
2021-07-02 12:45:44,0,0,0,0
2021-07-02 12:45:56,0,0,0,0
2021-07-02 12:46:05,1,0,1,2
2021-07-02 12:46:21,0,0,0,0
2021-07-02 12:46:23,1,0,0,1
2021-07-02 12:46:25,0,0,0,0
2021-07-02 12:46:28,0,0,0,0
2021-07-02 12:46:32,0,1,0,1
2021-07-02 12:46:33,1,0,0,1
2021-07-02 12:46:34,0,0,0,0
2021-07-02 12:46:36,0,0,0,0
2021-07-02 12:46:38,0,0,0,0
2021-07-02 12:46:39,1,0,2,3
2021-07-02 12:46:53,0,0,0,0
2021-07-02 12:46:56,26,2,9,37
2021-07-02 12:47:09,0,0,0,0
2021-07-02 12:47:14,0,0,0,0
2021-07-02 12:47:20,0,0,0,0
2021-07-02 12:47:29,2,0,0,2
2021-07-02 12:47:30,4,1,3,8
2021-07-02 12:47:33,13,1,10,24
2021-07-02 12:47:54,0,0,0,0
2021-07-02 12:48:00,922,4,46,972
2021-07-02 12:48:30,1,0,1,2
2021-07-02 12:48:47,1,0,2,3
2021-07-02 12:49:00,0,0,0,0
2021-07-02 12:49:02,0,0,0,0
2021-07-02 12:49:33,0,0,0,0
2021-07-02 12:49:34,0,0,0,0
2021-07-02 12:49:55,3,0,1,4
2021-07-02 12:50:00,8,0,4,12
2021-07-02 12:50:04,0,0,0,0
2021-07-02 12:50:20,4,0,0,4
2021-07-02 12:50:31,2,0,0,2
2021-07-02 12:50:36,200,4,104,308
2021-07-02 12:50:37,0,0,0,0
2021-07-02 12:50:46,0,0,0,0
2021-07-02 12:50:56,14,2,1,17
2021-07-02 12:51:04,0,0,1,1
2021-07-02 12:51:43,1,0,1,2
2021-07-02 12:51:47,5,1,1,7
2021-07-02 12:52:11,4,0,3,7
2021-07-02 12:52:17,12,0,4,16
2021-07-02 12:52:19,5,0,1,6
2021-07-02 12:52:22,0,0,0,0
2021-07-02 12:52:33,3,0,0,3
2021-07-02 12:52:39,5,1,1,7
2021-07-02 12:52:41,0,0,0,0
2021-07-02 12:52:44,0,0,0,0
2021-07-02 12:52:50,51,0,21,72
2021-07-02 12:52:54,48,0,6,54
2021-07-02 12:53:26,3,0,2,5
2021-07-02 12:53:38,3,0,0,3
2021-07-02 12:54:00,3,0,0,3
2021-07-02 12:54:03,1,0,0,1
2021-07-02 12:54:10,6,0,1,7
2021-07-02 12:54:11,0,0,0,0
2021-07-02 12:54:53,1,0,1,2
2021-07-02 12:55:17,26,0,14,40
2021-07-02 12:55:19,2,1,0,3
2021-07-02 12:55:20,0,0,0,0
2021-07-02 12:55:21,1,0,0,1
2021-07-02 12:55:28,2,0,1,3
2021-07-02 12:55:40,3,0,1,4
2021-07-02 12:55:58,4,2,2,8
2021-07-02 12:56:48,0,0,0,0
2021-07-02 12:57:00,5,0,6,11
2021-07-02 12:57:01,0,0,0,0
2021-07-02 12:57:34,1,0,0,1
2021-07-02 12:57:40,4,0,0,4
2021-07-02 12:57:42,1,1,1,3
2021-07-02 12:57:44,310,46,50,406
2021-07-02 12:57:45,0,0,1,1
2021-07-02 12:57:50,4,0,2,6
2021-07-02 12:58:16,1,0,0,1
2021-07-02 12:58:34,0,0,0,0
2021-07-02 12:58:51,5,0,2,7
2021-07-02 12:58:55,0,0,0,0
2021-07-02 12:59:07,1,0,0,1
2021-07-02 12:59:15,1,0,0,1
2021-07-02 12:59:36,1,0,0,1
2021-07-02 12:59:39,0,0,0,0
2021-07-02 12:59:43,0,0,0,0
2021-07-02 12:59:53,6,0,3,9
2021-07-02 13:00:02,0,0,0,0
2021-07-02 13:00:07,1,1,1,3
2021-07-02 13:00:19,3,0,0,3
2021-07-02 13:00:24,0,0,0,0
2021-07-02 13:00:49,3,0,0,3
2021-07-02 13:00:56,0,0,0,0
2021-07-02 13:01:35,13,0,4,17
2021-07-02 13:01:42,39,1,13,53
2021-07-02 13:02:00,0,0,0,0
2021-07-02 13:02:27,3,1,0,4
2021-07-02 13:02:36,1,0,0,1
2021-07-02 13:03:20,1,0,0,1
2021-07-02 13:03:34,0,1,0,1
2021-07-02 13:03:39,0,0,0,0
2021-07-02 13:03:44,13,1,7,21
2021-07-02 13:04:00,0,0,0,0
2021-07-02 13:04:01,0,0,0,0
2021-07-02 13:04:10,28,1,9,38
2021-07-02 13:04:37,1,0,0,1
2021-07-02 13:04:38,0,0,0,0
2021-07-02 13:04:43,0,0,0,0
2021-07-02 13:04:46,1,1,1,3
2021-07-02 13:04:59,48,2,28,78
2021-07-02 13:05:10,0,0,0,0
2021-07-02 13:05:14,2,0,0,2
2021-07-02 13:05:17,0,0,0,0
2021-07-02 13:05:26,1,0,0,1
2021-07-02 13:05:27,1,0,1,2
2021-07-02 13:05:33,2,0,0,2
2021-07-02 13:05:37,982,106,252,1340
2021-07-02 13:05:47,1,0,0,1
2021-07-02 13:06:10,0,0,0,0
2021-07-02 13:06:26,46,3,23,72
2021-07-02 13:06:30,0,0,0,0
2021-07-02 13:06:31,0,0,0,0
2021-07-02 13:06:32,1,0,0,1
2021-07-02 13:06:36,0,0,0,0
2021-07-02 13:06:39,0,0,0,0
2021-07-02 13:06:42,0,0,0,0
2021-07-02 13:06:49,1,0,0,1
2021-07-02 13:07:06,3,1,2,6
2021-07-02 13:07:24,0,0,1,1
2021-07-02 13:07:42,5,1,1,7
2021-07-02 13:07:43,0,0,0,0
2021-07-02 13:07:50,1,0,0,1
2021-07-02 13:07:52,3,0,0,3
2021-07-02 13:07:55,1,1,0,2
2021-07-02 13:08:02,2,0,2,4
2021-07-02 13:08:13,0,0,0,0
2021-07-02 13:08:18,0,0,0,0
2021-07-02 13:08:25,5,0,1,6
2021-07-02 13:08:45,0,0,0,0
2021-07-02 13:08:47,14,2,5,21
2021-07-02 13:08:54,0,0,0,0
2021-07-02 13:08:57,41,0,16,57
2021-07-02 13:08:59,2,0,6,8
2021-07-02 13:09:05,6,0,2,8
2021-07-02 13:09:12,0,0,0,0
2021-07-02 13:09:33,3,0,2,5
2021-07-02 13:09:40,1,0,0,1
2021-07-02 13:10:00,4,0,4,8
2021-07-02 13:10:16,0,0,0,0
2021-07-02 13:10:19,5,0,2,7
2021-07-02 13:10:34,14,0,8,22
2021-07-02 13:10:44,0,0,0,0
2021-07-02 13:10:54,0,0,0,0
2021-07-02 13:11:00,32,5,8,45
2021-07-02 13:11:09,0,0,0,0
2021-07-02 13:11:13,6,1,3,10
2021-07-02 13:11:16,0,0,0,0
2021-07-02 13:11:20,5,0,1,6
2021-07-02 13:11:29,0,0,0,0
2021-07-02 13:11:54,0,0,0,0
2021-07-02 13:11:55,2,0,0,2
2021-07-02 13:12:10,1,0,0,1
2021-07-02 13:12:12,0,0,0,0
2021-07-02 13:12:16,7,0,5,12
2021-07-02 13:12:18,22,1,4,27
2021-07-02 13:12:35,1,0,0,1
2021-07-02 13:12:41,0,0,0,0
2021-07-02 13:13:20,1,0,0,1
2021-07-02 13:13:24,14,0,10,24
2021-07-02 13:13:40,4,1,1,6
2021-07-02 13:13:51,61,0,9,70
2021-07-02 13:13:54,10,0,2,12
2021-07-02 13:13:58,9,0,3,12
2021-07-02 13:14:27,24,1,5,30
2021-07-02 13:14:29,0,1,0,1
2021-07-02 13:14:35,0,0,0,0
2021-07-02 13:14:37,3,0,1,4
2021-07-02 13:14:48,2,0,1,3
2021-07-02 13:14:50,0,1,0,1
2021-07-02 13:14:52,0,1,0,1
2021-07-02 13:14:54,0,0,0,0
2021-07-02 13:15:00,3,0,2,5
2021-07-02 13:15:07,1,0,2,3
2021-07-02 13:15:18,4,0,2,6
2021-07-02 13:15:29,16,2,5,23
2021-07-02 13:15:53,12,0,8,20
2021-07-02 13:16:01,0,0,0,0
2021-07-02 13:16:34,0,0,0,0
2021-07-02 13:16:48,0,0,0,0
2021-07-02 13:16:50,0,0,0,0
2021-07-02 13:16:56,2,0,0,2
2021-07-02 13:17:12,5,0,0,5
2021-07-02 13:17:23,0,0,0,0
2021-07-02 13:17:42,0,0,0,0
2021-07-02 13:17:49,34,1,20,55
2021-07-02 13:17:50,0,0,0,0
2021-07-02 13:18:03,0,0,0,0
2021-07-02 13:18:08,394,9,114,517
2021-07-02 13:18:12,11,0,7,18
2021-07-02 13:18:21,2,2,0,4
2021-07-02 13:18:36,1,0,0,1
2021-07-02 13:18:45,0,3,0,3
2021-07-02 13:18:50,2,0,2,4
2021-07-02 13:18:52,2,0,1,3
2021-07-02 13:18:55,2,0,2,4
2021-07-02 13:19:00,1,0,1,2
2021-07-02 13:19:02,6,3,2,11
2021-07-02 13:19:07,11,0,0,11
2021-07-02 13:19:08,1,1,0,2
2021-07-02 13:19:09,2,0,0,2
2021-07-02 13:19:15,2,1,1,4
2021-07-02 13:19:20,2,0,1,3
2021-07-02 13:19:21,0,0,0,0
2021-07-02 13:19:46,6,1,1,8
2021-07-02 13:19:55,168,13,59,240
2021-07-02 13:19:58,0,0,0,0
2021-07-02 13:20:00,0,0,0,0
2021-07-02 13:20:29,0,1,0,1
2021-07-02 13:20:34,1,1,0,2
2021-07-02 13:20:50,16,3,7,26
2021-07-02 13:20:59,0,0,0,0
2021-07-02 13:21:14,3,0,1,4
2021-07-02 13:21:16,0,0,0,0
2021-07-02 13:21:17,1,0,1,2
2021-07-02 13:21:21,0,0,0,0
2021-07-02 13:21:26,0,0,0,0
2021-07-02 13:21:40,0,0,0,0
2021-07-02 13:21:43,0,0,0,0
2021-07-02 13:21:44,1,0,0,1
2021-07-02 13:21:49,1,0,0,1
2021-07-02 13:21:51,1,1,0,2
2021-07-02 13:22:12,31,3,16,50
2021-07-02 13:22:27,4,1,1,6
2021-07-02 13:22:29,1,1,0,2
2021-07-02 13:22:37,0,0,0,0
2021-07-02 13:22:38,1,0,0,1
2021-07-02 13:22:39,0,0,0,0
2021-07-02 13:22:42,0,0,0,0
2021-07-02 13:22:49,0,0,0,0
2021-07-02 13:22:54,0,0,0,0
2021-07-02 13:23:02,0,0,0,0
2021-07-02 13:23:06,0,1,0,1
2021-07-02 13:23:13,1,0,0,1
2021-07-02 13:23:20,0,0,0,0
2021-07-02 13:23:35,0,0,0,0
2021-07-02 13:23:36,10,0,6,16
2021-07-02 13:23:37,0,0,0,0
2021-07-02 13:23:43,1,0,1,2
2021-07-02 13:23:59,0,0,0,0
2021-07-02 13:24:05,54,3,9,66
2021-07-02 13:24:28,0,0,0,0
2021-07-02 13:24:39,3,2,1,6
2021-07-02 13:24:47,1,0,0,1
2021-07-02 13:25:00,0,0,0,0
2021-07-02 13:25:05,0,0,0,0
2021-07-02 13:25:21,13,0,6,19
2021-07-02 13:25:26,0,0,0,0
2021-07-02 13:25:37,0,0,0,0
2021-07-02 13:26:03,1,0,0,1
2021-07-02 13:26:12,1,0,1,2
2021-07-02 13:26:13,2,0,0,2
2021-07-02 13:26:25,0,1,0,1
2021-07-02 13:26:26,1,0,0,1
2021-07-02 13:26:48,1,0,0,1
2021-07-02 13:26:53,0,0,0,0
2021-07-02 13:26:56,0,0,0,0
2021-07-02 13:27:00,0,0,0,0
2021-07-02 13:27:03,0,0,0,0
2021-07-02 13:27:06,0,0,0,0
2021-07-02 13:27:09,0,0,0,0
2021-07-02 13:27:13,0,0,0,0
2021-07-02 13:27:16,0,0,0,0
2021-07-02 13:27:20,0,0,0,0
2021-07-02 13:27:23,0,0,0,0
2021-07-02 13:27:25,4,0,0,4
2021-07-02 13:27:26,1,0,0,1
2021-07-02 13:27:30,0,0,0,0
2021-07-02 13:27:34,0,0,0,0
2021-07-02 13:27:37,1,0,0,1
2021-07-02 13:27:42,0,0,0,0
2021-07-02 13:27:46,0,0,1,1
2021-07-02 13:27:56,0,0,0,0
2021-07-02 13:27:59,1,0,0,1
2021-07-02 13:28:07,8,0,1,9
2021-07-02 13:28:10,12,0,1,13
2021-07-02 13:28:28,0,0,0,0
2021-07-02 13:28:31,9,0,5,14
2021-07-02 13:28:34,38,3,21,62
2021-07-02 13:28:46,0,0,0,0
2021-07-02 13:29:14,13,3,1,17
2021-07-02 13:29:18,56,6,23,85
2021-07-02 13:29:23,0,0,0,0
2021-07-02 13:29:29,1,0,0,1
2021-07-02 13:29:46,6,0,2,8
2021-07-02 13:29:47,35,2,17,54
2021-07-02 13:30:10,0,0,0,0
2021-07-02 13:30:19,1,0,2,3
2021-07-02 13:30:31,0,0,0,0
2021-07-02 13:30:36,0,0,0,0
2021-07-02 13:30:45,0,0,0,0
2021-07-02 13:31:01,0,0,0,0
2021-07-02 13:31:04,3,0,0,3
2021-07-02 13:31:13,33,3,22,58
2021-07-02 13:31:24,0,0,0,0
2021-07-02 13:31:32,0,0,0,0
2021-07-02 13:31:59,17,1,4,22
2021-07-02 13:32:18,30,3,6,39
2021-07-02 13:32:24,85,2,31,118
2021-07-02 13:32:40,7,2,2,11
2021-07-02 13:32:41,1,1,0,2
2021-07-02 13:33:04,1,0,1,2
2021-07-02 13:33:05,0,0,0,0
2021-07-02 13:33:10,0,0,0,0
2021-07-02 13:33:36,0,0,0,0
2021-07-02 13:33:48,0,0,0,0
2021-07-02 13:34:27,0,0,0,0
2021-07-02 13:34:34,2,0,1,3
2021-07-02 13:34:54,1,0,0,1
2021-07-02 13:34:57,16,1,2,19
2021-07-02 13:34:59,0,0,1,1
2021-07-02 13:35:10,7,0,0,7
2021-07-02 13:35:21,0,0,0,0
2021-07-02 13:35:23,10,5,6,21
2021-07-02 13:35:24,2,0,1,3
2021-07-02 13:35:55,66,9,7,82
2021-07-02 13:35:57,0,0,0,0
2021-07-02 13:36:02,0,0,0,0
2021-07-02 13:36:13,61,9,48,118
2021-07-02 13:36:26,0,0,0,0
2021-07-02 13:36:28,0,0,0,0
2021-07-02 13:36:30,1,0,0,1
2021-07-02 13:36:32,8,0,0,8
2021-07-02 13:36:38,8,0,4,12
2021-07-02 13:36:50,0,0,0,0
2021-07-02 13:36:53,0,0,0,0
2021-07-02 13:36:55,0,0,0,0
2021-07-02 13:36:59,0,0,0,0
2021-07-02 13:37:04,0,0,0,0
2021-07-02 13:37:07,3,1,1,5
2021-07-02 13:37:08,0,0,0,0
2021-07-02 13:37:12,0,0,0,0
2021-07-02 13:37:15,0,0,0,0
2021-07-02 13:37:16,0,0,0,0
2021-07-02 13:37:18,5,0,1,6
2021-07-02 13:37:19,0,0,0,0
2021-07-02 13:37:20,2,1,0,3
2021-07-02 13:37:23,0,0,0,0
2021-07-02 13:37:27,0,0,0,0
2021-07-02 13:37:40,0,0,0,0
2021-07-02 13:37:44,1,0,1,2
2021-07-02 13:38:16,14,0,8,22
2021-07-02 13:38:25,0,0,0,0
2021-07-02 13:38:33,3,0,0,3
2021-07-02 13:38:39,0,0,0,0
2021-07-02 13:38:54,0,0,0,0
2021-07-02 13:38:57,6,0,2,8
2021-07-02 13:39:02,6,0,0,6
2021-07-02 13:39:20,0,0,0,0
2021-07-02 13:39:28,6,0,8,14
2021-07-02 13:39:31,1,0,0,1
2021-07-02 13:39:42,2,0,0,2
2021-07-02 13:39:45,2,0,0,2
2021-07-02 13:39:53,0,0,0,0
2021-07-02 13:40:01,0,0,0,0
2021-07-02 13:40:08,0,0,0,0
2021-07-02 13:40:19,1,0,0,1
2021-07-02 13:40:21,1,0,1,2
2021-07-02 13:40:31,0,0,0,0
2021-07-02 13:40:38,0,0,0,0
2021-07-02 13:40:40,0,0,0,0
2021-07-02 13:40:48,21,0,3,24
2021-07-02 13:40:49,12,0,2,14
2021-07-02 13:40:54,0,1,0,1
2021-07-02 13:41:03,4,0,0,4
2021-07-02 13:41:09,12,0,6,18
2021-07-02 13:41:15,1,0,1,2
2021-07-02 13:41:31,0,2,0,2
2021-07-02 13:41:40,1,0,0,1
2021-07-02 13:41:47,0,0,0,0
2021-07-02 13:42:02,8,1,0,9
2021-07-02 13:42:16,8,0,3,11
2021-07-02 13:42:37,7,0,2,9
2021-07-02 13:42:45,1,0,1,2
2021-07-02 13:42:48,28,2,5,35
2021-07-02 13:43:10,4,0,0,4
2021-07-02 13:43:23,12,3,0,15
2021-07-02 13:43:27,1,0,0,1
2021-07-02 13:43:32,210,4,37,251
2021-07-02 13:43:34,15,0,8,23
2021-07-02 13:44:05,1,0,0,1
2021-07-02 13:44:35,53,1,27,81
2021-07-02 13:44:49,0,0,0,0
2021-07-02 13:44:58,0,0,0,0
2021-07-02 13:45:00,2,0,0,2
2021-07-02 13:45:08,0,0,0,0
2021-07-02 13:45:12,0,0,0,0
2021-07-02 13:45:16,6,0,2,8
2021-07-02 13:45:23,0,0,0,0
2021-07-02 13:45:32,2,0,0,2
2021-07-02 13:45:33,1,0,1,2
2021-07-02 13:45:49,0,0,0,0
2021-07-02 13:46:03,1,0,1,2
2021-07-02 13:46:04,0,0,0,0
2021-07-02 13:46:23,76,1,33,110
2021-07-02 13:46:41,6,0,4,10
2021-07-02 13:46:49,3,0,0,3
2021-07-02 13:46:57,0,0,0,0
2021-07-02 13:47:03,0,0,0,0
2021-07-02 13:47:09,1,0,0,1
2021-07-02 13:47:12,9,0,1,10
2021-07-02 13:47:15,6,0,2,8
2021-07-02 13:47:18,1,0,0,1
2021-07-02 13:47:31,7,5,5,17
2021-07-02 13:47:40,6,0,1,7
2021-07-02 13:47:49,11,0,0,11
2021-07-02 13:47:50,2,0,0,2
2021-07-02 13:47:57,0,0,0,0
2021-07-02 13:48:01,14,0,2,16
2021-07-02 13:48:08,6,0,1,7
2021-07-02 13:48:11,328,5,127,460
2021-07-02 13:48:19,0,0,0,0
2021-07-02 13:48:31,4,0,2,6
2021-07-02 13:48:37,1,1,0,2
2021-07-02 13:48:39,1,1,0,2
2021-07-02 13:48:41,5,0,2,7
2021-07-02 13:48:43,0,0,1,1
2021-07-02 13:48:54,0,0,0,0
2021-07-02 13:48:56,4,0,1,5
2021-07-02 13:48:59,1,0,0,1
2021-07-02 13:49:08,5,1,3,9
2021-07-02 13:49:16,2,0,0,2
2021-07-02 13:49:25,3,0,0,3
2021-07-02 13:49:37,4,0,1,5
2021-07-02 13:49:51,3,0,0,3
2021-07-02 13:49:58,2,0,0,2
2021-07-02 13:50:00,4,0,6,10
2021-07-02 13:50:01,1,0,0,1
2021-07-02 13:50:03,111,3,34,148
2021-07-02 13:50:07,1,0,0,1
2021-07-02 13:50:12,1,0,1,2
2021-07-02 13:50:14,1,0,0,1
2021-07-02 13:50:16,3,0,1,4
2021-07-02 13:50:24,8,0,4,12
2021-07-02 13:50:32,1,0,0,1
2021-07-02 13:50:41,0,0,0,0
2021-07-02 13:50:45,11,0,3,14
2021-07-02 13:50:48,3,1,0,4
2021-07-02 13:50:54,0,0,0,0
2021-07-02 13:50:59,0,0,0,0
2021-07-02 13:51:00,1,0,1,2
2021-07-02 13:51:11,0,0,0,0
2021-07-02 13:51:14,0,0,0,0
2021-07-02 13:51:41,5,0,0,5
2021-07-02 13:51:50,19,1,6,26
2021-07-02 13:51:56,1,0,0,1
2021-07-02 13:52:00,6,1,1,8
2021-07-02 13:52:03,1,0,0,1
2021-07-02 13:52:16,2,0,0,2
2021-07-02 13:52:18,2,0,0,2
2021-07-02 13:52:36,1,0,1,2
2021-07-02 13:52:45,0,0,0,0
2021-07-02 13:53:19,3,0,1,4
2021-07-02 13:53:26,2,0,0,2
2021-07-02 13:53:47,5,0,1,6
2021-07-02 13:53:51,38,2,19,59
2021-07-02 13:53:52,2,0,1,3
2021-07-02 13:53:55,1,0,0,1
2021-07-02 13:54:00,18,1,6,25
2021-07-02 13:54:09,17,3,6,26
2021-07-02 13:54:11,0,0,1,1
2021-07-02 13:54:18,1,0,0,1
2021-07-02 13:54:19,1,0,1,2
2021-07-02 13:54:25,0,0,0,0
2021-07-02 13:54:26,1,0,0,1
2021-07-02 13:54:28,206,8,33,247
2021-07-02 13:54:37,1,0,0,1
2021-07-02 13:54:47,13,3,8,24
2021-07-02 13:54:51,1,0,1,2
2021-07-02 13:54:55,1,0,1,2
2021-07-02 13:54:58,0,0,0,0
2021-07-02 13:55:21,4,0,0,4
2021-07-02 13:55:22,7,0,3,10
2021-07-02 13:55:25,0,0,0,0
2021-07-02 13:55:27,7,0,4,11
2021-07-02 13:55:28,0,0,0,0
2021-07-02 13:55:41,0,0,0,0
2021-07-02 13:55:54,0,0,0,0
2021-07-02 13:56:03,0,0,0,0
2021-07-02 13:56:12,0,0,0,0
2021-07-02 13:56:27,23,0,6,29
2021-07-02 13:56:55,0,0,0,0
2021-07-02 13:56:56,0,0,0,0
2021-07-02 13:56:58,0,0,0,0
2021-07-02 13:57:00,0,0,0,0
2021-07-02 13:57:01,0,0,0,0
2021-07-02 13:57:04,1,0,0,1
2021-07-02 13:57:05,0,0,0,0
2021-07-02 13:57:09,0,0,0,0
2021-07-02 13:57:12,0,0,0,0
2021-07-02 13:57:13,0,0,0,0
2021-07-02 13:57:35,1,0,0,1
2021-07-02 13:57:43,0,0,0,0
2021-07-02 13:57:58,0,0,0,0
2021-07-02 13:58:24,0,1,0,1
2021-07-02 13:58:25,1,0,0,1
2021-07-02 13:58:33,0,0,0,0
2021-07-02 13:59:09,28,0,14,42
2021-07-02 13:59:11,11,0,2,13
2021-07-02 13:59:15,8,0,3,11
2021-07-02 13:59:17,0,0,0,0
2021-07-02 13:59:29,2,0,0,2
2021-07-02 13:59:52,0,0,0,0
2021-07-02 13:59:59,6,0,4,10
2021-07-02 14:00:00,1,0,1,2
2021-07-02 14:00:21,2,2,2,6
2021-07-02 14:00:56,6,0,0,6
2021-07-02 14:01:04,10,2,5,17
2021-07-02 14:01:06,1,0,0,1
2021-07-02 14:01:09,2,0,2,4
2021-07-02 14:01:33,0,0,0,0
2021-07-02 14:01:44,1,1,0,2
2021-07-02 14:01:53,0,0,0,0
2021-07-02 14:02:24,2,1,0,3
2021-07-02 14:02:31,0,0,0,0
2021-07-02 14:02:36,0,0,1,1
2021-07-02 14:02:44,1,0,0,1
2021-07-02 14:02:59,0,0,0,0
2021-07-02 14:03:22,2,0,0,2
2021-07-02 14:03:39,0,0,0,0
2021-07-02 14:03:40,0,0,0,0
2021-07-02 14:03:53,0,0,0,0
2021-07-02 14:04:07,1,0,0,1
2021-07-02 14:04:08,1,0,0,1
2021-07-02 14:04:18,0,0,0,0
2021-07-02 14:04:25,0,0,0,0
2021-07-02 14:04:26,0,0,0,0
2021-07-02 14:04:30,0,0,0,0
2021-07-02 14:05:12,0,0,0,0
2021-07-02 14:05:23,0,0,0,0
2021-07-02 14:05:35,11,0,4,15
2021-07-02 14:05:40,0,1,0,1
2021-07-02 14:05:41,0,0,0,0
2021-07-02 14:05:55,0,0,0,0
2021-07-02 14:06:03,160,12,38,210
2021-07-02 14:06:16,0,0,0,0
2021-07-02 14:06:18,0,0,0,0
2021-07-02 14:06:26,39,1,3,43
2021-07-02 14:06:28,0,1,0,1
2021-07-02 14:06:42,0,0,0,0
2021-07-02 14:06:46,0,0,0,0
2021-07-02 14:06:53,0,0,0,0
2021-07-02 14:06:55,0,0,0,0
2021-07-02 14:06:59,0,0,0,0
2021-07-02 14:07:02,0,0,0,0
2021-07-02 14:07:07,0,0,0,0
2021-07-02 14:07:12,0,0,0,0
2021-07-02 14:07:13,0,0,0,0
2021-07-02 14:07:14,40,0,20,60
2021-07-02 14:07:15,0,0,0,0
2021-07-02 14:07:20,1,0,0,1
2021-07-02 14:07:36,15,0,9,24
2021-07-02 14:07:41,0,0,0,0
2021-07-02 14:07:50,0,0,0,0
2021-07-02 14:07:51,2,0,0,2
2021-07-02 14:08:00,29,2,6,37
2021-07-02 14:08:20,0,0,0,0
2021-07-02 14:08:21,0,0,0,0
2021-07-02 14:08:27,3,0,0,3
2021-07-02 14:08:37,24,0,5,29
2021-07-02 14:08:39,1,0,0,1
2021-07-02 14:08:50,1,0,1,2
2021-07-02 14:08:51,0,0,0,0
2021-07-02 14:08:53,0,0,0,0
2021-07-02 14:09:03,0,0,0,0
2021-07-02 14:09:06,468,13,116,597
2021-07-02 14:09:10,0,0,0,0
2021-07-02 14:09:15,56,2,28,86
2021-07-02 14:09:16,4,0,0,4
2021-07-02 14:09:20,0,0,0,0
2021-07-02 14:09:31,1,0,0,1
2021-07-02 14:09:40,0,0,0,0
2021-07-02 14:09:48,2,0,0,2
2021-07-02 14:09:52,46,1,15,62
2021-07-02 14:09:53,7,0,2,9
2021-07-02 14:10:00,7,0,2,9
2021-07-02 14:10:01,1,1,0,2
2021-07-02 14:10:05,0,0,0,0
2021-07-02 14:10:10,0,0,0,0
2021-07-02 14:10:14,0,0,0,0
2021-07-02 14:10:15,2,0,0,2
2021-07-02 14:10:18,0,0,0,0
2021-07-02 14:10:27,5,0,2,7
2021-07-02 14:10:30,0,0,0,0
2021-07-02 14:10:35,0,0,0,0
2021-07-02 14:10:41,0,0,0,0
2021-07-02 14:10:52,4,0,1,5
2021-07-02 14:10:57,3,0,2,5
2021-07-02 14:11:02,15,2,4,21
2021-07-02 14:11:05,150,4,60,214
2021-07-02 14:11:28,1,0,0,1
2021-07-02 14:11:29,6,0,3,9
2021-07-02 14:11:34,1,0,1,2
2021-07-02 14:11:49,1,0,0,1
2021-07-02 14:12:17,0,1,0,1
2021-07-02 14:12:18,0,0,0,0
2021-07-02 14:12:28,0,0,0,0
2021-07-02 14:12:31,0,0,0,0
2021-07-02 14:12:32,10,0,3,13
2021-07-02 14:12:33,2,0,0,2
2021-07-02 14:12:35,8,1,2,11
2021-07-02 14:12:49,1,0,0,1
2021-07-02 14:12:50,2,0,0,2
2021-07-02 14:12:52,0,0,0,0
2021-07-02 14:12:58,2,0,0,2
2021-07-02 14:13:20,0,0,0,0
2021-07-02 14:13:29,0,1,0,1
2021-07-02 14:13:36,14,1,3,18
2021-07-02 14:13:54,1,0,0,1
2021-07-02 14:13:57,0,0,0,0
2021-07-02 14:14:49,16,2,0,18
2021-07-02 14:14:52,1,0,1,2
2021-07-02 14:15:06,3,0,0,3
2021-07-02 14:15:34,1,0,2,3
2021-07-02 14:15:46,1,0,0,1
2021-07-02 14:15:47,0,0,0,0
2021-07-02 14:15:54,71,2,37,110
2021-07-02 14:15:56,2,0,0,2
2021-07-02 14:16:03,3,0,2,5
2021-07-02 14:16:12,11,0,1,12
2021-07-02 14:16:18,1,0,0,1
2021-07-02 14:16:27,0,0,0,0
2021-07-02 14:16:39,1,0,0,1
2021-07-02 14:16:59,4,0,1,5
2021-07-02 14:17:24,0,0,0,0
2021-07-02 14:17:27,8,0,3,11
2021-07-02 14:17:29,0,0,0,0
2021-07-02 14:17:31,2,0,0,2
2021-07-02 14:17:42,12,0,2,14
2021-07-02 14:17:48,0,0,0,0
2021-07-02 14:17:59,7,1,1,9
2021-07-02 14:18:02,8,0,2,10
2021-07-02 14:18:11,19,0,14,33
2021-07-02 14:18:14,21,1,9,31
2021-07-02 14:18:15,134,2,66,202
2021-07-02 14:18:16,1,0,0,1
2021-07-02 14:18:33,0,0,0,0
2021-07-02 14:18:34,3,0,2,5
2021-07-02 14:18:38,5,0,1,6
2021-07-02 14:18:44,0,0,0,0
2021-07-02 14:18:46,0,0,0,0
2021-07-02 14:18:53,0,0,0,0
2021-07-02 14:19:15,0,0,0,0
2021-07-02 14:19:20,2,0,0,2
2021-07-02 14:19:22,0,0,0,0
2021-07-02 14:19:33,0,0,1,1
2021-07-02 14:19:34,0,1,0,1
2021-07-02 14:20:00,1,0,0,1
2021-07-02 14:20:02,0,0,0,0
2021-07-02 14:20:10,2,0,0,2
2021-07-02 14:20:29,1,0,1,2
2021-07-02 14:20:54,0,0,0,0
2021-07-02 14:21:12,5,0,2,7
2021-07-02 14:21:20,19,2,9,30
2021-07-02 14:21:30,0,0,0,0
2021-07-02 14:21:33,32,1,20,53
2021-07-02 14:21:42,5,0,2,7
2021-07-02 14:21:48,5,0,0,5
2021-07-02 14:21:55,0,0,0,0
2021-07-02 14:21:58,6,0,0,6
2021-07-02 14:22:00,0,0,0,0
2021-07-02 14:22:26,2,0,2,4
2021-07-02 14:22:34,14,1,3,18
2021-07-02 14:22:46,0,0,0,0
2021-07-02 14:22:51,0,0,0,0
2021-07-02 14:23:00,0,0,0,0
2021-07-02 14:23:07,0,0,0,0
2021-07-02 14:23:12,2,0,0,2
2021-07-02 14:23:13,23,1,14,38
2021-07-02 14:23:16,1,0,1,2
2021-07-02 14:23:21,0,0,0,0
2021-07-02 14:23:28,0,0,0,0
2021-07-02 14:23:35,0,0,0,0
2021-07-02 14:23:41,0,0,0,0
2021-07-02 14:23:44,4,0,1,5
2021-07-02 14:23:49,2,0,2,4
2021-07-02 14:23:53,0,0,0,0
2021-07-02 14:23:57,0,0,0,0
2021-07-02 14:24:02,0,0,0,0
2021-07-02 14:24:26,0,0,0,0
2021-07-02 14:24:48,0,0,0,0
2021-07-02 14:24:55,86,7,21,114
2021-07-02 14:25:00,11,0,4,15
2021-07-02 14:25:03,0,0,0,0
2021-07-02 14:25:04,0,0,0,0
2021-07-02 14:25:05,0,0,0,0
2021-07-02 14:25:09,13,0,3,16
2021-07-02 14:25:23,0,0,0,0
2021-07-02 14:25:33,0,0,0,0
2021-07-02 14:25:38,11,0,1,12
2021-07-02 14:25:39,4,0,0,4
2021-07-02 14:26:00,44,0,19,63
2021-07-02 14:26:14,0,0,0,0
2021-07-02 14:26:17,0,0,0,0
2021-07-02 14:26:18,12,1,4,17
2021-07-02 14:26:25,0,0,1,1
2021-07-02 14:26:35,4,0,2,6
2021-07-02 14:26:43,0,0,0,0
2021-07-02 14:26:47,1,0,0,1
2021-07-02 14:26:48,0,0,0,0
2021-07-02 14:26:55,0,0,0,0
2021-07-02 14:26:58,1,0,1,2
2021-07-02 14:26:59,0,0,0,0
2021-07-02 14:27:09,1,0,0,1
2021-07-02 14:27:10,1,0,1,2
2021-07-02 14:27:12,0,0,0,0
2021-07-02 14:27:18,163,7,49,219
2021-07-02 14:27:20,0,0,0,0
2021-07-02 14:27:42,46,1,19,66
2021-07-02 14:27:58,2,0,0,2
2021-07-02 14:28:10,1,0,0,1
2021-07-02 14:28:23,0,0,0,0
2021-07-02 14:28:34,1,0,0,1
2021-07-02 14:28:39,0,0,0,0
2021-07-02 14:28:40,1,0,0,1
2021-07-02 14:28:41,0,0,0,0
2021-07-02 14:28:48,0,0,0,0
2021-07-02 14:29:07,2,0,0,2
2021-07-02 14:29:15,76,1,27,104
2021-07-02 14:29:17,0,0,0,0
2021-07-02 14:29:20,5,0,1,6
2021-07-02 14:29:23,2,0,0,2
2021-07-02 14:29:36,1,0,1,2
2021-07-02 14:29:45,0,0,0,0
2021-07-02 14:29:47,1,0,0,1
2021-07-02 14:29:52,0,0,0,0
2021-07-02 14:29:56,1,0,0,1
2021-07-02 14:29:59,0,0,0,0
2021-07-02 14:30:00,2,0,1,3
2021-07-02 14:30:07,0,0,0,0
2021-07-02 14:30:11,3,0,1,4
2021-07-02 14:30:17,9,0,4,13
2021-07-02 14:30:58,0,0,0,0
2021-07-02 14:31:04,10,1,3,14
2021-07-02 14:31:13,1,0,1,2
2021-07-02 14:31:21,1,0,1,2
2021-07-02 14:31:31,54,2,4,60
2021-07-02 14:31:39,4,0,3,7
2021-07-02 14:31:47,0,0,0,0
2021-07-02 14:31:49,32,0,9,41
2021-07-02 14:32:06,30,1,14,45
2021-07-02 14:32:11,1,0,1,2
2021-07-02 14:32:27,4,0,2,6
2021-07-02 14:32:32,0,0,0,0
2021-07-02 14:32:35,2,0,1,3
2021-07-02 14:32:40,2,0,1,3
2021-07-02 14:32:44,0,0,0,0
2021-07-02 14:33:05,26,1,12,39
2021-07-02 14:33:07,1,0,1,2
2021-07-02 14:33:08,0,0,0,0
2021-07-02 14:33:15,2,0,0,2
2021-07-02 14:33:23,0,2,0,2
2021-07-02 14:33:29,2,0,2,4
2021-07-02 14:33:37,2,0,0,2
2021-07-02 14:34:00,0,0,0,0
2021-07-02 14:34:06,0,0,0,0
2021-07-02 14:34:33,0,0,0,0
2021-07-02 14:34:38,2,0,1,3
2021-07-02 14:34:47,1,0,0,1
2021-07-02 14:34:48,0,0,0,0
2021-07-02 14:35:14,0,0,0,0
2021-07-02 14:35:17,0,0,0,0
2021-07-02 14:35:44,6,0,5,11
2021-07-02 14:36:02,0,0,0,0
2021-07-02 14:36:18,3,1,1,5
2021-07-02 14:36:26,2,0,1,3
2021-07-02 14:36:27,1,0,0,1
2021-07-02 14:36:38,0,0,0,0
2021-07-02 14:36:45,0,0,0,0
2021-07-02 14:36:54,6,0,2,8
2021-07-02 14:36:58,2,1,0,3
2021-07-02 14:37:01,26,0,7,33
2021-07-02 14:37:04,0,0,0,0
2021-07-02 14:37:07,15,0,11,26
2021-07-02 14:37:24,1,0,0,1
2021-07-02 14:37:41,1,0,0,1
2021-07-02 14:37:59,6,0,0,6
2021-07-02 14:38:05,0,0,0,0
2021-07-02 14:38:23,1,0,0,1
2021-07-02 14:38:30,1,1,0,2
2021-07-02 14:38:47,3,0,0,3
2021-07-02 14:38:50,0,0,0,0
2021-07-02 14:39:02,1,0,0,1
2021-07-02 14:39:08,1,0,0,1
2021-07-02 14:39:17,5,0,3,8
2021-07-02 14:39:19,5,0,0,5
2021-07-02 14:39:24,0,0,0,0
2021-07-02 14:39:30,18,1,2,21
2021-07-02 14:39:41,0,0,0,0
2021-07-02 14:39:44,15,0,4,19
2021-07-02 14:39:53,1,0,0,1
2021-07-02 14:40:00,16,0,1,17
2021-07-02 14:40:01,1,0,0,1
2021-07-02 14:40:03,2,0,0,2
2021-07-02 14:40:21,3,0,0,3
2021-07-02 14:40:25,32,0,19,51
2021-07-02 14:40:30,18,7,2,27
2021-07-02 14:40:56,6,0,0,6
2021-07-02 14:41:00,1,0,0,1
2021-07-02 14:41:04,1,0,0,1
2021-07-02 14:41:07,9,0,2,11
2021-07-02 14:41:33,2,0,0,2
2021-07-02 14:41:39,2,0,0,2
2021-07-02 14:41:48,1,0,2,3
2021-07-02 14:41:49,3,0,0,3
2021-07-02 14:42:26,4,0,0,4
2021-07-02 14:42:29,10,1,4,15
2021-07-02 14:42:30,2,0,0,2
2021-07-02 14:42:34,0,0,0,0
2021-07-02 14:42:40,5,0,3,8
2021-07-02 14:42:41,1,0,0,1
2021-07-02 14:42:49,0,0,0,0
2021-07-02 14:42:54,0,0,0,0
2021-07-02 14:42:57,2,0,0,2
2021-07-02 14:43:03,0,0,0,0
2021-07-02 14:43:08,2,0,1,3
2021-07-02 14:43:13,0,0,0,0
2021-07-02 14:43:21,0,0,0,0
2021-07-02 14:43:23,0,0,0,0
2021-07-02 14:43:45,0,0,0,0
2021-07-02 14:43:49,1,0,0,1
2021-07-02 14:43:56,3,0,1,4
2021-07-02 14:44:00,1,0,0,1
2021-07-02 14:44:06,0,0,0,0
2021-07-02 14:44:11,1,0,1,2
2021-07-02 14:44:13,0,0,0,0
2021-07-02 14:44:18,7,0,4,11
2021-07-02 14:44:21,0,0,0,0
2021-07-02 14:44:34,0,0,0,0
2021-07-02 14:44:49,0,0,0,0
2021-07-02 14:45:00,2,0,0,2
2021-07-02 14:45:06,0,0,0,0
2021-07-02 14:45:08,3,0,1,4
2021-07-02 14:45:10,0,0,0,0
2021-07-02 14:45:13,0,0,0,0
2021-07-02 14:45:31,1,0,1,2
2021-07-02 14:45:40,0,0,0,0
2021-07-02 14:45:45,0,0,0,0
2021-07-02 14:45:56,0,0,0,0
2021-07-02 14:46:03,0,0,0,0
2021-07-02 14:46:11,0,0,0,0
2021-07-02 14:46:19,1,0,0,1
2021-07-02 14:46:24,0,0,0,0
2021-07-02 14:46:27,0,0,0,0
2021-07-02 14:46:32,2,0,1,3
2021-07-02 14:46:34,0,0,0,0
2021-07-02 14:46:38,1,0,0,1
2021-07-02 14:46:42,4,0,1,5
2021-07-02 14:46:46,0,0,0,0
2021-07-02 14:46:53,0,0,0,0
2021-07-02 14:47:01,1,0,0,1
2021-07-02 14:47:32,0,0,0,0
2021-07-02 14:47:36,0,0,0,0
2021-07-02 14:47:48,0,0,0,0
2021-07-02 14:48:28,0,0,0,0
2021-07-02 14:48:34,0,0,0,0
2021-07-02 14:49:01,17,0,3,20
2021-07-02 14:49:36,10,1,7,18
2021-07-02 14:49:44,1,0,0,1
2021-07-02 14:49:53,4,0,1,5
2021-07-02 14:49:54,5,0,0,5
2021-07-02 14:49:56,1,0,0,1
2021-07-02 14:49:59,1,0,0,1
2021-07-02 14:50:00,1,0,0,1
2021-07-02 14:50:22,2,0,1,3
2021-07-02 14:50:28,2,0,0,2
2021-07-02 14:50:29,3,0,0,3
2021-07-02 14:50:38,12,2,8,22
2021-07-02 14:50:41,0,0,0,0
2021-07-02 14:50:47,6,2,4,12
2021-07-02 14:50:48,0,0,0,0
2021-07-02 14:50:55,3,1,2,6
2021-07-02 14:50:56,6,0,2,8
2021-07-02 14:51:41,0,0,0,0
2021-07-02 14:51:44,6,0,2,8
2021-07-02 14:51:51,1,0,0,1
2021-07-02 14:51:55,8,1,2,11
2021-07-02 14:51:58,1,0,0,1
2021-07-02 14:52:03,12,0,6,18
2021-07-02 14:52:07,0,0,0,0
2021-07-02 14:52:24,0,0,0,0
2021-07-02 14:52:49,5,0,0,5
2021-07-02 14:52:54,0,0,0,0
2021-07-02 14:52:59,4,0,0,4
2021-07-02 14:53:03,0,0,0,0
2021-07-02 14:53:14,0,0,0,0
2021-07-02 14:53:31,0,0,0,0
2021-07-02 14:53:34,5,0,2,7
2021-07-02 14:53:41,0,0,0,0
2021-07-02 14:53:44,14,1,1,16
2021-07-02 14:53:50,0,0,0,0
2021-07-02 14:53:53,40,0,17,57
2021-07-02 14:54:15,0,0,0,0
2021-07-02 14:54:19,0,0,0,0
2021-07-02 14:54:29,0,0,0,0
2021-07-02 14:54:32,4,1,1,6
2021-07-02 14:54:39,1,0,0,1
2021-07-02 14:54:43,0,0,0,0
2021-07-02 14:54:52,0,0,0,0
2021-07-02 14:54:57,0,0,0,0
2021-07-02 14:55:00,188,6,28,222
2021-07-02 14:55:02,0,0,0,0
2021-07-02 14:55:04,0,0,0,0
2021-07-02 14:55:12,6,3,1,10
2021-07-02 14:55:27,2,1,0,3
2021-07-02 14:55:28,9,0,4,13
2021-07-02 14:55:31,5,0,1,6
2021-07-02 14:55:37,0,0,0,0
2021-07-02 14:55:43,0,0,0,0
2021-07-02 14:55:54,0,0,0,0
2021-07-02 14:56:00,1,0,0,1
2021-07-02 14:56:04,0,0,0,0
2021-07-02 14:56:11,1,0,0,1
2021-07-02 14:56:12,3,1,3,7
2021-07-02 14:56:13,0,0,0,0
2021-07-02 14:56:21,0,0,0,0
2021-07-02 14:56:25,0,1,0,1
2021-07-02 14:56:30,0,0,0,0
2021-07-02 14:56:37,0,0,0,0
2021-07-02 14:56:38,19,5,13,37
2021-07-02 14:56:42,0,0,0,0
2021-07-02 14:56:43,9,0,0,9
2021-07-02 14:56:47,0,0,0,0
2021-07-02 14:56:56,0,0,0,0
2021-07-02 14:57:06,0,0,0,0
2021-07-02 14:57:07,1,0,1,2
2021-07-02 14:57:09,1,0,0,1
2021-07-02 14:57:10,0,0,0,0
2021-07-02 14:57:11,0,0,0,0
2021-07-02 14:57:13,0,0,0,0
2021-07-02 14:57:15,0,0,0,0
2021-07-02 14:57:16,4,0,0,4
2021-07-02 14:57:20,0,0,0,0
2021-07-02 14:57:21,1,0,0,1
2021-07-02 14:57:24,0,0,0,0
2021-07-02 14:57:26,0,0,0,0
2021-07-02 14:57:27,0,0,0,0
2021-07-02 14:57:29,0,0,0,0
2021-07-02 14:57:30,1,0,1,2
2021-07-02 14:57:35,0,0,0,0
2021-07-02 14:57:37,2,0,0,2
2021-07-02 14:57:40,1,0,0,1
2021-07-02 14:57:45,0,0,0,0
2021-07-02 14:57:46,0,0,0,0
2021-07-02 14:57:51,0,0,0,0
2021-07-02 14:57:55,0,0,0,0
2021-07-02 14:58:08,6,0,3,9
2021-07-02 14:58:11,0,0,0,0
2021-07-02 14:58:12,6,1,4,11
2021-07-02 14:58:17,0,0,0,0
2021-07-02 14:58:27,0,0,0,0
2021-07-02 14:58:33,0,0,0,0
2021-07-02 14:58:38,2,0,0,2
2021-07-02 14:58:43,4,0,1,5
2021-07-02 14:58:49,8,1,7,16
2021-07-02 14:58:53,8,0,4,12
2021-07-02 14:59:11,1,0,0,1
2021-07-02 14:59:13,153,0,24,177
2021-07-02 14:59:22,1,0,0,1
2021-07-02 14:59:33,0,0,0,0
2021-07-02 14:59:39,1,0,1,2
2021-07-02 14:59:40,0,0,0,0
2021-07-02 14:59:43,0,0,0,0
2021-07-02 14:59:52,7,0,0,7
2021-07-02 14:59:57,2,0,0,2
2021-07-02 15:00:00,45,1,6,52
2021-07-02 15:00:01,1,0,0,1
2021-07-02 15:00:12,0,0,0,0
2021-07-02 15:00:21,40,1,12,53
2021-07-02 15:00:24,1,0,1,2
2021-07-02 15:00:41,2,0,0,2
2021-07-02 15:00:42,2,1,0,3
2021-07-02 15:00:51,0,1,0,1
2021-07-02 15:01:07,1,0,0,1
2021-07-02 15:01:08,0,0,0,0
2021-07-02 15:01:18,7,0,4,11
2021-07-02 15:01:42,0,0,0,0
2021-07-02 15:01:48,0,0,0,0
2021-07-02 15:01:53,2,0,0,2
2021-07-02 15:02:20,2,0,1,3
2021-07-02 15:02:26,3,0,2,5
2021-07-02 15:02:28,1,0,0,1
2021-07-02 15:02:30,6,0,2,8
2021-07-02 15:02:39,51,0,31,82
2021-07-02 15:02:46,2,0,0,2
2021-07-02 15:02:58,2,0,0,2
2021-07-02 15:03:16,2,0,2,4
2021-07-02 15:03:27,15,0,0,15
2021-07-02 15:03:30,10,0,2,12
2021-07-02 15:03:53,0,0,0,0
2021-07-02 15:04:02,5,0,2,7
2021-07-02 15:04:05,1,0,1,2
2021-07-02 15:04:08,2,0,0,2
2021-07-02 15:04:09,1,1,0,2
2021-07-02 15:04:10,21,2,5,28
2021-07-02 15:04:16,0,0,0,0
2021-07-02 15:04:25,19,1,4,24
2021-07-02 15:04:43,3,0,1,4
2021-07-02 15:04:49,1,0,0,1
2021-07-02 15:05:10,2,0,0,2
2021-07-02 15:05:15,0,0,0,0
2021-07-02 15:05:18,2,1,0,3
2021-07-02 15:05:23,1,0,0,1
2021-07-02 15:05:25,1,0,0,1
2021-07-02 15:05:28,89,6,34,129
2021-07-02 15:05:33,3,0,0,3
2021-07-02 15:05:47,0,0,0,0
2021-07-02 15:06:12,9,0,1,10
2021-07-02 15:06:21,2,0,0,2
2021-07-02 15:06:24,0,0,0,0
2021-07-02 15:06:33,1,0,0,1
2021-07-02 15:06:39,0,0,0,0
2021-07-02 15:06:46,0,0,0,0
2021-07-02 15:06:51,62,2,16,80
2021-07-02 15:07:06,9,1,1,11
2021-07-02 15:07:21,1,0,0,1
2021-07-02 15:07:25,0,0,0,0
2021-07-02 15:07:38,17,3,9,29
2021-07-02 15:07:44,0,0,0,0
2021-07-02 15:08:02,0,0,0,0
2021-07-02 15:08:13,0,0,0,0
2021-07-02 15:08:15,1,0,0,1
2021-07-02 15:08:29,3,0,2,5
2021-07-02 15:08:31,0,0,0,0
2021-07-02 15:08:41,1,0,0,1
2021-07-02 15:08:53,0,0,0,0
2021-07-02 15:08:57,1,1,0,2
2021-07-02 15:09:20,132,5,54,191
2021-07-02 15:09:22,2,0,0,2
2021-07-02 15:09:32,1,0,0,1
2021-07-02 15:09:33,3,0,2,5
2021-07-02 15:09:38,0,0,0,0
2021-07-02 15:10:15,1,0,0,1
2021-07-02 15:10:24,7,2,2,11
2021-07-02 15:10:28,8,2,3,13
2021-07-02 15:10:30,5,0,1,6
2021-07-02 15:10:36,1,0,0,1
2021-07-02 15:10:46,6,0,1,7
2021-07-02 15:10:48,7,2,0,9
2021-07-02 15:10:52,143,2,30,175
2021-07-02 15:11:01,1,0,0,1
2021-07-02 15:11:19,2,0,0,2
2021-07-02 15:11:23,1,0,0,1
2021-07-02 15:11:36,2,0,0,2
2021-07-02 15:11:42,0,0,0,0
2021-07-02 15:11:47,1,0,0,1
2021-07-02 15:11:52,0,0,0,0
2021-07-02 15:11:53,0,0,0,0
2021-07-02 15:12:00,2,0,0,2
2021-07-02 15:12:09,7,0,2,9
2021-07-02 15:12:10,0,0,0,0
2021-07-02 15:12:18,1,0,0,1
2021-07-02 15:12:21,1,0,0,1
2021-07-02 15:12:24,0,0,0,0
2021-07-02 15:12:25,21,0,12,33
2021-07-02 15:12:36,7,1,2,10
2021-07-02 15:12:45,8,1,2,11
2021-07-02 15:12:53,0,0,0,0
2021-07-02 15:13:15,1,0,0,1
2021-07-02 15:13:17,0,0,0,0
2021-07-02 15:13:25,27,7,4,38
2021-07-02 15:13:31,3,0,0,3
2021-07-02 15:13:36,3,0,1,4
2021-07-02 15:13:40,2,0,0,2
2021-07-02 15:13:56,9,2,1,12
2021-07-02 15:14:01,21,0,7,28
2021-07-02 15:14:06,1,1,0,2
2021-07-02 15:14:18,3,1,1,5
2021-07-02 15:14:20,3,0,1,4
2021-07-02 15:14:22,6,0,1,7
2021-07-02 15:14:43,1,0,0,1
2021-07-02 15:14:49,1,0,0,1
2021-07-02 15:14:54,7,0,1,8
2021-07-02 15:14:59,2,0,0,2
2021-07-02 15:15:07,0,1,0,1
2021-07-02 15:15:10,1,0,0,1
2021-07-02 15:15:21,1,0,0,1
2021-07-02 15:15:24,2,0,0,2
2021-07-02 15:15:31,1,0,0,1
2021-07-02 15:15:41,1,0,0,1
2021-07-02 15:15:46,9,0,3,12
2021-07-02 15:15:47,3,1,0,4
2021-07-02 15:16:03,1,0,0,1
2021-07-02 15:16:30,1,0,0,1
2021-07-02 15:16:45,2,1,0,3
2021-07-02 15:16:46,1,0,0,1
2021-07-02 15:16:52,34,0,5,39
2021-07-02 15:17:33,2,0,0,2
2021-07-02 15:17:38,3,0,1,4
2021-07-02 15:17:48,5,0,1,6
2021-07-02 15:17:49,0,0,0,0
2021-07-02 15:17:56,10,0,3,13
2021-07-02 15:17:57,28,0,16,44
2021-07-02 15:18:06,77,2,29,108
2021-07-02 15:18:36,0,0,0,0
2021-07-02 15:18:38,1,0,0,1
2021-07-02 15:18:40,12,0,3,15
2021-07-02 15:18:41,6,2,0,8
2021-07-02 15:19:03,1,0,0,1
2021-07-02 15:19:13,14,0,4,18
2021-07-02 15:19:22,0,0,0,0
2021-07-02 15:19:30,1,0,0,1
2021-07-02 15:19:32,2,0,0,2
2021-07-02 15:19:56,28,2,2,32
2021-07-02 15:19:58,13,1,4,18
2021-07-02 15:20:04,1,0,0,1
2021-07-02 15:20:07,2,1,4,7
2021-07-02 15:20:21,3,0,1,4
2021-07-02 15:20:27,1,0,0,1
2021-07-02 15:20:31,2,0,0,2
2021-07-02 15:20:38,9,1,4,14
2021-07-02 15:20:40,2,0,0,2
2021-07-02 15:21:20,12,1,4,17
2021-07-02 15:21:24,1,0,0,1
2021-07-02 15:21:41,0,0,0,0
2021-07-02 15:21:57,0,0,0,0
2021-07-02 15:22:02,36,3,14,53
2021-07-02 15:22:04,1,0,0,1
2021-07-02 15:22:08,20,0,4,24
2021-07-02 15:22:19,9,2,3,14
2021-07-02 15:22:32,0,0,0,0
2021-07-02 15:22:41,0,0,0,0
2021-07-02 15:22:43,0,0,0,0
2021-07-02 15:22:52,0,0,0,0
2021-07-02 15:22:54,0,0,0,0
2021-07-02 15:22:57,0,0,0,0
2021-07-02 15:23:06,1,2,1,4
2021-07-02 15:23:07,0,0,0,0
2021-07-02 15:23:22,0,0,0,0
2021-07-02 15:23:25,0,0,0,0
2021-07-02 15:23:31,5,0,1,6
2021-07-02 15:23:33,464,39,80,583
2021-07-02 15:23:38,0,0,0,0
2021-07-02 15:23:47,0,0,1,1
2021-07-02 15:23:50,0,0,1,1
2021-07-02 15:23:58,3,0,3,6
2021-07-02 15:24:03,0,0,1,1
2021-07-02 15:24:04,1,0,1,2
2021-07-02 15:24:05,0,0,1,1
2021-07-02 15:24:10,6,1,1,8
2021-07-02 15:24:12,12,1,5,18
2021-07-02 15:24:14,1,0,2,3
2021-07-02 15:24:19,1,0,0,1
2021-07-02 15:24:28,1,0,1,2
2021-07-02 15:24:53,1,1,1,3
2021-07-02 15:24:56,2,0,1,3
2021-07-02 15:24:58,0,0,1,1
2021-07-02 15:25:16,7,0,4,11
2021-07-02 15:25:30,7,1,6,14
2021-07-02 15:25:33,0,0,1,1
2021-07-02 15:25:39,0,0,0,0
2021-07-02 15:25:53,0,0,1,1
2021-07-02 15:25:55,0,0,2,2
2021-07-02 15:26:05,1,1,1,3
2021-07-02 15:26:10,0,0,1,1
2021-07-02 15:26:13,34,2,13,49
2021-07-02 15:26:26,3,0,1,4
2021-07-02 15:26:30,3,0,2,5
2021-07-02 15:26:37,0,0,1,1
2021-07-02 15:26:54,1,3,3,7
2021-07-02 15:27:01,1,0,1,2
2021-07-02 15:27:06,7,0,1,8
2021-07-02 15:27:07,3,2,3,8
2021-07-02 15:27:28,0,0,1,1
2021-07-02 15:27:32,3,1,2,6
2021-07-02 15:27:37,0,0,1,1
2021-07-02 15:27:56,1,0,1,2
2021-07-02 15:28:07,20,0,8,28
2021-07-02 15:28:10,0,0,0,0
2021-07-02 15:28:17,39,1,23,63
2021-07-02 15:28:32,221,35,42,298
2021-07-02 15:28:36,2,0,1,3
2021-07-02 15:28:39,0,0,1,1
2021-07-02 15:28:41,2,0,1,3
2021-07-02 15:28:49,12,0,10,22
2021-07-02 15:28:56,0,0,1,1
2021-07-02 15:29:05,3,0,3,6
2021-07-02 15:29:21,0,0,1,1
2021-07-02 15:29:28,1,0,2,3
2021-07-02 15:29:31,13,3,5,21
2021-07-02 15:29:34,0,0,1,1
2021-07-02 15:29:37,14,2,5,21
2021-07-02 15:29:42,0,0,1,1
2021-07-02 15:29:46,52,0,17,69
2021-07-02 15:29:54,0,0,1,1
2021-07-02 15:30:01,0,0,1,1
2021-07-02 15:30:12,6,0,1,7
2021-07-02 15:30:14,5,0,1,6
2021-07-02 15:30:17,0,0,1,1
2021-07-02 15:30:30,6,0,5,11
2021-07-02 15:30:35,10,1,3,14
2021-07-02 15:30:52,2,0,3,5
2021-07-02 15:31:06,47,3,10,60
2021-07-02 15:31:11,8,1,3,12
2021-07-02 15:31:21,4,0,1,5
2021-07-02 15:31:25,8,1,3,12
2021-07-02 15:31:31,0,0,1,1
2021-07-02 15:31:39,0,0,1,1
2021-07-02 15:31:46,9,1,0,10
2021-07-02 15:31:47,0,0,1,1
2021-07-02 15:31:53,0,0,0,0
2021-07-02 15:32:05,0,0,0,0
2021-07-02 15:32:15,0,0,0,0
2021-07-02 15:32:16,58,1,22,81
2021-07-02 15:32:24,5,0,4,9
2021-07-02 15:32:27,2,0,1,3
2021-07-02 15:32:43,12,1,5,18
2021-07-02 15:32:48,1,0,0,1
2021-07-02 15:32:51,3,0,1,4
2021-07-02 15:32:52,11,0,2,13
2021-07-02 15:33:07,2,0,1,3
2021-07-02 15:33:20,255,9,95,359
2021-07-02 15:33:46,1,0,1,2
2021-07-02 15:34:04,3,0,1,4
2021-07-02 15:34:36,1,0,1,2
2021-07-02 15:34:43,1,0,0,1
2021-07-02 15:34:44,4,0,2,6
2021-07-02 15:34:49,7,3,4,14
2021-07-02 15:35:17,0,0,0,0
2021-07-02 15:35:18,2,1,0,3
2021-07-02 15:35:33,8,0,5,13
2021-07-02 15:35:53,2,0,0,2
2021-07-02 15:36:12,8,1,3,12
2021-07-02 15:36:22,0,0,0,0
2021-07-02 15:36:23,1,0,0,1
2021-07-02 15:37:21,0,0,0,0
2021-07-02 15:37:26,35,1,18,54
2021-07-02 15:37:45,15,1,9,25
2021-07-02 15:37:47,0,0,0,0
2021-07-02 15:38:02,4,0,0,4
2021-07-02 15:38:15,13,0,4,17
2021-07-02 15:38:16,1,0,0,1
2021-07-02 15:38:24,4,0,0,4
2021-07-02 15:38:32,3,0,4,7
2021-07-02 15:38:40,0,0,0,0
2021-07-02 15:38:42,1,0,0,1
2021-07-02 15:38:44,1,0,0,1
2021-07-02 15:38:45,0,0,0,0
2021-07-02 15:38:52,43,3,9,55
2021-07-02 15:39:03,1,0,0,1
2021-07-02 15:39:17,17,8,3,28
2021-07-02 15:39:23,1,0,0,1
2021-07-02 15:39:48,2,0,0,2
2021-07-02 15:39:52,3,0,1,4
2021-07-02 15:40:18,0,0,0,0
2021-07-02 15:40:19,2,0,1,3
2021-07-02 15:40:34,1,0,0,1
2021-07-02 15:40:38,0,0,0,0
2021-07-02 15:40:42,0,0,0,0
2021-07-02 15:40:44,14,1,0,15
2021-07-02 15:40:58,60,8,8,76
2021-07-02 15:40:59,1,0,0,1
2021-07-02 15:41:09,6,0,5,11
2021-07-02 15:41:19,1,0,0,1
2021-07-02 15:41:33,0,0,0,0
2021-07-02 15:41:42,0,0,0,0
2021-07-02 15:41:43,10,0,10,20
2021-07-02 15:41:46,0,0,0,0
2021-07-02 15:41:55,2,0,0,2
2021-07-02 15:42:00,0,0,0,0
2021-07-02 15:42:04,5,0,4,9
2021-07-02 15:42:07,7,0,1,8
2021-07-02 15:42:11,0,0,0,0
2021-07-02 15:42:12,2,0,3,5
2021-07-02 15:42:14,2,0,0,2
2021-07-02 15:42:15,0,0,0,0
2021-07-02 15:42:21,6,0,5,11
2021-07-02 15:42:26,5,0,0,5
2021-07-02 15:42:27,4,0,0,4
2021-07-02 15:42:35,6,0,1,7
2021-07-02 15:42:38,1,0,0,1
2021-07-02 15:42:54,9,1,7,17
2021-07-02 15:43:03,0,0,0,0
2021-07-02 15:43:13,0,0,0,0
2021-07-02 15:43:16,15,1,8,24
2021-07-02 15:43:19,8,0,2,10
2021-07-02 15:43:20,0,0,0,0
2021-07-02 15:43:31,167,9,16,192
2021-07-02 15:43:36,0,0,0,0
2021-07-02 15:43:39,0,0,0,0
2021-07-02 15:43:45,0,0,0,0
2021-07-02 15:43:49,7,0,4,11
2021-07-02 15:44:12,0,0,0,0
2021-07-02 15:44:22,7,0,4,11
2021-07-02 15:44:36,0,0,0,0
2021-07-02 15:44:43,8,1,6,15
2021-07-02 15:44:59,12,0,1,13
2021-07-02 15:45:00,0,0,0,0
2021-07-02 15:45:02,0,0,0,0
2021-07-02 15:45:04,13,1,10,24
2021-07-02 15:45:21,19,0,9,28
2021-07-02 15:45:28,15,0,5,20
2021-07-02 15:45:31,0,0,0,0
2021-07-02 15:45:46,4,0,4,8
2021-07-02 15:45:51,85,5,16,106
2021-07-02 15:46:02,18,0,4,22
2021-07-02 15:46:18,13,1,7,21
2021-07-02 15:46:33,3,0,0,3
2021-07-02 15:46:37,1,1,0,2
2021-07-02 15:46:52,7,0,6,13
2021-07-02 15:47:09,0,0,0,0
2021-07-02 15:47:13,0,0,0,0
2021-07-02 15:47:16,1,0,0,1
2021-07-02 15:47:18,0,0,0,0
2021-07-02 15:47:20,8,0,7,15
2021-07-02 15:47:22,1434,291,198,1923
2021-07-02 15:47:38,0,0,0,0
2021-07-02 15:47:43,0,0,0,0
2021-07-02 15:47:46,1,0,1,2
2021-07-02 15:47:52,6,0,4,10
2021-07-02 15:48:05,0,1,0,1
2021-07-02 15:48:19,0,0,0,0
2021-07-02 15:48:22,16,0,8,24
2021-07-02 15:48:27,0,0,0,0
2021-07-02 15:48:36,8,0,4,12
2021-07-02 15:48:40,1,0,0,1
2021-07-02 15:48:45,0,0,0,0
2021-07-02 15:48:47,2,0,2,4
2021-07-02 15:49:50,0,0,0,0
2021-07-02 15:49:54,1,0,0,1
2021-07-02 15:50:09,2,1,0,3
2021-07-02 15:50:29,0,0,0,0
2021-07-02 15:50:30,1,0,0,1
2021-07-02 15:50:33,1,0,0,1
2021-07-02 15:50:44,1,0,0,1
2021-07-02 15:50:46,4,2,1,7
2021-07-02 15:50:52,2,0,0,2
2021-07-02 15:50:55,1,0,0,1
2021-07-02 15:50:56,4,0,1,5
2021-07-02 15:51:14,0,0,0,0
2021-07-02 15:51:30,0,0,0,0
2021-07-02 15:51:34,0,0,0,0
2021-07-02 15:51:44,1,0,1,2
2021-07-02 15:51:59,0,0,0,0
2021-07-02 15:52:06,1,0,1,2
2021-07-02 15:52:14,55,0,8,63
2021-07-02 15:52:19,0,0,0,0
2021-07-02 15:52:23,1,0,1,2
2021-07-02 15:52:27,1,0,0,1
2021-07-02 15:52:39,0,0,0,0
2021-07-02 15:52:55,0,0,0,0
2021-07-02 15:52:56,0,0,0,0
2021-07-02 15:53:00,1,0,0,1
2021-07-02 15:53:35,636,21,119,776
2021-07-02 15:53:55,1,1,0,2
2021-07-02 15:54:17,2,0,1,3
2021-07-02 15:54:21,2,0,2,4
2021-07-02 15:54:44,0,0,0,0
2021-07-02 15:54:58,1,0,1,2
2021-07-02 15:55:02,0,0,0,0
2021-07-02 15:55:08,3,2,1,6
2021-07-02 15:55:27,0,0,0,0
2021-07-02 15:55:30,1,0,0,1
2021-07-02 15:55:40,0,0,0,0
2021-07-02 15:55:47,1,0,0,1
2021-07-02 15:55:48,1,1,0,2
2021-07-02 15:55:54,41,0,7,48
2021-07-02 15:55:57,0,0,0,0
2021-07-02 15:56:05,0,0,0,0
2021-07-02 15:56:51,4,0,0,4
2021-07-02 15:56:58,0,0,0,0
2021-07-02 15:57:02,2,0,2,4
2021-07-02 15:57:14,1,1,0,2
2021-07-02 15:57:58,0,0,0,0
2021-07-02 15:58:13,2,0,1,3
2021-07-02 15:58:18,0,0,0,0
2021-07-02 15:58:24,1,0,0,1
2021-07-02 15:58:29,1,0,0,1
2021-07-02 15:58:37,6,3,0,9
2021-07-02 15:58:40,2,1,0,3
2021-07-02 15:58:47,0,0,0,0
2021-07-02 15:58:50,481,23,190,694
2021-07-02 15:58:52,51,1,22,74
2021-07-02 15:58:56,1,0,0,1
2021-07-02 15:58:57,0,0,0,0
2021-07-02 15:59:11,2,0,1,3
2021-07-02 15:59:28,1,0,0,1
2021-07-02 16:00:00,49,0,9,58
2021-07-02 16:00:01,13,0,3,16
2021-07-02 16:00:06,0,0,0,0
2021-07-02 16:00:19,2,0,1,3
2021-07-02 16:00:37,0,0,0,0
2021-07-02 16:00:38,1,0,1,2
2021-07-02 16:00:49,2,1,1,4
2021-07-02 16:00:50,188,3,13,204
2021-07-02 16:00:59,25,2,3,30
2021-07-02 16:01:07,21,4,7,32
2021-07-02 16:01:08,201,6,48,255
2021-07-02 16:01:16,4,1,1,6
2021-07-02 16:01:23,0,0,0,0
2021-07-02 16:01:29,0,0,0,0
2021-07-02 16:01:41,25,0,5,30
2021-07-02 16:01:45,0,0,0,0
2021-07-02 16:02:00,0,0,0,0
2021-07-02 16:02:08,9,1,1,11
2021-07-02 16:02:09,0,0,0,0
2021-07-02 16:02:13,10,0,0,10
2021-07-02 16:02:16,0,0,0,0
2021-07-02 16:02:17,3,1,0,4
2021-07-02 16:02:23,0,0,0,0
2021-07-02 16:02:25,1,0,0,1
2021-07-02 16:02:27,0,0,0,0
2021-07-02 16:02:28,0,0,0,0
2021-07-02 16:02:32,2,0,0,2
2021-07-02 16:02:44,1,0,0,1
2021-07-02 16:02:45,3,0,1,4
2021-07-02 16:03:07,1,0,1,2
2021-07-02 16:03:09,2,0,0,2
2021-07-02 16:03:14,36,2,8,46
2021-07-02 16:04:02,0,0,0,0
2021-07-02 16:04:06,4,0,2,6
2021-07-02 16:04:18,1,0,0,1
2021-07-02 16:04:21,258,4,10,272
2021-07-02 16:04:28,2,0,0,2
2021-07-02 16:04:32,0,0,0,0
2021-07-02 16:04:45,0,0,0,0
2021-07-02 16:04:52,9,0,2,11
2021-07-02 16:05:00,2,0,0,2
2021-07-02 16:05:07,0,0,0,0
2021-07-02 16:05:15,18,2,4,24
2021-07-02 16:05:17,1,0,0,1
2021-07-02 16:05:26,0,1,0,1
2021-07-02 16:05:41,82,2,25,109
2021-07-02 16:06:00,1,0,0,1
2021-07-02 16:06:04,11,0,3,14
2021-07-02 16:06:11,4,0,2,6
2021-07-02 16:06:13,1,0,0,1
2021-07-02 16:06:19,1,0,0,1
2021-07-02 16:06:32,1,0,0,1
2021-07-02 16:06:33,2,0,0,2
2021-07-02 16:06:49,0,0,0,0
2021-07-02 16:06:51,2,0,1,3
2021-07-02 16:06:52,1,0,0,1
2021-07-02 16:07:12,3,0,1,4
2021-07-02 16:07:18,2,0,1,3
2021-07-02 16:07:21,0,0,0,0
2021-07-02 16:07:25,1,0,0,1
2021-07-02 16:07:29,78,1,28,107
2021-07-02 16:07:32,0,0,0,0
2021-07-02 16:07:35,0,0,0,0
2021-07-02 16:07:39,0,0,0,0
2021-07-02 16:07:43,0,0,0,0
2021-07-02 16:07:50,0,0,0,0
2021-07-02 16:07:53,6,1,4,11
2021-07-02 16:08:00,0,0,0,0
2021-07-02 16:08:10,0,0,0,0
2021-07-02 16:08:18,0,0,0,0
2021-07-02 16:08:20,1,0,0,1
2021-07-02 16:08:28,0,0,0,0
2021-07-02 16:08:31,1,0,0,1
2021-07-02 16:08:38,33,0,6,39
2021-07-02 16:08:39,30,3,8,41
2021-07-02 16:08:44,33,0,16,49
2021-07-02 16:08:51,0,0,0,0
2021-07-02 16:08:53,17,2,4,23
2021-07-02 16:09:16,0,0,0,0
2021-07-02 16:09:28,1,0,0,1
2021-07-02 16:09:37,1,0,0,1
2021-07-02 16:09:49,8,1,5,14
2021-07-02 16:09:51,19,3,2,24
2021-07-02 16:09:52,1,0,0,1
2021-07-02 16:10:00,1,0,0,1
2021-07-02 16:10:10,4,0,1,5
2021-07-02 16:10:18,2,0,0,2
2021-07-02 16:10:23,0,0,0,0
2021-07-02 16:10:25,0,0,0,0
2021-07-02 16:10:42,3,1,2,6
2021-07-02 16:10:44,6,0,0,6
2021-07-02 16:10:48,0,0,0,0
2021-07-02 16:11:14,0,0,0,0
2021-07-02 16:11:17,0,0,0,0
2021-07-02 16:11:20,0,0,0,0
2021-07-02 16:11:25,1,0,1,2
2021-07-02 16:11:28,0,0,0,0
2021-07-02 16:11:39,0,0,0,0
2021-07-02 16:11:50,2,1,0,3
2021-07-02 16:11:55,1,0,1,2
2021-07-02 16:11:59,0,0,0,0
2021-07-02 16:12:05,3,0,0,3
2021-07-02 16:12:10,1,0,0,1
2021-07-02 16:12:11,0,0,0,0
2021-07-02 16:12:14,0,0,0,0
2021-07-02 16:12:16,0,0,0,0
2021-07-02 16:12:19,0,0,0,0
2021-07-02 16:12:20,0,0,0,0
2021-07-02 16:12:22,0,0,0,0
2021-07-02 16:12:25,3,0,0,3
2021-07-02 16:12:28,0,0,0,0
2021-07-02 16:12:29,1,0,0,1
2021-07-02 16:13:02,2,0,0,2
2021-07-02 16:13:12,0,0,0,0
2021-07-02 16:13:20,0,0,0,0
2021-07-02 16:13:24,0,0,0,0
2021-07-02 16:13:25,0,0,0,0
2021-07-02 16:13:34,16,2,5,23
2021-07-02 16:13:38,0,0,0,0
2021-07-02 16:13:46,0,0,0,0
2021-07-02 16:13:48,1,0,0,1
2021-07-02 16:13:53,1,0,1,2
2021-07-02 16:13:58,0,0,0,0
2021-07-02 16:14:05,0,0,0,0
2021-07-02 16:14:14,0,0,0,0
2021-07-02 16:14:35,0,0,0,0
2021-07-02 16:14:39,0,0,0,0
2021-07-02 16:14:41,2,2,0,4
2021-07-02 16:14:46,0,0,0,0
2021-07-02 16:14:51,24,0,12,36
2021-07-02 16:14:52,17,1,1,19
2021-07-02 16:15:02,0,0,0,0
2021-07-02 16:15:25,0,0,0,0
2021-07-02 16:15:34,0,0,0,0
2021-07-02 16:15:43,5,5,1,11
2021-07-02 16:15:47,0,0,0,0
2021-07-02 16:15:51,1,0,0,1
2021-07-02 16:16:08,0,0,0,0
2021-07-02 16:16:11,1,0,1,2
2021-07-02 16:16:23,53,1,19,73
2021-07-02 16:16:33,0,0,0,0
2021-07-02 16:16:41,51,2,14,67
2021-07-02 16:16:44,16,0,2,18
2021-07-02 16:16:50,6,0,1,7
2021-07-02 16:16:59,0,0,0,0
2021-07-02 16:17:03,1,0,1,2
2021-07-02 16:17:04,6,0,0,6
2021-07-02 16:17:29,421,3,27,451
2021-07-02 16:17:32,6,0,2,8
2021-07-02 16:17:50,4,0,5,9
2021-07-02 16:17:51,0,0,0,0
2021-07-02 16:17:57,3,0,3,6
2021-07-02 16:18:19,0,0,0,0
2021-07-02 16:18:23,0,0,0,0
2021-07-02 16:18:51,3,0,1,4
2021-07-02 16:19:00,15,0,4,19
2021-07-02 16:19:23,0,0,0,0
2021-07-02 16:19:30,147,3,31,181
2021-07-02 16:19:42,2,1,0,3
2021-07-02 16:19:55,0,0,0,0
2021-07-02 16:20:51,0,0,0,0
2021-07-02 16:20:52,8,0,1,9
2021-07-02 16:21:00,0,0,0,0
2021-07-02 16:21:03,555,18,97,670
2021-07-02 16:21:05,0,0,0,0
2021-07-02 16:21:12,1,0,0,1
2021-07-02 16:21:15,1,0,0,1
2021-07-02 16:21:17,0,0,0,0
2021-07-02 16:21:21,6,3,0,9
2021-07-02 16:21:26,1,0,0,1
2021-07-02 16:21:29,0,0,0,0
2021-07-02 16:21:33,0,0,0,0
2021-07-02 16:21:39,7,0,2,9
2021-07-02 16:21:41,1,0,0,1
2021-07-02 16:21:45,0,0,0,0
2021-07-02 16:21:48,1,0,0,1
2021-07-02 16:21:58,1,0,0,1
2021-07-02 16:22:00,0,0,0,0
2021-07-02 16:22:02,0,0,0,0
2021-07-02 16:22:06,1,0,0,1
2021-07-02 16:22:07,1,0,2,3
2021-07-02 16:22:13,1,0,1,2
2021-07-02 16:22:19,1,0,0,1
2021-07-02 16:23:28,12,0,10,22
2021-07-02 16:23:30,0,0,0,0
2021-07-02 16:23:35,0,0,0,0
2021-07-02 16:23:55,1,0,0,1
2021-07-02 16:23:56,10,0,5,15
2021-07-02 16:24:34,0,0,0,0
2021-07-02 16:24:53,2,0,0,2
2021-07-02 16:24:54,1,0,0,1
2021-07-02 16:24:59,0,0,0,0
2021-07-02 16:25:03,0,0,0,0
2021-07-02 16:25:28,14,0,11,25
2021-07-02 16:25:39,1,0,0,1
2021-07-02 16:25:40,1,0,0,1
2021-07-02 16:25:46,13,0,4,17
2021-07-02 16:25:50,1,0,0,1
2021-07-02 16:25:51,1,0,0,1
2021-07-02 16:25:56,1,0,0,1
2021-07-02 16:26:05,5,1,0,6
2021-07-02 16:26:10,1,0,0,1
2021-07-02 16:26:24,1,0,0,1
2021-07-02 16:26:29,4,0,2,6
2021-07-02 16:26:36,3,0,1,4
2021-07-02 16:26:58,0,0,0,0
2021-07-02 16:27:10,0,0,0,0
2021-07-02 16:27:21,3,0,1,4
2021-07-02 16:27:29,7,0,0,7
2021-07-02 16:27:44,1,0,1,2
2021-07-02 16:27:46,9,0,5,14
2021-07-02 16:27:51,0,0,0,0
2021-07-02 16:28:05,7,0,3,10
2021-07-02 16:28:18,1,0,1,2
2021-07-02 16:28:23,1,0,0,1
2021-07-02 16:28:29,0,0,0,0
2021-07-02 16:28:44,0,0,0,0
2021-07-02 16:28:55,1,0,0,1
2021-07-02 16:29:05,0,0,0,0
2021-07-02 16:29:13,0,0,0,0
2021-07-02 16:29:18,0,0,0,0
2021-07-02 16:29:26,4,1,2,7
2021-07-02 16:29:38,4,0,2,6
2021-07-02 16:30:01,0,0,0,0
2021-07-02 16:30:10,0,0,0,0
2021-07-02 16:30:28,37,0,16,53
2021-07-02 16:31:05,1,0,0,1
2021-07-02 16:31:10,0,0,0,0
2021-07-02 16:31:21,0,0,0,0
2021-07-02 16:31:42,1,1,0,2
2021-07-02 16:31:46,9,2,1,12
2021-07-02 16:31:49,1,0,1,2
2021-07-02 16:31:58,0,0,0,0
2021-07-02 16:32:02,3,0,1,4
2021-07-02 16:32:22,8,0,5,13
2021-07-02 16:32:25,0,0,0,0
2021-07-02 16:32:34,0,0,0,0
2021-07-02 16:32:37,1,0,0,1
2021-07-02 16:32:40,0,0,0,0
2021-07-02 16:32:44,0,0,0,0
2021-07-02 16:33:02,11174,200,2980,14354
2021-07-02 16:33:07,1,1,2,4
2021-07-02 16:33:11,2,0,1,3
2021-07-02 16:33:23,2,0,0,2
2021-07-02 16:33:41,1,0,0,1
2021-07-02 16:33:44,0,0,1,1
2021-07-02 16:33:48,0,0,0,0
2021-07-02 16:33:49,1,0,1,2
2021-07-02 16:34:09,0,0,1,1
2021-07-02 16:34:17,7,0,1,8
2021-07-02 16:34:30,3,0,1,4
2021-07-02 16:34:36,54,2,6,62
2021-07-02 16:34:55,5,0,1,6
2021-07-02 16:35:18,0,0,1,1
2021-07-02 16:35:21,0,0,0,0
2021-07-02 16:35:42,4,0,1,5
2021-07-02 16:35:45,4,3,1,8
2021-07-02 16:35:47,2,0,0,2
2021-07-02 16:35:57,2,0,0,2
2021-07-02 16:36:03,1,0,0,1
2021-07-02 16:36:05,0,0,0,0
2021-07-02 16:36:16,3,0,0,3
2021-07-02 16:36:21,0,0,0,0
2021-07-02 16:37:02,3,0,0,3
2021-07-02 16:37:05,23,0,5,28
2021-07-02 16:37:07,20,0,4,24
2021-07-02 16:37:10,0,0,0,0
2021-07-02 16:37:11,33,3,13,49
2021-07-02 16:37:13,2,0,0,2
2021-07-02 16:37:22,3,2,0,5
2021-07-02 16:37:30,0,0,0,0
2021-07-02 16:37:57,0,0,0,0
2021-07-02 16:38:03,1,0,0,1
2021-07-02 16:38:05,0,0,0,0
2021-07-02 16:38:14,1,0,0,1
2021-07-02 16:38:17,0,0,0,0
2021-07-02 16:38:25,0,0,0,0
2021-07-02 16:38:33,0,0,0,0
2021-07-02 16:38:39,12,0,3,15
2021-07-02 16:38:43,8,1,5,14
2021-07-02 16:38:44,1,0,2,3
2021-07-02 16:38:52,1,0,0,1
2021-07-02 16:38:58,0,0,0,0
2021-07-02 16:39:08,0,0,0,0
2021-07-02 16:39:09,2,0,0,2
2021-07-02 16:39:24,0,0,0,0
2021-07-02 16:39:29,0,0,0,0
2021-07-02 16:39:33,2,0,0,2
2021-07-02 16:39:35,0,0,0,0
2021-07-02 16:39:39,0,0,0,0
2021-07-02 16:39:40,0,0,0,0
2021-07-02 16:39:43,1128,26,180,1334
2021-07-02 16:39:53,0,0,0,0
2021-07-02 16:39:55,0,0,0,0
2021-07-02 16:40:02,0,0,0,0
2021-07-02 16:40:08,0,1,0,1
2021-07-02 16:40:11,0,0,0,0
2021-07-02 16:40:20,0,0,0,0
2021-07-02 16:40:21,155,4,66,225
2021-07-02 16:40:22,189,7,54,250
2021-07-02 16:40:27,1,0,0,1
2021-07-02 16:40:33,2,0,0,2
2021-07-02 16:40:36,0,1,0,1
2021-07-02 16:40:37,0,0,0,0
2021-07-02 16:40:39,0,0,0,0
2021-07-02 16:40:43,0,0,0,0
2021-07-02 16:40:50,1,0,0,1
2021-07-02 16:40:57,2,0,0,2
2021-07-02 16:41:01,0,0,0,0
2021-07-02 16:41:05,3,0,1,4
2021-07-02 16:41:09,0,0,0,0
2021-07-02 16:41:11,1,0,0,1
2021-07-02 16:41:16,1,0,0,1
2021-07-02 16:41:59,2,0,1,3
2021-07-02 16:42:03,3,0,0,3
2021-07-02 16:42:24,1,0,0,1
2021-07-02 16:42:30,0,0,0,0
2021-07-02 16:42:32,1,0,0,1
2021-07-02 16:42:33,2,1,1,4
2021-07-02 16:42:44,25,1,10,36
2021-07-02 16:42:54,3,0,0,3
2021-07-02 16:43:02,0,0,0,0
2021-07-02 16:43:06,0,0,0,0
2021-07-02 16:43:27,0,0,0,0
2021-07-02 16:43:29,1,0,0,1
2021-07-02 16:43:31,1,0,0,1
2021-07-02 16:43:40,0,0,0,0
2021-07-02 16:43:56,593,17,130,740
2021-07-02 16:44:00,0,0,0,0
2021-07-02 16:44:01,36,0,16,52
2021-07-02 16:44:05,0,0,0,0
2021-07-02 16:44:10,4,1,0,5
2021-07-02 16:44:21,2,0,0,2
2021-07-02 16:44:30,3,0,0,3
2021-07-02 16:44:32,1,0,0,1
2021-07-02 16:44:45,355,23,159,537
2021-07-02 16:44:46,2,0,0,2
2021-07-02 16:44:52,0,0,0,0
2021-07-02 16:44:58,22,0,4,26
2021-07-02 16:44:59,2,0,0,2
2021-07-02 16:45:17,0,0,0,0
2021-07-02 16:45:22,2,0,1,3
2021-07-02 16:45:30,8,0,4,12
2021-07-02 16:45:37,4,0,0,4
2021-07-02 16:45:47,2,0,0,2
2021-07-02 16:45:54,5,0,2,7
2021-07-02 16:45:55,1,0,0,1
2021-07-02 16:46:00,1,0,0,1
2021-07-02 16:46:04,1,0,0,1
2021-07-02 16:46:06,0,0,0,0
2021-07-02 16:46:25,1,0,0,1
2021-07-02 16:46:39,0,0,0,0
2021-07-02 16:46:59,1,0,0,1
2021-07-02 16:47:18,1,0,0,1
2021-07-02 16:47:23,1,0,0,1
2021-07-02 16:47:28,0,0,0,0
2021-07-02 16:47:42,0,0,0,0
2021-07-02 16:47:48,0,0,0,0
2021-07-02 16:47:50,0,0,0,0
2021-07-02 16:47:54,0,0,0,0
2021-07-02 16:47:58,1,0,0,1
2021-07-02 16:48:09,16,1,3,20
2021-07-02 16:48:14,3,1,3,7
2021-07-02 16:48:18,36,0,10,46
2021-07-02 16:48:26,2,0,1,3
2021-07-02 16:48:28,0,0,0,0
2021-07-02 16:48:33,14,1,6,21
2021-07-02 16:48:37,0,0,0,0
2021-07-02 16:48:38,0,0,0,0
2021-07-02 16:48:41,0,0,0,0
2021-07-02 16:48:57,0,0,0,0
2021-07-02 16:49:00,0,0,0,0
2021-07-02 16:49:04,6,0,3,9
2021-07-02 16:49:13,0,0,0,0
2021-07-02 16:49:23,25,3,13,41
2021-07-02 16:49:32,14,2,6,22
2021-07-02 16:49:33,1,0,0,1
2021-07-02 16:49:38,0,0,0,0
2021-07-02 16:49:43,7,0,2,9
2021-07-02 16:49:50,0,0,0,0
2021-07-02 16:49:51,6,0,1,7
2021-07-02 16:50:12,18,0,8,26
2021-07-02 16:50:25,0,0,0,0
2021-07-02 16:50:38,0,0,0,0
2021-07-02 16:50:41,0,0,0,0
2021-07-02 16:51:30,2,0,0,2
2021-07-02 16:51:37,5,0,1,6
2021-07-02 16:51:41,1,0,0,1
2021-07-02 16:51:42,1,0,0,1
2021-07-02 16:51:45,0,0,0,0
2021-07-02 16:51:52,0,0,0,0
2021-07-02 16:52:07,0,0,0,0
2021-07-02 16:52:13,1,0,1,2
2021-07-02 16:52:15,4,0,2,6
2021-07-02 16:52:31,2,0,0,2
2021-07-02 16:52:37,1,0,0,1
2021-07-02 16:53:00,3,0,1,4
2021-07-02 16:53:03,1,0,1,2
2021-07-02 16:53:04,5,1,0,6
2021-07-02 16:53:08,0,0,0,0
2021-07-02 16:53:12,0,0,0,0
2021-07-02 16:53:15,29,0,2,31
2021-07-02 16:53:19,570,124,120,814
2021-07-02 16:53:43,12,0,4,16
2021-07-02 16:53:45,0,0,0,0
2021-07-02 16:53:46,1,0,0,1
2021-07-02 16:53:54,2,0,1,3
2021-07-02 16:54:17,0,0,0,0
2021-07-02 16:54:25,8,0,1,9
2021-07-02 16:54:38,5,0,1,6
2021-07-02 16:54:39,19,0,5,24
2021-07-02 16:54:40,0,0,0,0
2021-07-02 16:54:58,0,0,0,0
2021-07-02 16:55:00,2,0,1,3
2021-07-02 16:55:02,1,0,0,1
2021-07-02 16:55:04,20,1,6,27
2021-07-02 16:55:17,14,1,5,20
2021-07-02 16:55:26,1,0,0,1
2021-07-02 16:55:39,0,0,0,0
2021-07-02 16:55:47,0,0,0,0
2021-07-02 16:55:54,0,0,0,0
2021-07-02 16:55:56,0,0,0,0
2021-07-02 16:56:09,1,0,1,2
2021-07-02 16:56:12,0,0,0,0
2021-07-02 16:56:31,1,2,0,3
2021-07-02 16:56:36,9,4,4,17
2021-07-02 16:56:44,0,0,0,0
2021-07-02 16:56:54,0,0,0,0
2021-07-02 16:56:57,0,0,0,0
2021-07-02 16:56:58,0,0,0,0
2021-07-02 16:56:59,3,0,2,5
2021-07-02 16:57:02,2,0,2,4
2021-07-02 16:57:09,0,0,0,0
2021-07-02 16:57:10,14,3,6,23
2021-07-02 16:57:16,0,0,0,0
2021-07-02 16:57:39,2,1,0,3
2021-07-02 16:57:44,5,0,1,6
2021-07-02 16:57:47,1,1,0,2
2021-07-02 16:57:51,0,0,0,0
2021-07-02 16:57:52,0,0,1,1
2021-07-02 16:58:05,0,0,0,0
2021-07-02 16:58:17,0,0,0,0
2021-07-02 16:58:23,6,0,2,8
2021-07-02 16:58:29,7,2,0,9
2021-07-02 16:58:57,0,0,0,0
2021-07-02 16:59:05,3,0,0,3
2021-07-02 16:59:07,4,0,2,6
2021-07-02 16:59:25,5,0,2,7
2021-07-02 16:59:26,0,0,1,1
2021-07-02 16:59:30,0,0,0,0
2021-07-02 16:59:31,2,0,0,2
2021-07-02 16:59:33,4,0,0,4
2021-07-02 16:59:35,1,0,0,1
2021-07-02 16:59:42,2,0,0,2
2021-07-02 16:59:43,0,0,0,0
2021-07-02 17:00:00,7,0,0,7
2021-07-02 17:00:01,1,0,1,2
2021-07-02 17:00:02,1,0,1,2
2021-07-02 17:00:10,5,0,1,6
2021-07-02 17:00:20,0,0,0,0
2021-07-02 17:00:21,32,0,4,36
2021-07-02 17:00:24,5,0,0,5
2021-07-02 17:00:26,1,0,0,1
2021-07-02 17:00:41,1,0,0,1
2021-07-02 17:00:50,2,0,0,2
2021-07-02 17:00:58,9,0,4,13
2021-07-02 17:01:00,6,0,1,7
2021-07-02 17:01:11,0,0,0,0
2021-07-02 17:01:19,0,0,0,0
2021-07-02 17:01:20,1,0,0,1
2021-07-02 17:01:21,9,1,2,12
2021-07-02 17:01:34,2,0,0,2
2021-07-02 17:01:41,10,1,0,11
2021-07-02 17:01:45,3,0,0,3
2021-07-02 17:01:52,15,5,0,20
2021-07-02 17:01:55,0,0,0,0
2021-07-02 17:01:57,0,0,0,0
2021-07-02 17:02:09,4,0,1,5
2021-07-02 17:02:10,0,0,0,0
2021-07-02 17:02:30,7,1,0,8
2021-07-02 17:02:32,2,1,2,5
2021-07-02 17:02:39,3,0,0,3
2021-07-02 17:02:51,6,0,0,6
2021-07-02 17:02:59,1,0,0,1
2021-07-02 17:03:01,2,0,0,2
2021-07-02 17:03:03,1,0,0,1
2021-07-02 17:03:09,8,1,0,9
2021-07-02 17:03:17,5,0,0,5
2021-07-02 17:03:36,5,1,0,6
2021-07-02 17:03:45,4,1,1,6
2021-07-02 17:03:53,2,0,0,2
2021-07-02 17:04:05,8,0,2,10
2021-07-02 17:04:10,4,0,0,4
2021-07-02 17:04:14,2,0,1,3
2021-07-02 17:04:20,3,1,1,5
2021-07-02 17:04:29,3,0,1,4
2021-07-02 17:04:39,1,0,0,1
2021-07-02 17:04:44,0,0,0,0
2021-07-02 17:04:46,1,0,0,1
2021-07-02 17:04:50,0,0,0,0
2021-07-02 17:05:00,9,1,5,15
2021-07-02 17:05:03,4,0,0,4
2021-07-02 17:05:08,18,0,3,21
2021-07-02 17:05:11,1,0,0,1
2021-07-02 17:05:15,1,0,0,1
2021-07-02 17:05:16,3,0,0,3
2021-07-02 17:05:30,52,0,10,62
2021-07-02 17:05:32,2,0,0,2
2021-07-02 17:05:41,29,4,5,38
2021-07-02 17:05:46,0,0,0,0
2021-07-02 17:05:51,2,0,0,2
2021-07-02 17:06:02,9,0,2,11
2021-07-02 17:06:09,2,0,0,2
2021-07-02 17:06:16,1,0,1,2
2021-07-02 17:06:17,0,0,0,0
2021-07-02 17:06:20,4,1,0,5
2021-07-02 17:06:27,1,0,0,1
2021-07-02 17:06:30,2,0,0,2
2021-07-02 17:06:35,12,2,1,15
2021-07-02 17:06:36,7,1,5,13
2021-07-02 17:06:47,5,0,0,5
2021-07-02 17:06:52,3,0,0,3
2021-07-02 17:07:02,2,0,0,2
2021-07-02 17:07:05,2,0,0,2
2021-07-02 17:07:14,2,0,0,2
2021-07-02 17:07:21,5,0,0,5
2021-07-02 17:07:23,93,0,33,126
2021-07-02 17:07:26,6,0,2,8
2021-07-02 17:07:30,0,0,0,0
2021-07-02 17:07:34,1,0,0,1
2021-07-02 17:07:37,1,0,0,1
2021-07-02 17:07:41,1,0,0,1
2021-07-02 17:07:47,11,0,3,14
2021-07-02 17:07:56,3,0,0,3
2021-07-02 17:08:01,12,0,3,15
2021-07-02 17:08:04,0,0,0,0
2021-07-02 17:08:06,12,0,0,12
2021-07-02 17:08:15,6,0,0,6
2021-07-02 17:08:18,2,0,1,3
2021-07-02 17:08:23,2,0,0,2
2021-07-02 17:08:32,1,0,0,1
2021-07-02 17:08:40,8,0,7,15
2021-07-02 17:08:49,3,0,1,4
2021-07-02 17:08:55,2,1,0,3
2021-07-02 17:09:02,1,1,0,2
2021-07-02 17:09:06,3,0,2,5
2021-07-02 17:09:16,20,1,7,28
2021-07-02 17:09:20,2,0,0,2
2021-07-02 17:09:25,1,0,0,1
2021-07-02 17:09:32,0,0,0,0
2021-07-02 17:09:33,7,1,3,11
2021-07-02 17:09:49,5,0,1,6
2021-07-02 17:10:00,2,0,0,2
2021-07-02 17:10:08,3,0,1,4
2021-07-02 17:10:09,41,34,1,76
2021-07-02 17:10:25,5,1,0,6
2021-07-02 17:10:33,9,2,5,16
2021-07-02 17:10:37,0,0,0,0
2021-07-02 17:10:39,1,0,2,3
2021-07-02 17:10:46,0,0,0,0
2021-07-02 17:10:58,1,0,0,1
2021-07-02 17:11:02,1,0,0,1
2021-07-02 17:11:06,16,2,7,25
2021-07-02 17:11:12,1,0,0,1
2021-07-02 17:11:15,0,0,0,0
2021-07-02 17:11:21,0,0,0,0
2021-07-02 17:11:25,3,1,0,4
2021-07-02 17:11:26,2,0,0,2
2021-07-02 17:11:27,1,0,0,1
2021-07-02 17:11:47,3,0,1,4
2021-07-02 17:11:51,5,0,0,5
2021-07-02 17:12:06,4,0,0,4
2021-07-02 17:12:16,5,1,2,8
2021-07-02 17:12:25,3,1,0,4
2021-07-02 17:12:30,0,0,0,0
2021-07-02 17:12:33,5095,179,919,6193
2021-07-02 17:12:41,10,0,4,14
2021-07-02 17:12:51,793,51,200,1044
2021-07-02 17:12:56,1,0,0,1
2021-07-02 17:13:00,0,0,0,0
2021-07-02 17:13:02,0,0,0,0
2021-07-02 17:13:05,6,0,0,6
2021-07-02 17:13:13,2,0,0,2
2021-07-02 17:13:28,4,0,0,4
2021-07-02 17:13:32,13,2,2,17
2021-07-02 17:13:39,3,0,0,3
2021-07-02 17:13:50,2,0,1,3
2021-07-02 17:13:55,3,0,0,3
2021-07-02 17:14:00,9,1,0,10
2021-07-02 17:14:01,8,0,0,8
2021-07-02 17:14:15,1,0,0,1
2021-07-02 17:14:19,4,1,2,7
2021-07-02 17:14:20,13,0,2,15
2021-07-02 17:14:28,2,0,0,2
2021-07-02 17:14:29,0,0,0,0
2021-07-02 17:14:35,8,0,3,11
2021-07-02 17:14:36,1,0,0,1
2021-07-02 17:14:41,1,0,0,1
2021-07-02 17:14:55,3,0,0,3
2021-07-02 17:15:05,0,0,0,0
2021-07-02 17:15:20,3,0,0,3
2021-07-02 17:15:28,6,0,0,6
2021-07-02 17:15:33,64,0,16,80
2021-07-02 17:15:34,1,0,0,1
2021-07-02 17:15:55,2,0,0,2
2021-07-02 17:16:06,1,0,0,1
2021-07-02 17:16:11,1,0,0,1
2021-07-02 17:16:12,0,0,0,0
2021-07-02 17:16:25,33,2,9,44
2021-07-02 17:16:31,0,0,0,0
2021-07-02 17:16:43,1,0,0,1
2021-07-02 17:16:49,1,0,0,1
2021-07-02 17:16:56,1,0,0,1
2021-07-02 17:17:07,12,0,6,18
2021-07-02 17:17:13,0,0,0,0
2021-07-02 17:17:17,2,0,0,2
2021-07-02 17:17:21,1,0,0,1
2021-07-02 17:18:04,24,1,8,33
2021-07-02 17:18:23,2,0,0,2
2021-07-02 17:18:26,442,10,120,572
2021-07-02 17:18:39,2,0,1,3
2021-07-02 17:18:47,3,0,2,5
2021-07-02 17:18:57,2,0,0,2
2021-07-02 17:19:00,255,10,51,316
2021-07-02 17:19:27,0,0,0,0
2021-07-02 17:19:59,1,0,0,1
2021-07-02 17:20:00,1,0,0,1
2021-07-02 17:20:06,1,0,1,2
2021-07-02 17:20:25,0,0,0,0
2021-07-02 17:20:32,38,1,18,57
2021-07-02 17:20:41,1,0,0,1
2021-07-02 17:20:50,5,1,0,6
2021-07-02 17:20:55,2,0,0,2
2021-07-02 17:20:59,0,1,0,1
2021-07-02 17:21:02,0,0,1,1
2021-07-02 17:21:09,2,0,0,2
2021-07-02 17:21:20,2,0,0,2
2021-07-02 17:21:26,1,0,0,1
2021-07-02 17:21:29,4,0,1,5
2021-07-02 17:21:31,0,0,0,0
2021-07-02 17:21:33,4,0,0,4
2021-07-02 17:21:43,3,0,1,4
2021-07-02 17:21:52,2,1,0,3
2021-07-02 17:21:59,3,0,2,5
2021-07-02 17:22:10,1,0,1,2
2021-07-02 17:22:13,5,1,1,7
2021-07-02 17:22:16,0,0,0,0
2021-07-02 17:22:17,0,0,0,0
2021-07-02 17:22:18,2,0,1,3
2021-07-02 17:22:35,7,0,2,9
2021-07-02 17:22:42,1,0,1,2
2021-07-02 17:22:50,1,0,1,2
2021-07-02 17:22:52,1,0,0,1
2021-07-02 17:22:54,2,0,1,3
2021-07-02 17:22:57,8,2,4,14
2021-07-02 17:22:59,8,0,7,15
2021-07-02 17:23:03,4,0,3,7
2021-07-02 17:23:04,3,0,1,4
2021-07-02 17:23:07,1,0,0,1
2021-07-02 17:23:09,2,0,0,2
2021-07-02 17:23:14,0,0,0,0
2021-07-02 17:23:31,18,0,4,22
2021-07-02 17:23:37,1,0,0,1
2021-07-02 17:23:52,4,0,1,5
2021-07-02 17:23:55,3,0,0,3
2021-07-02 17:23:56,1,0,0,1
2021-07-02 17:24:00,3,0,0,3
2021-07-02 17:24:05,3,0,0,3
2021-07-02 17:24:25,3,0,1,4
2021-07-02 17:24:27,1,0,0,1
2021-07-02 17:24:39,1,0,0,1
2021-07-02 17:24:47,0,1,0,1
2021-07-02 17:24:48,0,0,0,0
2021-07-02 17:24:55,4,1,1,6
2021-07-02 17:25:00,1,0,0,1
2021-07-02 17:25:09,1,0,0,1
2021-07-02 17:25:19,4,0,0,4
2021-07-02 17:25:20,0,0,0,0
2021-07-02 17:25:28,5,0,0,5
2021-07-02 17:25:35,5,0,1,6
2021-07-02 17:25:37,1,0,0,1
2021-07-02 17:25:43,0,0,0,0
2021-07-02 17:25:44,3,0,0,3
2021-07-02 17:25:45,4,0,0,4
2021-07-02 17:25:54,1,0,0,1
2021-07-02 17:26:02,1,0,0,1
2021-07-02 17:26:11,1,0,0,1
2021-07-02 17:26:20,1,0,0,1
2021-07-02 17:26:30,13,0,5,18
2021-07-02 17:26:31,4,0,0,4
2021-07-02 17:26:33,2,1,1,4
2021-07-02 17:26:48,1,0,0,1
2021-07-02 17:27:03,2,0,0,2
2021-07-02 17:27:05,1,0,0,1
2021-07-02 17:27:10,2,0,0,2
2021-07-02 17:27:20,3,1,1,5
2021-07-02 17:27:29,0,0,0,0
2021-07-02 17:27:32,9,1,1,11
2021-07-02 17:27:36,12,2,3,17
2021-07-02 17:27:40,4,0,1,5
2021-07-02 17:27:46,2,0,0,2
2021-07-02 17:27:52,2,0,1,3
2021-07-02 17:28:02,7,0,1,8
2021-07-02 17:28:05,6,0,1,7
2021-07-02 17:28:14,6,0,0,6
2021-07-02 17:28:18,1,0,0,1
2021-07-02 17:28:24,2,0,0,2
2021-07-02 17:28:26,2,0,0,2
2021-07-02 17:28:33,2,0,0,2
2021-07-02 17:28:37,0,0,0,0
2021-07-02 17:28:44,4,0,1,5
2021-07-02 17:28:47,2,0,0,2
2021-07-02 17:28:52,1,1,0,2
2021-07-02 17:28:53,2,0,0,2
2021-07-02 17:29:05,2,0,0,2
2021-07-02 17:29:12,2,0,0,2
2021-07-02 17:29:15,8,2,5,15
2021-07-02 17:29:24,1,0,0,1
2021-07-02 17:29:31,4,1,1,6
2021-07-02 17:29:44,8,1,2,11
2021-07-02 17:29:50,6,0,0,6
2021-07-02 17:29:51,4,1,0,5
2021-07-02 17:29:54,3,0,0,3
2021-07-02 17:30:00,177,7,15,199
2021-07-02 17:30:07,7,0,2,9
2021-07-02 17:30:09,1,0,0,1
2021-07-02 17:30:10,10,0,3,13
2021-07-02 17:30:18,2,0,0,2
2021-07-02 17:30:19,10,0,3,13
2021-07-02 17:30:20,20,0,5,25
2021-07-02 17:30:37,3,1,1,5
2021-07-02 17:30:41,4,0,1,5
2021-07-02 17:30:56,2,0,1,3
2021-07-02 17:30:57,3,0,1,4
2021-07-02 17:31:03,7,0,1,8
2021-07-02 17:31:07,8,0,1,9
2021-07-02 17:31:21,113,4,17,134
2021-07-02 17:31:23,3,0,0,3
2021-07-02 17:31:26,2,0,1,3
2021-07-02 17:31:34,3,1,0,4
2021-07-02 17:31:38,5,0,1,6
2021-07-02 17:31:40,4,1,1,6
2021-07-02 17:31:41,3,0,1,4
2021-07-02 17:31:43,3,0,1,4
2021-07-02 17:31:49,3,0,1,4
2021-07-02 17:31:51,4,1,1,6
2021-07-02 17:32:00,4,0,1,5
2021-07-02 17:32:02,4,0,0,4
2021-07-02 17:32:14,25,3,10,38
2021-07-02 17:32:16,3,0,0,3
2021-07-02 17:32:22,2,0,0,2
2021-07-02 17:32:30,6,0,2,8
2021-07-02 17:32:33,3,0,2,5
2021-07-02 17:32:39,3,0,1,4
2021-07-02 17:32:40,7,0,4,11
2021-07-02 17:32:48,3,0,0,3
2021-07-02 17:32:55,3,0,0,3
2021-07-02 17:32:59,0,0,0,0
2021-07-02 17:33:09,1,0,0,1
2021-07-02 17:33:12,0,0,0,0
2021-07-02 17:33:14,5,0,3,8
2021-07-02 17:33:15,1,0,0,1
2021-07-02 17:33:16,2,0,0,2
2021-07-02 17:33:17,1,0,0,1
2021-07-02 17:33:32,2,0,0,2
2021-07-02 17:33:36,10,0,2,12
2021-07-02 17:33:51,1,0,1,2
2021-07-02 17:33:53,1,0,1,2
2021-07-02 17:34:11,7,0,0,7
2021-07-02 17:34:17,82,5,17,104
2021-07-02 17:34:27,1,0,0,1
2021-07-02 17:34:28,2,0,0,2
2021-07-02 17:34:37,1,0,0,1
2021-07-02 17:34:38,4,0,0,4
2021-07-02 17:34:44,7,0,1,8
2021-07-02 17:34:46,7,0,1,8
2021-07-02 17:34:56,14,1,4,19
2021-07-02 17:34:57,0,0,0,0
2021-07-02 17:35:00,1,0,0,1
2021-07-02 17:35:05,2,0,1,3
2021-07-02 17:35:14,6,0,1,7
2021-07-02 17:35:15,2,0,0,2
2021-07-02 17:35:20,1,0,0,1
2021-07-02 17:35:28,0,0,0,0
2021-07-02 17:35:30,7,1,3,11
2021-07-02 17:35:35,78,3,34,115
2021-07-02 17:35:49,1,0,0,1
2021-07-02 17:35:52,1,0,0,1
2021-07-02 17:35:56,7,0,3,10
2021-07-02 17:36:12,10,0,18,28
2021-07-02 17:36:14,1,0,0,1
2021-07-02 17:36:15,0,0,0,0
2021-07-02 17:36:34,4,0,0,4
2021-07-02 17:36:35,0,0,0,0
2021-07-02 17:36:43,11,1,1,13
2021-07-02 17:36:45,7,1,2,10
2021-07-02 17:36:48,4,0,2,6
2021-07-02 17:36:57,2,0,0,2
2021-07-02 17:37:06,5,0,1,6
2021-07-02 17:37:08,1,0,0,1
2021-07-02 17:37:20,0,0,0,0
2021-07-02 17:37:21,6,0,1,7
2021-07-02 17:37:27,2,0,0,2
2021-07-02 17:37:28,9,1,3,13
2021-07-02 17:37:44,0,0,0,0
2021-07-02 17:37:53,6,0,0,6
2021-07-02 17:38:08,6,0,1,7
2021-07-02 17:38:34,5,0,1,6
2021-07-02 17:38:43,1,0,0,1
2021-07-02 17:38:47,3,0,0,3
2021-07-02 17:38:50,1,0,3,4
2021-07-02 17:38:56,4,0,0,4
2021-07-02 17:38:57,1,0,0,1
2021-07-02 17:39:07,2,0,0,2
2021-07-02 17:39:17,4,0,2,6
2021-07-02 17:39:33,2,0,0,2
2021-07-02 17:39:41,4,1,1,6
2021-07-02 17:40:00,13,0,3,16
2021-07-02 17:40:15,1,0,0,1
2021-07-02 17:40:33,5,0,1,6
2021-07-02 17:40:40,9,0,3,12
2021-07-02 17:40:44,1,0,0,1
2021-07-02 17:40:45,1,0,0,1
2021-07-02 17:40:48,1,1,1,3
2021-07-02 17:40:52,0,0,0,0
2021-07-02 17:41:08,1,0,3,4
2021-07-02 17:41:09,11,0,1,12
2021-07-02 17:41:14,1,0,0,1
2021-07-02 17:41:32,16,1,10,27
2021-07-02 17:41:49,0,0,0,0
2021-07-02 17:41:57,4,1,2,7
2021-07-02 17:41:58,2,1,1,4
2021-07-02 17:42:01,5,0,1,6
2021-07-02 17:42:03,1,0,1,2
2021-07-02 17:42:05,2,0,2,4
2021-07-02 17:42:11,1,0,1,2
2021-07-02 17:42:15,1,0,0,1
2021-07-02 17:42:17,2,0,1,3
2021-07-02 17:42:21,1,0,0,1
2021-07-02 17:42:34,780,15,173,968
2021-07-02 17:42:42,2,1,1,4
2021-07-02 17:42:55,0,0,0,0
2021-07-02 17:43:05,4,0,2,6
2021-07-02 17:43:17,1,2,1,4
2021-07-02 17:43:25,1,0,0,1
2021-07-02 17:43:32,4,0,0,4
2021-07-02 17:43:50,1,0,0,1
2021-07-02 17:43:51,0,0,0,0
2021-07-02 17:43:56,0,0,0,0
2021-07-02 17:43:58,4,0,0,4
2021-07-02 17:43:59,1,0,0,1
2021-07-02 17:44:02,0,0,0,0
2021-07-02 17:44:03,13,0,4,17
2021-07-02 17:44:05,0,0,0,0
2021-07-02 17:44:08,0,0,0,0
2021-07-02 17:44:10,0,0,0,0
2021-07-02 17:44:11,0,0,0,0
2021-07-02 17:44:14,0,0,0,0
2021-07-02 17:44:19,1,0,0,1
2021-07-02 17:44:20,0,0,0,0
2021-07-02 17:44:23,0,0,0,0
2021-07-02 17:44:27,0,0,0,0
2021-07-02 17:44:29,0,0,0,0
2021-07-02 17:44:33,0,0,0,0
2021-07-02 17:44:36,1,0,0,1
2021-07-02 17:44:38,10,1,5,16
2021-07-02 17:44:40,4,0,1,5
2021-07-02 17:44:45,3,0,4,7
2021-07-02 17:44:51,2,0,1,3
2021-07-02 17:44:59,2,0,1,3
2021-07-02 17:45:00,10,1,4,15
2021-07-02 17:45:10,6,0,2,8
2021-07-02 17:45:19,3,0,3,6
2021-07-02 17:45:30,3,0,1,4
2021-07-02 17:45:46,6,0,2,8
2021-07-02 17:45:49,3,0,0,3
2021-07-02 17:46:00,7,1,5,13
2021-07-02 17:46:08,8,0,0,8
2021-07-02 17:46:13,1,0,0,1
2021-07-02 17:46:31,2,0,0,2
2021-07-02 17:46:32,4,0,0,4
2021-07-02 17:46:33,4,0,0,4
2021-07-02 17:46:44,1,0,0,1
2021-07-02 17:46:54,4,0,0,4
2021-07-02 17:47:07,1,0,0,1
2021-07-02 17:47:14,2,0,0,2
2021-07-02 17:47:43,2,0,2,4
2021-07-02 17:47:45,0,0,0,0
2021-07-02 17:48:02,2,0,0,2
2021-07-02 17:48:16,2,0,0,2
2021-07-02 17:48:20,5,0,1,6
2021-07-02 17:48:24,3,0,0,3
2021-07-02 17:48:26,3,0,2,5
2021-07-02 17:48:28,2,0,0,2
2021-07-02 17:48:53,0,0,0,0
2021-07-02 17:49:05,3,0,0,3
2021-07-02 17:49:13,3,3,1,7
2021-07-02 17:49:19,5,1,5,11
2021-07-02 17:49:48,5,0,1,6
2021-07-02 17:49:51,2,0,1,3
2021-07-02 17:49:57,2,0,0,2
2021-07-02 17:50:00,1,0,0,1
2021-07-02 17:50:03,1,0,0,1
2021-07-02 17:50:12,2,0,0,2
2021-07-02 17:50:13,1,0,0,1
2021-07-02 17:50:36,2,0,0,2
2021-07-02 17:50:48,6,0,2,8
2021-07-02 17:50:51,1,0,0,1
2021-07-02 17:51:07,1,0,0,1
2021-07-02 17:51:09,7,0,2,9
2021-07-02 17:51:28,6,0,1,7
2021-07-02 17:51:29,1,0,0,1
2021-07-02 17:51:54,1,0,0,1
2021-07-02 17:52:01,35,6,11,52
2021-07-02 17:52:10,2,0,0,2
2021-07-02 17:52:13,42,0,12,54
2021-07-02 17:52:16,2,0,0,2
2021-07-02 17:52:22,8,0,0,8
2021-07-02 17:52:23,3,0,0,3
2021-07-02 17:52:31,10,0,4,14
2021-07-02 17:52:50,10,0,1,11
2021-07-02 17:52:53,1,0,0,1
2021-07-02 17:53:21,0,0,0,0
2021-07-02 17:53:29,0,0,0,0
2021-07-02 17:53:31,48,0,8,56
2021-07-02 17:53:52,928,20,204,1152
2021-07-02 17:54:11,1,0,0,1
2021-07-02 17:54:23,6,0,2,8
2021-07-02 17:54:33,1,0,0,1
2021-07-02 17:54:40,0,0,0,0
2021-07-02 17:54:56,0,0,0,0
2021-07-02 17:55:00,1,0,0,1
2021-07-02 17:55:45,1,0,0,1
2021-07-02 17:56:12,86,5,33,124
2021-07-02 17:56:29,0,0,0,0
2021-07-02 17:57:03,127,2,43,172
2021-07-02 17:57:43,0,0,1,1
2021-07-02 17:57:48,12,0,3,15
2021-07-02 17:57:49,0,0,0,0
2021-07-02 17:57:57,29,6,4,39
2021-07-02 17:58:10,0,0,0,0
2021-07-02 17:58:12,2,0,1,3
2021-07-02 17:58:41,1,0,0,1
2021-07-02 17:58:44,9,1,0,10
2021-07-02 17:58:54,0,0,0,0
2021-07-02 17:58:57,0,0,0,0
2021-07-02 17:59:00,5,1,1,7
2021-07-02 17:59:26,0,0,0,0
2021-07-02 17:59:28,13,1,3,17
2021-07-02 17:59:29,4,0,2,6
2021-07-02 17:59:37,2,0,0,2
2021-07-02 17:59:47,1,0,1,2
2021-07-02 17:59:49,0,0,0,0
2021-07-02 17:59:53,0,0,0,0
2021-07-02 18:00:01,1,0,0,1
2021-07-02 18:00:16,4,2,2,8
2021-07-02 18:00:25,41,1,9,51
2021-07-02 18:00:26,1,0,1,2
2021-07-02 18:00:27,54,1,13,68
2021-07-02 18:00:29,3,0,0,3
2021-07-02 18:00:34,8,1,3,12
2021-07-02 18:00:44,1,0,0,1
2021-07-02 18:00:54,2,0,2,4
2021-07-02 18:00:55,0,0,0,0
2021-07-02 18:01:03,1,0,0,1
2021-07-02 18:01:04,6,0,2,8
2021-07-02 18:01:05,2,0,1,3
2021-07-02 18:01:38,5,1,1,7
2021-07-02 18:01:47,3,0,0,3
2021-07-02 18:01:52,21,0,8,29
2021-07-02 18:02:00,2,0,0,2
2021-07-02 18:02:01,3,0,0,3
2021-07-02 18:02:17,1,0,0,1
2021-07-02 18:02:37,52,0,10,62
2021-07-02 18:03:24,18,1,6,25
2021-07-02 18:03:28,12,1,7,20
2021-07-02 18:03:34,8,0,2,10
2021-07-02 18:03:39,1,0,1,2
2021-07-02 18:03:45,0,0,0,0
2021-07-02 18:03:56,1,0,1,2
2021-07-02 18:04:03,1,0,2,3
2021-07-02 18:04:04,5,0,3,8
2021-07-02 18:04:08,0,0,0,0
2021-07-02 18:04:14,227,7,28,262
2021-07-02 18:04:19,4,0,1,5
2021-07-02 18:04:21,1,0,1,2
2021-07-02 18:04:28,2,0,1,3
2021-07-02 18:04:35,6,0,0,6
2021-07-02 18:04:37,1359,45,259,1663
2021-07-02 18:04:43,72,9,22,103
2021-07-02 18:04:57,0,0,0,0
2021-07-02 18:04:58,1,0,0,1
2021-07-02 18:04:59,3,0,1,4
2021-07-02 18:05:06,2,0,0,2
2021-07-02 18:05:08,2,0,0,2
2021-07-02 18:05:09,2,0,0,2
2021-07-02 18:05:25,0,0,0,0
2021-07-02 18:05:29,4,0,0,4
2021-07-02 18:05:33,4,0,0,4
2021-07-02 18:05:48,1,0,0,1
2021-07-02 18:06:08,2,0,0,2
2021-07-02 18:06:09,0,0,0,0
2021-07-02 18:06:20,2,0,1,3
2021-07-02 18:06:36,7,1,1,9
2021-07-02 18:06:42,8,0,2,10
2021-07-02 18:06:58,6,1,1,8
2021-07-02 18:07:16,1,0,0,1
2021-07-02 18:07:18,1,0,0,1
2021-07-02 18:07:27,1,0,0,1
2021-07-02 18:07:29,454,6,54,514
2021-07-02 18:07:30,0,0,0,0
2021-07-02 18:07:35,1,0,0,1
2021-07-02 18:07:37,55,4,19,78
2021-07-02 18:07:38,0,0,0,0
2021-07-02 18:07:42,0,0,0,0
2021-07-02 18:07:51,3,0,1,4
2021-07-02 18:07:56,1,0,0,1
2021-07-02 18:08:00,2,1,0,3
2021-07-02 18:08:11,1,0,0,1
2021-07-02 18:08:28,2,0,0,2
2021-07-02 18:08:34,26,1,2,29
2021-07-02 18:08:38,27,2,2,31
2021-07-02 18:08:41,30,3,4,37
2021-07-02 18:08:54,4,0,0,4
2021-07-02 18:08:56,0,0,0,0
2021-07-02 18:08:58,0,0,0,0
2021-07-02 18:09:11,1,0,0,1
2021-07-02 18:09:31,4,0,1,5
2021-07-02 18:09:32,12,0,0,12
2021-07-02 18:09:40,3,0,4,7
2021-07-02 18:09:47,1,0,0,1
2021-07-02 18:09:51,0,0,0,0
2021-07-02 18:09:59,0,0,0,0
2021-07-02 18:10:00,23,0,9,32
2021-07-02 18:10:07,0,0,0,0
2021-07-02 18:10:11,0,0,0,0
2021-07-02 18:10:13,104,7,27,138
2021-07-02 18:10:16,1,0,0,1
2021-07-02 18:10:27,0,0,0,0
2021-07-02 18:10:29,6,2,3,11
2021-07-02 18:10:31,2,0,0,2
2021-07-02 18:10:35,0,0,0,0
2021-07-02 18:10:41,1,1,0,2
2021-07-02 18:10:46,8,0,4,12
2021-07-02 18:10:51,1,0,0,1
2021-07-02 18:10:57,11,0,1,12
2021-07-02 18:11:09,0,0,0,0
2021-07-02 18:11:11,0,0,0,0
2021-07-02 18:11:13,0,0,0,0
2021-07-02 18:11:17,0,0,0,0
2021-07-02 18:11:19,15,4,7,26
2021-07-02 18:11:26,1,0,0,1
2021-07-02 18:11:36,6,0,0,6
2021-07-02 18:11:40,10,2,4,16
2021-07-02 18:11:47,10,0,2,12
2021-07-02 18:11:56,3,1,0,4
2021-07-02 18:12:08,2,0,0,2
2021-07-02 18:12:10,1,0,2,3
2021-07-02 18:12:16,3,0,0,3
2021-07-02 18:12:19,0,0,0,0
2021-07-02 18:12:21,2,0,0,2
2021-07-02 18:12:23,1,0,0,1
2021-07-02 18:12:35,0,0,0,0
2021-07-02 18:12:36,2,0,0,2
2021-07-02 18:12:37,4,0,2,6
2021-07-02 18:12:55,54,1,16,71
2021-07-02 18:12:56,6,0,2,8
2021-07-02 18:13:35,6,0,0,6
2021-07-02 18:13:52,4,0,2,6
2021-07-02 18:13:55,1,0,0,1
2021-07-02 18:13:56,8,0,4,12
2021-07-02 18:14:09,2,0,0,2
2021-07-02 18:14:14,1,0,0,1
2021-07-02 18:14:16,1,1,0,2
2021-07-02 18:14:19,0,0,0,0
2021-07-02 18:14:33,0,0,0,0
2021-07-02 18:14:34,126,14,27,167
2021-07-02 18:14:50,3,0,0,3
2021-07-02 18:14:57,3,0,1,4
2021-07-02 18:15:00,34,0,18,52
2021-07-02 18:15:09,3,0,0,3
2021-07-02 18:15:26,10,1,4,15
2021-07-02 18:15:30,13,1,4,18
2021-07-02 18:15:31,6,0,0,6
2021-07-02 18:15:40,4,0,0,4
2021-07-02 18:15:41,4,1,2,7
2021-07-02 18:15:45,2,0,1,3
2021-07-02 18:15:46,3,0,2,5
2021-07-02 18:15:53,2,0,0,2
2021-07-02 18:16:19,1,0,0,1
2021-07-02 18:16:21,35,2,18,55
2021-07-02 18:16:40,3,0,2,5
2021-07-02 18:16:44,3,0,2,5
2021-07-02 18:16:46,2,0,0,2
2021-07-02 18:16:56,9,0,3,12
2021-07-02 18:17:02,6,1,4,11
2021-07-02 18:17:12,2,0,2,4
2021-07-02 18:17:25,1,0,0,1
2021-07-02 18:17:32,10,0,5,15
2021-07-02 18:17:34,0,0,0,0
2021-07-02 18:17:36,0,0,0,0
2021-07-02 18:17:38,1,0,0,1
2021-07-02 18:18:01,1,0,0,1
2021-07-02 18:18:10,1,0,1,2
2021-07-02 18:18:19,3,1,0,4
2021-07-02 18:18:22,0,0,0,0
2021-07-02 18:18:36,2,0,1,3
2021-07-02 18:18:58,0,0,0,0
2021-07-02 18:19:10,7,0,2,9
2021-07-02 18:19:18,1,0,1,2
2021-07-02 18:19:28,1,0,0,1
2021-07-02 18:19:35,0,0,0,0
2021-07-02 18:19:40,0,0,0,0
2021-07-02 18:19:43,0,0,0,0
2021-07-02 18:19:57,1,0,1,2
2021-07-02 18:20:00,0,0,1,1
2021-07-02 18:20:02,2,0,0,2
2021-07-02 18:20:15,6,1,1,8
2021-07-02 18:20:26,16,2,14,32
2021-07-02 18:20:36,0,0,1,1
2021-07-02 18:20:37,2,0,1,3
2021-07-02 18:20:40,3,0,2,5
2021-07-02 18:20:46,9,1,1,11
2021-07-02 18:20:47,2,0,3,5
2021-07-02 18:21:02,0,0,0,0
2021-07-02 18:21:11,4,1,0,5
2021-07-02 18:21:25,7,0,2,9
2021-07-02 18:21:26,0,0,0,0
2021-07-02 18:21:27,0,0,0,0
2021-07-02 18:21:39,0,0,0,0
2021-07-02 18:21:48,0,0,0,0
2021-07-02 18:21:53,1,0,0,1
2021-07-02 18:21:56,30,1,14,45
2021-07-02 18:22:02,2,0,0,2
2021-07-02 18:22:04,4,1,1,6
2021-07-02 18:22:05,9,0,2,11
2021-07-02 18:22:11,2,0,0,2
2021-07-02 18:22:20,1,0,0,1
2021-07-02 18:22:21,1,0,0,1
2021-07-02 18:22:31,2,0,0,2
2021-07-02 18:22:33,0,0,0,0
2021-07-02 18:22:40,1,0,0,1
2021-07-02 18:22:44,0,0,0,0
2021-07-02 18:22:45,1,1,1,3
2021-07-02 18:22:48,3,0,2,5
2021-07-02 18:22:53,2,0,1,3
2021-07-02 18:22:54,0,0,0,0
2021-07-02 18:23:00,1,0,0,1
2021-07-02 18:23:01,1,0,0,1
2021-07-02 18:23:06,1,0,0,1
2021-07-02 18:23:15,13,0,4,17
2021-07-02 18:23:28,0,0,0,0
2021-07-02 18:23:32,0,0,0,0
2021-07-02 18:23:34,10,0,4,14
2021-07-02 18:23:47,2,0,0,2
2021-07-02 18:23:53,2,0,1,3
2021-07-02 18:23:59,0,0,0,0
2021-07-02 18:24:02,0,0,0,0
2021-07-02 18:24:05,0,0,0,0
2021-07-02 18:24:06,0,0,0,0
2021-07-02 18:24:09,2,0,0,2
2021-07-02 18:24:14,0,0,0,0
2021-07-02 18:24:33,16,0,0,16
2021-07-02 18:24:56,68,0,22,90
2021-07-02 18:25:00,55,5,15,75
2021-07-02 18:25:03,0,0,0,0
2021-07-02 18:25:04,3,0,0,3
2021-07-02 18:25:08,1,0,0,1
2021-07-02 18:25:22,2,0,0,2
2021-07-02 18:25:24,1,0,0,1
2021-07-02 18:25:25,1,0,0,1
2021-07-02 18:25:26,2,0,0,2
2021-07-02 18:25:54,0,0,0,0
2021-07-02 18:26:01,0,0,0,0
2021-07-02 18:26:05,3,0,1,4
2021-07-02 18:26:13,1,0,0,1
2021-07-02 18:26:14,168,19,15,202
2021-07-02 18:26:19,0,0,0,0
2021-07-02 18:26:26,3,0,0,3
2021-07-02 18:26:30,5,0,2,7
2021-07-02 18:26:48,0,0,0,0
2021-07-02 18:26:49,0,0,0,0
2021-07-02 18:26:52,2,0,1,3
2021-07-02 18:26:59,0,0,0,0
2021-07-02 18:27:04,0,0,0,0
2021-07-02 18:27:12,14,0,2,16
2021-07-02 18:27:18,0,0,0,0
2021-07-02 18:27:21,0,0,0,0
2021-07-02 18:27:46,0,0,0,0
2021-07-02 18:27:56,0,0,0,0
2021-07-02 18:28:10,0,0,0,0
2021-07-02 18:28:14,0,0,0,0
2021-07-02 18:28:16,0,0,0,0
2021-07-02 18:28:20,0,0,0,0
2021-07-02 18:28:32,0,0,0,0
2021-07-02 18:28:42,0,0,0,0
2021-07-02 18:28:49,2,0,0,2
2021-07-02 18:28:51,0,1,0,1
2021-07-02 18:28:56,2,0,2,4
2021-07-02 18:28:57,2,0,2,4
2021-07-02 18:29:17,3,1,1,5
2021-07-02 18:29:18,1,0,0,1
2021-07-02 18:29:20,1,0,0,1
2021-07-02 18:29:31,0,0,0,0
2021-07-02 18:29:35,226,0,108,334
2021-07-02 18:29:37,8,0,4,12
2021-07-02 18:29:39,2,2,0,4
2021-07-02 18:29:47,7,0,0,7
2021-07-02 18:30:00,12,0,7,19
2021-07-02 18:30:02,1,0,0,1
2021-07-02 18:30:10,4,0,0,4
2021-07-02 18:30:29,50,2,8,60
2021-07-02 18:30:42,3,0,1,4
2021-07-02 18:30:46,6,1,0,7
2021-07-02 18:30:48,6,0,2,8
2021-07-02 18:30:51,0,0,0,0
2021-07-02 18:30:56,3,0,0,3
2021-07-02 18:31:08,0,0,0,0
2021-07-02 18:31:13,1,0,0,1
2021-07-02 18:31:14,0,0,0,0
2021-07-02 18:31:20,1,0,1,2
2021-07-02 18:31:24,1,0,0,1
2021-07-02 18:31:30,1,0,0,1
2021-07-02 18:31:34,1,0,1,2
2021-07-02 18:31:37,2,0,0,2
2021-07-02 18:31:42,22,3,0,25
2021-07-02 18:31:50,3,0,0,3
2021-07-02 18:32:09,8,0,1,9
2021-07-02 18:32:16,0,0,0,0
2021-07-02 18:32:17,2,0,0,2
2021-07-02 18:32:33,2,0,0,2
2021-07-02 18:32:34,1,0,0,1
2021-07-02 18:32:44,2,0,1,3
2021-07-02 18:33:01,48,1,11,60
2021-07-02 18:33:04,1,0,0,1
2021-07-02 18:33:05,0,0,0,0
2021-07-02 18:33:10,373,3,107,483
2021-07-02 18:33:13,2,1,0,3
2021-07-02 18:33:25,2,0,0,2
2021-07-02 18:33:29,0,0,0,0
2021-07-02 18:33:48,0,0,0,0
2021-07-02 18:33:53,0,0,0,0
2021-07-02 18:33:56,0,0,0,0
2021-07-02 18:33:58,0,0,0,0
2021-07-02 18:34:07,0,0,0,0
2021-07-02 18:34:08,0,0,0,0
2021-07-02 18:34:10,0,0,0,0
2021-07-02 18:34:11,1,0,0,1
2021-07-02 18:34:39,0,0,0,0
2021-07-02 18:35:01,0,0,0,0
2021-07-02 18:35:10,0,1,1,2
2021-07-02 18:35:12,42,1,17,60
2021-07-02 18:35:15,7,0,2,9
2021-07-02 18:35:19,2,0,0,2
2021-07-02 18:35:23,117,8,31,156
2021-07-02 18:35:25,34,0,11,45
2021-07-02 18:35:26,2,0,1,3
2021-07-02 18:35:32,2,0,2,4
2021-07-02 18:35:38,2,0,0,2
2021-07-02 18:35:46,2,1,0,3
2021-07-02 18:36:09,5,1,0,6
2021-07-02 18:36:11,3,0,0,3
2021-07-02 18:36:18,12,0,1,13
2021-07-02 18:36:24,1,0,0,1
2021-07-02 18:36:29,1,0,0,1
2021-07-02 18:36:32,2,0,0,2
2021-07-02 18:36:38,3,1,0,4
2021-07-02 18:36:40,1,0,0,1
2021-07-02 18:36:44,1,0,0,1
2021-07-02 18:36:54,1,1,0,2
2021-07-02 18:36:56,1,0,0,1
2021-07-02 18:37:15,2,0,0,2
2021-07-02 18:37:16,3,0,0,3
2021-07-02 18:37:17,7,0,7,14
2021-07-02 18:37:22,1,0,0,1
2021-07-02 18:37:29,2,0,0,2
2021-07-02 18:37:36,2,0,0,2
2021-07-02 18:37:38,1,0,0,1
2021-07-02 18:37:41,6,0,0,6
2021-07-02 18:37:43,2,0,1,3
2021-07-02 18:38:05,3,0,0,3
2021-07-02 18:38:11,10,0,0,10
2021-07-02 18:38:25,10,0,3,13
2021-07-02 18:38:27,1,0,0,1
2021-07-02 18:38:30,7,0,1,8
2021-07-02 18:38:33,2,0,0,2
2021-07-02 18:38:42,2,0,0,2
2021-07-02 18:38:48,2,1,1,4
2021-07-02 18:38:53,1,0,0,1
2021-07-02 18:39:04,2,0,0,2
2021-07-02 18:39:06,160,9,77,246
2021-07-02 18:39:20,2,1,0,3
2021-07-02 18:39:22,6,1,1,8
2021-07-02 18:39:25,1,0,0,1
2021-07-02 18:39:27,9,0,2,11
2021-07-02 18:40:20,1,0,0,1
2021-07-02 18:40:39,3,0,1,4
2021-07-02 18:40:54,1,0,0,1
2021-07-02 18:41:09,4,0,0,4
2021-07-02 18:41:13,1,0,0,1
2021-07-02 18:41:35,884,22,206,1112
2021-07-02 18:41:42,9,1,1,11
2021-07-02 18:41:45,4,0,3,7
2021-07-02 18:42:05,1,0,0,1
2021-07-02 18:42:08,3,0,0,3
2021-07-02 18:42:22,3,0,0,3
2021-07-02 18:42:34,20,2,0,22
2021-07-02 18:42:35,3,0,0,3
2021-07-02 18:42:37,8,1,0,9
2021-07-02 18:42:43,6,1,1,8
2021-07-02 18:42:48,41,2,11,54
2021-07-02 18:43:00,3,0,0,3
2021-07-02 18:43:23,2,0,0,2
2021-07-02 18:43:37,1,1,0,2
2021-07-02 18:43:40,2,0,0,2
2021-07-02 18:43:46,1,1,0,2
2021-07-02 18:43:54,1,1,0,2
2021-07-02 18:44:01,1,0,0,1
2021-07-02 18:44:03,3,0,0,3
2021-07-02 18:44:04,22,4,6,32
2021-07-02 18:44:22,17,1,4,22
2021-07-02 18:44:26,4,0,0,4
2021-07-02 18:44:29,2,1,0,3
2021-07-02 18:44:37,3,0,0,3
2021-07-02 18:44:42,1,0,0,1
2021-07-02 18:44:48,1,0,0,1
2021-07-02 18:45:00,0,0,0,0
2021-07-02 18:45:03,1,0,0,1
2021-07-02 18:45:06,1,0,0,1
2021-07-02 18:45:12,1,0,0,1
2021-07-02 18:45:18,1,0,0,1
2021-07-02 18:45:32,0,0,0,0
2021-07-02 18:45:58,4,0,2,6
2021-07-02 18:46:00,1,0,0,1
2021-07-02 18:46:19,14,0,5,19
2021-07-02 18:46:38,0,0,0,0
2021-07-02 18:46:43,0,0,0,0
2021-07-02 18:46:47,1,1,0,2
2021-07-02 18:46:58,0,0,0,0
2021-07-02 18:47:05,5,1,0,6
2021-07-02 18:47:15,0,0,0,0
2021-07-02 18:47:17,2,0,1,3
2021-07-02 18:47:21,2807,83,663,3553
2021-07-02 18:47:30,0,0,0,0
2021-07-02 18:47:42,2,1,2,5
2021-07-02 18:47:43,1,0,1,2
2021-07-02 18:48:06,0,0,0,0
2021-07-02 18:48:23,3,0,0,3
2021-07-02 18:48:25,1,0,0,1
2021-07-02 18:48:32,31,2,11,44
2021-07-02 18:48:35,10,6,0,16
2021-07-02 18:48:40,1,0,0,1
2021-07-02 18:48:48,1,0,0,1
2021-07-02 18:48:54,0,0,0,0
2021-07-02 18:48:57,0,0,0,0
2021-07-02 18:49:07,0,0,0,0
2021-07-02 18:49:09,3,0,0,3
2021-07-02 18:49:16,3,1,0,4
2021-07-02 18:49:36,2,1,0,3
2021-07-02 18:49:46,0,0,0,0
2021-07-02 18:49:50,2,0,0,2
2021-07-02 18:50:16,3,0,0,3
2021-07-02 18:50:19,2,1,0,3
2021-07-02 18:50:32,2,0,0,2
2021-07-02 18:50:56,0,0,0,0
2021-07-02 18:51:02,0,0,1,1
2021-07-02 18:51:03,0,0,0,0
2021-07-02 18:51:05,0,0,0,0
2021-07-02 18:51:08,5,1,3,9
2021-07-02 18:51:21,0,0,0,0
2021-07-02 18:51:32,1,0,0,1
2021-07-02 18:51:41,0,0,1,1
2021-07-02 18:51:44,0,0,0,0
2021-07-02 18:51:54,2,2,0,4
2021-07-02 18:51:56,3,0,0,3
2021-07-02 18:52:01,0,0,0,0
2021-07-02 18:52:07,0,0,0,0
2021-07-02 18:52:12,2,1,0,3
2021-07-02 18:52:31,1,0,0,1
2021-07-02 18:52:33,0,0,0,0
2021-07-02 18:53:01,0,0,0,0
2021-07-02 18:53:03,14,1,11,26
2021-07-02 18:53:08,0,0,0,0
2021-07-02 18:53:28,0,0,0,0
2021-07-02 18:53:30,1,0,0,1
2021-07-02 18:53:31,0,0,1,1
2021-07-02 18:53:34,0,0,0,0
2021-07-02 18:53:35,0,0,0,0
2021-07-02 18:53:44,1,0,0,1
2021-07-02 18:53:47,0,0,0,0
2021-07-02 18:53:48,0,0,0,0
2021-07-02 18:53:50,1,0,0,1
2021-07-02 18:53:51,4,0,1,5
2021-07-02 18:53:59,33,1,11,45
2021-07-02 18:54:00,1,0,0,1
2021-07-02 18:54:03,4,0,0,4
2021-07-02 18:54:15,0,0,0,0
2021-07-02 18:54:25,0,0,0,0
2021-07-02 18:54:31,10,0,4,14
2021-07-02 18:54:32,2,0,0,2
2021-07-02 18:54:58,4,0,3,7
2021-07-02 18:55:06,5,0,3,8
2021-07-02 18:55:08,0,0,0,0
2021-07-02 18:55:14,2,0,0,2
2021-07-02 18:55:19,0,0,0,0
2021-07-02 18:55:26,1,0,0,1
2021-07-02 18:55:31,7,0,8,15
2021-07-02 18:55:38,0,0,0,0
2021-07-02 18:55:46,8,0,2,10
2021-07-02 18:55:50,1,0,0,1
2021-07-02 18:55:57,0,0,0,0
2021-07-02 18:56:04,1,0,0,1
2021-07-02 18:56:09,0,0,0,0
2021-07-02 18:56:24,0,0,0,0
2021-07-02 18:56:54,0,0,0,0
2021-07-02 18:57:00,0,1,0,1
2021-07-02 18:57:02,7,1,1,9
2021-07-02 18:57:21,1,0,0,1
2021-07-02 18:57:23,0,0,0,0
2021-07-02 18:57:31,0,0,0,0
2021-07-02 18:58:01,0,0,0,0
2021-07-02 18:58:04,1,0,0,1
2021-07-02 18:58:06,1,1,0,2
2021-07-02 18:58:09,0,0,0,0
2021-07-02 18:58:27,0,0,0,0
2021-07-02 18:58:31,0,0,0,0
2021-07-02 18:58:33,2,0,1,3
2021-07-02 18:58:34,33,0,19,52
2021-07-02 18:58:40,1,1,1,3
2021-07-02 18:58:53,21,0,9,30
2021-07-02 18:58:56,4,1,1,6
2021-07-02 18:59:04,0,0,1,1
2021-07-02 18:59:06,4,0,0,4
2021-07-02 18:59:09,2,0,0,2
2021-07-02 18:59:18,16,0,6,22
2021-07-02 18:59:30,2,0,0,2
2021-07-02 18:59:31,90,2,10,102
2021-07-02 18:59:50,1,0,0,1
2021-07-02 18:59:58,4,0,3,7
2021-07-02 19:00:00,582,47,190,819
2021-07-02 19:00:01,124,10,25,159
2021-07-02 19:00:14,7,1,0,8
2021-07-02 19:00:33,0,0,0,0
2021-07-02 19:00:35,0,0,0,0
2021-07-02 19:00:44,0,0,0,0
2021-07-02 19:00:46,1,0,0,1
2021-07-02 19:00:48,10,0,4,14
2021-07-02 19:00:57,0,0,0,0
2021-07-02 19:01:01,0,0,0,0
2021-07-02 19:01:18,0,0,0,0
2021-07-02 19:01:20,1,1,0,2
2021-07-02 19:01:25,0,0,0,0
2021-07-02 19:01:31,0,0,0,0
2021-07-02 19:01:38,0,0,0,0
2021-07-02 19:01:42,0,0,0,0
2021-07-02 19:01:49,0,0,0,0
2021-07-02 19:01:58,1,0,1,2
2021-07-02 19:02:01,17,0,2,19
2021-07-02 19:02:09,8,2,1,11
2021-07-02 19:02:22,0,0,0,0
2021-07-02 19:02:37,0,0,0,0
2021-07-02 19:02:39,0,0,0,0
2021-07-02 19:02:42,2,0,2,4
2021-07-02 19:02:43,0,0,0,0
2021-07-02 19:02:46,0,0,1,1
2021-07-02 19:02:47,0,0,0,0
2021-07-02 19:02:51,2,0,0,2
2021-07-02 19:03:00,0,0,0,0
2021-07-02 19:03:13,6,2,1,9
2021-07-02 19:03:14,0,0,0,0
2021-07-02 19:03:20,0,0,0,0
2021-07-02 19:03:41,13,0,7,20
2021-07-02 19:04:01,3,0,1,4
2021-07-02 19:04:04,1,0,0,1
2021-07-02 19:04:07,3,1,0,4
2021-07-02 19:04:08,3,0,0,3
2021-07-02 19:04:10,1,0,0,1
2021-07-02 19:04:17,1,0,0,1
2021-07-02 19:04:23,1,0,0,1
2021-07-02 19:04:27,1,0,0,1
2021-07-02 19:04:28,35,2,13,50
2021-07-02 19:04:30,2,1,0,3
2021-07-02 19:04:32,1,0,0,1
2021-07-02 19:04:38,1,0,0,1
2021-07-02 19:04:43,3,0,0,3
2021-07-02 19:04:48,1,0,0,1
2021-07-02 19:04:53,4,0,0,4
2021-07-02 19:04:58,1,0,0,1
2021-07-02 19:05:03,3,0,0,3
2021-07-02 19:05:08,0,0,0,0
2021-07-02 19:05:10,16,0,6,22
2021-07-02 19:05:15,1,0,0,1
2021-07-02 19:05:18,2,0,0,2
2021-07-02 19:05:19,3,0,1,4
2021-07-02 19:05:22,1,0,0,1
2021-07-02 19:05:23,344,14,76,434
2021-07-02 19:05:25,1,0,0,1
2021-07-02 19:05:27,4,0,2,6
2021-07-02 19:05:28,1,0,0,1
2021-07-02 19:05:29,2,1,0,3
2021-07-02 19:05:36,2,0,0,2
2021-07-02 19:05:55,1,0,0,1
2021-07-02 19:06:06,1,0,0,1
2021-07-02 19:06:10,43,1,17,61
2021-07-02 19:06:28,0,0,0,0
2021-07-02 19:06:33,2,0,0,2
2021-07-02 19:06:40,5,0,2,7
2021-07-02 19:06:43,2,0,0,2
2021-07-02 19:07:00,7,0,1,8
2021-07-02 19:07:10,5,0,1,6
2021-07-02 19:07:17,2,0,1,3
2021-07-02 19:07:36,3,0,1,4
2021-07-02 19:07:38,2,0,1,3
2021-07-02 19:07:53,5,0,1,6
2021-07-02 19:08:06,36,3,6,45
2021-07-02 19:08:25,2,0,1,3
2021-07-02 19:08:26,3,0,0,3
2021-07-02 19:08:30,5,0,2,7
2021-07-02 19:08:48,2,0,1,3
2021-07-02 19:08:51,5,1,2,8
2021-07-02 19:08:54,13,2,4,19
2021-07-02 19:08:55,2,0,1,3
2021-07-02 19:09:02,3,0,0,3
2021-07-02 19:09:26,2,0,0,2
2021-07-02 19:09:34,3,0,1,4
2021-07-02 19:09:37,2,0,0,2
2021-07-02 19:09:38,28,2,15,45
2021-07-02 19:09:44,2,0,0,2
2021-07-02 19:09:49,5,1,1,7
2021-07-02 19:09:55,3,1,0,4
2021-07-02 19:10:18,2,0,1,3
2021-07-02 19:10:20,0,0,0,0
2021-07-02 19:10:25,1,0,0,1
2021-07-02 19:10:40,14,1,4,19
2021-07-02 19:10:45,24,0,1,25
2021-07-02 19:11:02,4,0,0,4
2021-07-02 19:11:14,1,0,0,1
2021-07-02 19:11:21,4,0,1,5
2021-07-02 19:11:23,4,2,0,6
2021-07-02 19:11:26,4,1,0,5
2021-07-02 19:11:28,2,0,0,2
2021-07-02 19:11:30,3,1,1,5
2021-07-02 19:11:44,4,4,0,8
2021-07-02 19:11:49,1,1,0,2
2021-07-02 19:11:52,10,0,3,13
2021-07-02 19:11:59,9,0,4,13
2021-07-02 19:12:10,5,0,0,5
2021-07-02 19:12:31,54,1,12,67
2021-07-02 19:12:41,2,0,0,2
2021-07-02 19:12:46,7,0,1,8
2021-07-02 19:12:52,8,1,1,10
2021-07-02 19:12:53,4,0,1,5
2021-07-02 19:12:54,5,0,0,5
2021-07-02 19:12:57,8,0,0,8
2021-07-02 19:13:07,10,0,5,15
2021-07-02 19:13:26,3,0,0,3
2021-07-02 19:13:34,21,2,9,32
2021-07-02 19:13:54,5,0,0,5
2021-07-02 19:13:58,125,4,35,164
2021-07-02 19:14:03,3,1,1,5
2021-07-02 19:14:05,1,0,0,1
2021-07-02 19:14:11,2,0,1,3
2021-07-02 19:14:17,1,0,1,2
2021-07-02 19:14:27,4,0,1,5
2021-07-02 19:14:30,2,0,1,3
2021-07-02 19:14:37,1,0,1,2
2021-07-02 19:14:43,2,0,1,3
2021-07-02 19:14:49,1,0,1,2
2021-07-02 19:14:54,2,0,0,2
2021-07-02 19:14:55,1,0,0,1
2021-07-02 19:14:57,6,0,0,6
2021-07-02 19:14:58,3,0,1,4
2021-07-02 19:15:01,2,0,1,3
2021-07-02 19:15:07,21,1,3,25
2021-07-02 19:15:08,1,0,1,2
2021-07-02 19:15:15,1,0,0,1
2021-07-02 19:15:21,2,0,1,3
2021-07-02 19:15:22,5,0,4,9
2021-07-02 19:15:28,1,0,0,1
2021-07-02 19:15:31,1,0,0,1
2021-07-02 19:15:38,1,0,0,1
2021-07-02 19:15:44,1,0,0,1
2021-07-02 19:15:48,1,0,0,1
2021-07-02 19:15:54,1,0,0,1
2021-07-02 19:16:00,0,0,0,0
2021-07-02 19:16:02,9,1,4,14
2021-07-02 19:16:06,5,0,0,5
2021-07-02 19:16:20,1,0,0,1
2021-07-02 19:16:48,29,1,7,37
2021-07-02 19:16:52,2,0,0,2
2021-07-02 19:16:56,9,1,2,12
2021-07-02 19:17:02,35,3,10,48
2021-07-02 19:17:08,14,1,2,17
2021-07-02 19:17:17,2,0,0,2
2021-07-02 19:17:26,1,0,0,1
2021-07-02 19:17:54,1,0,0,1
2021-07-02 19:17:59,2,0,0,2
2021-07-02 19:18:05,54,1,16,71
2021-07-02 19:18:09,3,0,3,6
2021-07-02 19:18:13,0,0,1,1
2021-07-02 19:18:17,91,1,21,113
2021-07-02 19:18:30,6,0,2,8
2021-07-02 19:18:33,2,0,0,2
2021-07-02 19:18:40,1,0,0,1
2021-07-02 19:18:43,3,0,1,4
2021-07-02 19:18:44,2,0,0,2
2021-07-02 19:18:45,2,0,0,2
2021-07-02 19:18:46,6,3,1,10
2021-07-02 19:18:54,6,0,0,6
2021-07-02 19:19:05,0,0,0,0
2021-07-02 19:19:06,1,0,0,1
2021-07-02 19:19:08,0,0,0,0
2021-07-02 19:19:18,4,0,1,5
2021-07-02 19:19:23,0,0,0,0
2021-07-02 19:19:27,1,0,0,1
2021-07-02 19:19:34,5,1,1,7
2021-07-02 19:19:35,2,0,0,2
2021-07-02 19:19:37,8,0,2,10
2021-07-02 19:19:40,4,1,0,5
2021-07-02 19:19:45,3,1,0,4
2021-07-02 19:20:05,8,2,0,10
2021-07-02 19:20:08,1,0,0,1
2021-07-02 19:20:09,0,0,0,0
2021-07-02 19:20:13,3,0,0,3
2021-07-02 19:20:18,1,0,0,1
2021-07-02 19:20:20,1,0,0,1
2021-07-02 19:20:26,1,0,0,1
2021-07-02 19:20:28,4,1,0,5
2021-07-02 19:20:29,9,1,3,13
2021-07-02 19:20:42,14,1,8,23
2021-07-02 19:20:44,2,0,0,2
2021-07-02 19:21:02,1,0,0,1
2021-07-02 19:21:16,21,0,2,23
2021-07-02 19:21:43,1,0,0,1
2021-07-02 19:21:53,7,1,0,8
2021-07-02 19:21:57,2,0,0,2
2021-07-02 19:22:04,1,0,0,1
2021-07-02 19:22:09,0,0,0,0
2021-07-02 19:22:19,1,0,0,1
2021-07-02 19:22:24,0,0,0,0
2021-07-02 19:22:27,2,0,1,3
2021-07-02 19:23:11,7,1,0,8
2021-07-02 19:23:12,2,0,1,3
2021-07-02 19:23:22,0,0,0,0
2021-07-02 19:23:32,2,1,0,3
2021-07-02 19:23:36,1,0,0,1
2021-07-02 19:23:38,5,1,0,6
2021-07-02 19:23:53,27,3,10,40
2021-07-02 19:24:05,3,0,0,3
2021-07-02 19:24:08,0,0,0,0
2021-07-02 19:24:11,0,0,0,0
2021-07-02 19:24:12,21,1,5,27
2021-07-02 19:24:21,1,0,0,1
2021-07-02 19:24:23,17,1,4,22
2021-07-02 19:24:29,70,0,7,77
2021-07-02 19:24:33,1,0,0,1
2021-07-02 19:24:35,1,0,0,1
2021-07-02 19:24:36,1,0,0,1
2021-07-02 19:24:47,58,0,28,86
2021-07-02 19:24:57,6,0,0,6
2021-07-02 19:25:14,7,0,6,13
2021-07-02 19:25:18,63,1,16,80
2021-07-02 19:25:23,12,0,5,17
2021-07-02 19:25:30,2,0,0,2
2021-07-02 19:25:32,1,0,1,2
2021-07-02 19:25:44,1,0,0,1
2021-07-02 19:26:01,2,0,1,3
2021-07-02 19:26:03,5,0,1,6
2021-07-02 19:26:05,5,0,2,7
2021-07-02 19:26:28,6,0,0,6
2021-07-02 19:26:38,4,0,1,5
2021-07-02 19:26:44,2,0,0,2
2021-07-02 19:27:14,3,1,1,5
2021-07-02 19:27:37,1,0,0,1
2021-07-02 19:27:40,0,0,0,0
2021-07-02 19:27:46,4,0,3,7
2021-07-02 19:27:48,0,0,0,0
2021-07-02 19:27:59,2,0,0,2
2021-07-02 19:28:11,3,0,0,3
2021-07-02 19:28:15,4,0,0,4
2021-07-02 19:28:16,0,0,0,0
2021-07-02 19:28:22,1,0,0,1
2021-07-02 19:28:25,2,0,1,3
2021-07-02 19:28:53,3,0,1,4
2021-07-02 19:28:54,2,0,1,3
2021-07-02 19:28:57,2,0,0,2
2021-07-02 19:29:02,274,3,83,360
2021-07-02 19:29:07,1,0,0,1
2021-07-02 19:29:19,3,0,0,3
2021-07-02 19:29:21,4,1,1,6
2021-07-02 19:29:22,3,0,0,3
2021-07-02 19:29:49,1,0,0,1
2021-07-02 19:29:51,18,0,12,30
2021-07-02 19:30:06,2,1,1,4
2021-07-02 19:30:07,6,0,1,7
2021-07-02 19:30:11,336,12,59,407
2021-07-02 19:30:16,3,1,2,6
2021-07-02 19:30:36,5,0,1,6
2021-07-02 19:30:41,1,0,0,1
2021-07-02 19:30:48,2,0,0,2
2021-07-02 19:30:49,0,0,0,0
2021-07-02 19:30:52,0,0,0,0
2021-07-02 19:30:56,5,0,0,5
2021-07-02 19:30:57,6,0,2,8
2021-07-02 19:31:06,2,0,0,2
2021-07-02 19:31:13,2,0,0,2
2021-07-02 19:31:16,8,0,6,14
2021-07-02 19:31:17,4,1,0,5
2021-07-02 19:31:21,2,0,0,2
2021-07-02 19:31:39,1,0,0,1
2021-07-02 19:31:47,1,0,0,1
2021-07-02 19:31:59,18,0,2,20
2021-07-02 19:32:01,2,0,2,4
2021-07-02 19:32:03,2,0,1,3
2021-07-02 19:32:08,3,0,2,5
2021-07-02 19:32:13,3,0,6,9
2021-07-02 19:32:25,0,0,0,0
2021-07-02 19:32:28,2,0,0,2
2021-07-02 19:32:32,1,0,1,2
2021-07-02 19:32:33,2,0,0,2
2021-07-02 19:32:45,2,0,0,2
2021-07-02 19:33:04,1,0,0,1
2021-07-02 19:33:11,2,0,2,4
2021-07-02 19:33:16,1,0,0,1
2021-07-02 19:33:28,5,0,1,6
2021-07-02 19:33:31,2,0,0,2
2021-07-02 19:33:42,3,0,0,3
2021-07-02 19:33:46,12,1,3,16
2021-07-02 19:34:01,3,0,1,4
2021-07-02 19:34:07,0,0,0,0
2021-07-02 19:34:08,0,0,0,0
2021-07-02 19:34:09,3,0,1,4
2021-07-02 19:34:13,2,0,1,3
2021-07-02 19:34:27,2,0,0,2
2021-07-02 19:34:35,2,1,0,3
2021-07-02 19:34:37,3,1,0,4
2021-07-02 19:34:45,11,0,2,13
2021-07-02 19:34:46,5,0,2,7
2021-07-02 19:34:49,2,0,0,2
2021-07-02 19:35:04,4,1,0,5
2021-07-02 19:35:05,5,0,1,6
2021-07-02 19:35:08,5,0,0,5
2021-07-02 19:35:11,8,0,1,9
2021-07-02 19:35:16,60,0,17,77
2021-07-02 19:35:19,2,0,0,2
2021-07-02 19:35:25,2,0,0,2
2021-07-02 19:35:29,9,0,0,9
2021-07-02 19:35:45,10,0,2,12
2021-07-02 19:35:48,5,0,3,8
2021-07-02 19:36:10,7,0,2,9
2021-07-02 19:36:14,3,1,0,4
2021-07-02 19:36:26,4,2,0,6
2021-07-02 19:36:30,2,0,1,3
2021-07-02 19:36:40,8,3,0,11
2021-07-02 19:36:57,6,0,0,6
2021-07-02 19:37:13,2,0,0,2
2021-07-02 19:37:26,24,4,3,31
2021-07-02 19:37:27,13,2,4,19
2021-07-02 19:37:33,4,0,1,5
2021-07-02 19:37:50,7,0,0,7
2021-07-02 19:37:53,5,0,0,5
2021-07-02 19:37:59,3,0,0,3
2021-07-02 19:38:22,1,0,0,1
2021-07-02 19:38:24,2,0,1,3
2021-07-02 19:38:34,145,3,56,204
2021-07-02 19:38:48,2,0,0,2
2021-07-02 19:39:00,2,0,1,3
2021-07-02 19:39:02,3,0,0,3
2021-07-02 19:39:12,6,0,0,6
2021-07-02 19:39:21,3,0,0,3
2021-07-02 19:39:24,2,1,0,3
2021-07-02 19:39:32,4,0,0,4
2021-07-02 19:39:39,11,1,3,15
2021-07-02 19:39:41,3,0,0,3
2021-07-02 19:39:49,1,0,0,1
2021-07-02 19:40:03,4,1,0,5
2021-07-02 19:40:15,2,1,0,3
2021-07-02 19:40:17,8,0,0,8
2021-07-02 19:40:30,2,0,0,2
2021-07-02 19:40:38,3,0,0,3
2021-07-02 19:40:41,7,1,0,8
2021-07-02 19:40:52,4,0,1,5
2021-07-02 19:41:08,3,0,0,3
2021-07-02 19:41:17,4,0,0,4
2021-07-02 19:41:33,1,0,0,1
2021-07-02 19:41:44,1,0,0,1
2021-07-02 19:41:47,10,0,2,12
2021-07-02 19:41:50,3,0,0,3
2021-07-02 19:41:51,0,0,0,0
2021-07-02 19:41:53,0,0,0,0
2021-07-02 19:41:56,4,0,0,4
2021-07-02 19:42:05,19,0,8,27
2021-07-02 19:42:06,2,0,0,2
2021-07-02 19:42:07,2,0,0,2
2021-07-02 19:42:42,2,0,0,2
2021-07-02 19:42:45,2,0,0,2
2021-07-02 19:42:57,135,1,15,151
2021-07-02 19:43:13,1,0,0,1
2021-07-02 19:43:14,0,0,0,0
2021-07-02 19:43:15,2,0,0,2
2021-07-02 19:43:18,6,0,0,6
2021-07-02 19:43:21,1,0,0,1
2021-07-02 19:43:22,2,0,0,2
2021-07-02 19:43:39,1,0,0,1
2021-07-02 19:43:52,3,0,0,3
2021-07-02 19:43:54,2,0,1,3
2021-07-02 19:43:56,1010,20,205,1235
2021-07-02 19:44:01,1,0,0,1
2021-07-02 19:44:10,2,0,1,3
2021-07-02 19:44:15,4,0,0,4
2021-07-02 19:44:18,3,0,0,3
2021-07-02 19:44:30,12,0,4,16
2021-07-02 19:44:35,1,0,0,1
2021-07-02 19:44:46,3,0,0,3
2021-07-02 19:45:02,3,0,0,3
2021-07-02 19:45:05,48,0,8,56
2021-07-02 19:45:32,2,0,0,2
2021-07-02 19:45:38,3,0,0,3
2021-07-02 19:45:44,3,0,0,3
2021-07-02 19:45:56,5,1,1,7
2021-07-02 19:46:01,1,0,0,1
2021-07-02 19:46:04,14,1,2,17
2021-07-02 19:46:16,0,0,0,0
2021-07-02 19:46:17,1,0,1,2
2021-07-02 19:46:19,2,0,0,2
2021-07-02 19:46:26,8,0,6,14
2021-07-02 19:46:28,1,0,1,2
2021-07-02 19:46:29,0,0,2,2
2021-07-02 19:46:36,1,0,0,1
2021-07-02 19:46:44,6,0,2,8
2021-07-02 19:47:01,0,0,2,2
2021-07-02 19:47:14,1,0,0,1
2021-07-02 19:47:29,0,0,2,2
2021-07-02 19:47:40,2,0,0,2
2021-07-02 19:47:52,15,1,7,23
2021-07-02 19:47:54,1,0,0,1
2021-07-02 19:47:57,0,0,0,0
2021-07-02 19:48:02,1,0,0,1
2021-07-02 19:48:09,2,0,3,5
2021-07-02 19:48:18,1,0,1,2
2021-07-02 19:48:37,0,0,0,0
2021-07-02 19:48:38,2,0,2,4
2021-07-02 19:48:39,0,0,0,0
2021-07-02 19:48:47,1,0,2,3
2021-07-02 19:48:48,18,1,2,21
2021-07-02 19:49:02,0,0,1,1
2021-07-02 19:49:04,0,0,3,3
2021-07-02 19:49:15,1,0,2,3
2021-07-02 19:49:17,3,0,1,4
2021-07-02 19:49:32,0,1,0,1
2021-07-02 19:49:53,0,0,0,0
2021-07-02 19:49:58,2,1,0,3
2021-07-02 19:50:04,2,1,0,3
2021-07-02 19:50:08,5,0,3,8
2021-07-02 19:50:11,24,4,1,29
2021-07-02 19:50:20,6,0,4,10
2021-07-02 19:50:26,33,1,13,47
2021-07-02 19:50:27,2,0,0,2
2021-07-02 19:50:28,3,0,2,5
2021-07-02 19:50:33,6,1,0,7
2021-07-02 19:50:35,2,0,0,2
2021-07-02 19:50:46,2,0,2,4
2021-07-02 19:50:50,4,0,2,6
2021-07-02 19:51:13,0,0,0,0
2021-07-02 19:51:17,0,0,2,2
2021-07-02 19:51:26,2,0,0,2
2021-07-02 19:51:36,2,0,1,3
2021-07-02 19:51:49,16,0,0,16
2021-07-02 19:51:50,11,0,4,15
2021-07-02 19:51:52,8,2,0,10
2021-07-02 19:52:13,1,1,2,4
2021-07-02 19:52:14,2,0,2,4
2021-07-02 19:52:18,0,0,0,0
2021-07-02 19:52:31,0,0,0,0
2021-07-02 19:52:32,0,0,0,0
2021-07-02 19:52:39,100,0,43,143
2021-07-02 19:53:01,2,0,0,2
2021-07-02 19:53:03,2,0,1,3
2021-07-02 19:53:07,136,5,43,184
2021-07-02 19:53:08,2,0,0,2
2021-07-02 19:53:12,4,0,3,7
2021-07-02 19:53:19,6,0,0,6
2021-07-02 19:53:20,1,0,2,3
2021-07-02 19:53:25,2,0,0,2
2021-07-02 19:53:33,1,0,0,1
2021-07-02 19:53:40,0,0,0,0
2021-07-02 19:53:42,4,0,0,4
2021-07-02 19:53:47,1,0,2,3
2021-07-02 19:53:53,2,1,0,3
2021-07-02 19:53:59,14,2,8,24
2021-07-02 19:54:19,1,1,0,2
2021-07-02 19:54:27,2,0,0,2
2021-07-02 19:54:32,8,0,2,10
2021-07-02 19:54:58,1,1,0,2
2021-07-02 19:55:00,17,0,6,23
2021-07-02 19:55:01,2,1,0,3
2021-07-02 19:55:07,1,0,0,1
2021-07-02 19:55:10,5,0,0,5
2021-07-02 19:55:16,1,0,0,1
2021-07-02 19:55:22,2,0,0,2
2021-07-02 19:55:29,9,0,4,13
2021-07-02 19:55:35,7,0,2,9
2021-07-02 19:55:43,22,1,3,26
2021-07-02 19:55:49,36,1,11,48
2021-07-02 19:55:53,0,0,0,0
2021-07-02 19:56:08,1,0,0,1
2021-07-02 19:56:10,1,0,1,2
2021-07-02 19:56:20,0,0,0,0
2021-07-02 19:56:26,6,0,5,11
2021-07-02 19:56:38,12,0,2,14
2021-07-02 19:56:41,4,0,0,4
2021-07-02 19:56:47,2,0,0,2
2021-07-02 19:56:51,18,2,6,26
2021-07-02 19:56:55,0,0,0,0
2021-07-02 19:57:06,0,0,0,0
2021-07-02 19:57:09,3,0,1,4
2021-07-02 19:57:10,0,0,0,0
2021-07-02 19:57:11,12,0,3,15
2021-07-02 19:57:15,0,1,0,1
2021-07-02 19:57:18,1,0,0,1
2021-07-02 19:57:20,3,1,0,4
2021-07-02 19:57:22,3,2,1,6
2021-07-02 19:57:31,42,3,5,50
2021-07-02 19:57:48,2,0,1,3
2021-07-02 19:57:49,14,1,5,20
2021-07-02 19:58:13,2,0,0,2
2021-07-02 19:58:34,2,0,2,4
2021-07-02 19:58:43,4,0,0,4
2021-07-02 19:58:47,1,1,0,2
2021-07-02 19:58:58,1,1,0,2
2021-07-02 19:59:05,2,1,0,3
2021-07-02 19:59:07,4,2,0,6
2021-07-02 19:59:10,0,0,0,0
2021-07-02 19:59:13,17,2,2,21
2021-07-02 19:59:18,0,0,0,0
2021-07-02 19:59:24,0,1,0,1
2021-07-02 19:59:26,23,2,8,33
2021-07-02 19:59:30,2,0,0,2
2021-07-02 19:59:31,1,0,0,1
2021-07-02 19:59:46,1,0,0,1
2021-07-02 19:59:49,0,1,0,1
2021-07-02 19:59:57,11,1,6,18
2021-07-02 20:00:00,2,1,0,3
2021-07-02 20:00:01,167,8,62,237
2021-07-02 20:00:05,0,0,0,0
2021-07-02 20:00:10,0,0,0,0
2021-07-02 20:00:11,2,0,0,2
2021-07-02 20:00:16,30,0,7,37
2021-07-02 20:00:19,12,1,1,14
2021-07-02 20:00:22,29,0,6,35
2021-07-02 20:00:26,7,0,1,8
2021-07-02 20:00:29,70,0,21,91
2021-07-02 20:00:31,2,0,0,2
2021-07-02 20:00:35,4,0,0,4
2021-07-02 20:00:38,2,0,0,2
2021-07-02 20:00:49,46,1,5,52
2021-07-02 20:01:00,2356,48,234,2638
2021-07-02 20:01:04,2,0,0,2
2021-07-02 20:01:08,14,0,6,20
2021-07-02 20:01:09,2,0,0,2
2021-07-02 20:01:35,2,0,0,2
2021-07-02 20:01:37,0,0,1,1
2021-07-02 20:01:45,0,0,0,0
2021-07-02 20:01:51,27,0,6,33
2021-07-02 20:02:02,1,0,0,1
2021-07-02 20:02:10,0,0,0,0
2021-07-02 20:02:12,1,0,0,1
2021-07-02 20:02:15,11,0,1,12
2021-07-02 20:02:17,9,0,2,11
2021-07-02 20:02:18,0,0,0,0
2021-07-02 20:02:23,0,0,0,0
2021-07-02 20:02:31,6,1,0,7
2021-07-02 20:02:55,6,1,1,8
2021-07-02 20:02:57,25,2,8,35
2021-07-02 20:03:09,0,0,0,0
2021-07-02 20:03:17,0,0,0,0
2021-07-02 20:03:19,1,0,0,1
2021-07-02 20:03:43,4,0,1,5
2021-07-02 20:03:46,0,0,0,0
2021-07-02 20:03:54,0,0,1,1
2021-07-02 20:04:01,0,0,0,0
2021-07-02 20:04:03,2,0,0,2
2021-07-02 20:04:10,19,0,6,25
2021-07-02 20:04:15,8,0,0,8
2021-07-02 20:04:18,630,40,71,741
2021-07-02 20:04:29,2,0,1,3
2021-07-02 20:04:44,0,0,1,1
2021-07-02 20:04:49,0,0,0,0
2021-07-02 20:04:56,1,0,0,1
2021-07-02 20:04:57,3,0,0,3
2021-07-02 20:05:08,0,0,0,0
2021-07-02 20:05:09,1,0,0,1
2021-07-02 20:05:12,6,0,0,6
2021-07-02 20:05:20,1,1,0,2
2021-07-02 20:05:35,1,0,0,1
2021-07-02 20:05:44,0,0,0,0
2021-07-02 20:05:56,0,0,0,0
2021-07-02 20:05:57,724,20,210,954
2021-07-02 20:06:02,0,0,0,0
2021-07-02 20:06:06,0,0,0,0
2021-07-02 20:06:08,46,4,16,66
2021-07-02 20:06:19,0,0,0,0
2021-07-02 20:06:58,8,0,2,10
2021-07-02 20:06:59,0,0,0,0
2021-07-02 20:07:06,0,0,0,0
2021-07-02 20:07:07,2,0,0,2
2021-07-02 20:07:27,0,0,2,2
2021-07-02 20:07:40,0,1,0,1
2021-07-02 20:07:43,98,3,43,144
2021-07-02 20:07:45,0,0,0,0
2021-07-02 20:07:51,0,0,0,0
2021-07-02 20:07:57,0,0,0,0
2021-07-02 20:08:04,0,0,0,0
2021-07-02 20:08:09,11,0,5,16
2021-07-02 20:08:13,0,0,0,0
2021-07-02 20:08:25,1,0,0,1
2021-07-02 20:08:33,14,3,4,21
2021-07-02 20:08:42,1,0,0,1
2021-07-02 20:08:43,5,0,0,5
2021-07-02 20:08:45,0,0,0,0
2021-07-02 20:08:48,5,1,2,8
2021-07-02 20:08:53,0,0,0,0
2021-07-02 20:08:58,0,0,0,0
2021-07-02 20:09:05,3,0,0,3
2021-07-02 20:09:07,4,0,0,4
2021-07-02 20:09:08,0,0,0,0
2021-07-02 20:09:19,0,0,0,0
2021-07-02 20:09:21,6,0,3,9
2021-07-02 20:09:23,2,0,0,2
2021-07-02 20:09:24,4,1,3,8
2021-07-02 20:09:29,0,0,0,0
2021-07-02 20:09:33,1,1,0,2
2021-07-02 20:09:35,5,0,2,7
2021-07-02 20:09:40,0,0,0,0
2021-07-02 20:09:44,0,0,0,0
2021-07-02 20:09:53,1,0,0,1
2021-07-02 20:09:55,0,0,2,2
2021-07-02 20:10:02,21,1,4,26
2021-07-02 20:10:10,0,0,0,0
2021-07-02 20:10:16,1,0,0,1
2021-07-02 20:10:19,0,0,0,0
2021-07-02 20:10:27,2,0,2,4
2021-07-02 20:10:32,0,0,0,0
2021-07-02 20:10:35,0,0,1,1
2021-07-02 20:10:37,15,1,6,22
2021-07-02 20:10:43,0,0,0,0
2021-07-02 20:10:51,7,0,4,11
2021-07-02 20:10:54,3,0,0,3
2021-07-02 20:11:13,9,0,0,9
2021-07-02 20:11:23,1,0,0,1
2021-07-02 20:11:40,0,0,0,0
2021-07-02 20:11:45,3,0,0,3
2021-07-02 20:11:51,2,0,0,2
2021-07-02 20:11:55,0,0,0,0
2021-07-02 20:12:03,1,0,1,2
2021-07-02 20:12:08,0,0,0,0
2021-07-02 20:12:09,2,0,0,2
2021-07-02 20:12:15,0,0,0,0
2021-07-02 20:12:24,0,1,0,1
2021-07-02 20:12:26,1,0,0,1
2021-07-02 20:12:43,1,0,1,2
2021-07-02 20:12:50,1,0,0,1
2021-07-02 20:13:11,0,0,0,0
2021-07-02 20:13:15,8,0,6,14
2021-07-02 20:13:21,2,0,2,4
2021-07-02 20:13:25,3,0,1,4
2021-07-02 20:13:27,45,2,18,65
2021-07-02 20:13:31,54,4,19,77
2021-07-02 20:13:34,6,2,2,10
2021-07-02 20:13:46,1,0,0,1
2021-07-02 20:13:51,0,0,0,0
2021-07-02 20:13:54,0,0,0,0
2021-07-02 20:14:19,1,0,1,2
2021-07-02 20:14:27,5,0,1,6
2021-07-02 20:14:28,2,0,1,3
2021-07-02 20:14:29,1,0,1,2
2021-07-02 20:14:34,0,0,0,0
2021-07-02 20:14:40,0,0,0,0
2021-07-02 20:14:45,0,0,0,0
2021-07-02 20:14:47,2,0,2,4
2021-07-02 20:14:49,8,2,4,14
2021-07-02 20:14:50,4,0,1,5
2021-07-02 20:15:00,4,0,2,6
2021-07-02 20:15:02,1,0,0,1
2021-07-02 20:15:03,12,2,4,18
2021-07-02 20:15:05,7,4,0,11
2021-07-02 20:15:07,6,0,0,6
2021-07-02 20:15:09,2,0,0,2
2021-07-02 20:15:20,26,0,7,33
2021-07-02 20:15:22,0,0,0,0
2021-07-02 20:15:25,1,0,1,2
2021-07-02 20:15:35,1,0,0,1
2021-07-02 20:15:36,22,1,9,32
2021-07-02 20:15:44,6,0,3,9
2021-07-02 20:15:45,2,0,0,2
2021-07-02 20:15:52,0,0,0,0
2021-07-02 20:15:54,7,1,2,10
2021-07-02 20:16:00,95,1,29,125
2021-07-02 20:16:01,0,0,0,0
2021-07-02 20:16:17,6,0,4,10
2021-07-02 20:16:18,18,6,2,26
2021-07-02 20:16:23,0,0,0,0
2021-07-02 20:16:24,0,0,0,0
2021-07-02 20:16:31,8,2,1,11
2021-07-02 20:16:42,2,0,1,3
2021-07-02 20:16:43,0,0,0,0
2021-07-02 20:16:56,1,0,0,1
2021-07-02 20:17:01,1,0,0,1
2021-07-02 20:17:05,2,0,0,2
2021-07-02 20:17:06,11,1,3,15
2021-07-02 20:17:07,0,0,0,0
2021-07-02 20:17:21,3,0,1,4
2021-07-02 20:17:23,40,2,8,50
2021-07-02 20:17:28,6,2,0,8
2021-07-02 20:17:29,2,0,0,2
2021-07-02 20:17:37,2,0,0,2
2021-07-02 20:17:49,0,0,0,0
2021-07-02 20:17:53,1,0,0,1
2021-07-02 20:18:07,2,0,0,2
2021-07-02 20:18:08,4049,90,545,4684
2021-07-02 20:18:16,3,0,0,3
2021-07-02 20:18:25,0,0,0,0
2021-07-02 20:18:40,0,0,0,0
2021-07-02 20:18:48,7,0,2,9
2021-07-02 20:18:56,3,0,1,4
2021-07-02 20:18:59,73,25,25,123
2021-07-02 20:19:01,17,0,1,18
2021-07-02 20:19:07,2,0,0,2
2021-07-02 20:19:18,2,0,0,2
2021-07-02 20:19:25,9,0,1,10
2021-07-02 20:19:27,5,0,1,6
2021-07-02 20:19:41,2,0,0,2
2021-07-02 20:19:44,1,0,0,1
2021-07-02 20:19:55,4,0,0,4
2021-07-02 20:19:59,1,0,0,1
2021-07-02 20:20:01,4,0,1,5
2021-07-02 20:20:06,1,0,0,1
2021-07-02 20:20:07,4,0,0,4
2021-07-02 20:20:09,2,0,0,2
2021-07-02 20:20:10,2,0,0,2
2021-07-02 20:20:33,0,0,0,0
2021-07-02 20:20:35,46,1,13,60
2021-07-02 20:20:40,15,0,5,20
2021-07-02 20:20:49,4,0,3,7
2021-07-02 20:20:57,4,2,0,6
2021-07-02 20:21:07,0,0,0,0
2021-07-02 20:21:09,1,0,0,1
2021-07-02 20:21:24,7,0,3,10
2021-07-02 20:21:26,3,0,0,3
2021-07-02 20:21:28,2,0,0,2
2021-07-02 20:21:30,4,0,3,7
2021-07-02 20:21:34,1,0,0,1
2021-07-02 20:21:39,1,0,0,1
2021-07-02 20:21:45,13,2,0,15
2021-07-02 20:21:51,5,0,2,7
2021-07-02 20:22:17,1,0,0,1
2021-07-02 20:23:00,0,0,0,0
2021-07-02 20:23:03,1,0,0,1
2021-07-02 20:23:12,1,0,0,1
2021-07-02 20:23:17,1,0,0,1
2021-07-02 20:23:21,7,0,2,9
2021-07-02 20:23:24,2,0,0,2
2021-07-02 20:23:28,1,0,0,1
2021-07-02 20:23:34,0,0,1,1
2021-07-02 20:23:36,1,1,0,2
2021-07-02 20:23:37,1,0,2,3
2021-07-02 20:23:38,1,0,2,3
2021-07-02 20:23:50,0,0,0,0
2021-07-02 20:23:55,7,0,5,12
2021-07-02 20:24:03,2,0,2,4
2021-07-02 20:24:04,20,2,10,32
2021-07-02 20:24:10,3,0,0,3
2021-07-02 20:24:11,1,0,0,1
2021-07-02 20:24:14,3,0,2,5
2021-07-02 20:24:18,0,0,0,0
2021-07-02 20:24:21,0,0,2,2
2021-07-02 20:24:24,0,0,2,2
2021-07-02 20:24:25,4,0,2,6
2021-07-02 20:24:31,0,1,0,1
2021-07-02 20:24:32,0,0,1,1
2021-07-02 20:24:34,1,0,1,2
2021-07-02 20:24:36,3,0,3,6
2021-07-02 20:24:41,0,0,1,1
2021-07-02 20:24:46,0,0,1,1
2021-07-02 20:24:51,4,0,3,7
2021-07-02 20:24:54,3,1,0,4
2021-07-02 20:24:56,2,0,1,3
2021-07-02 20:25:01,0,0,0,0
2021-07-02 20:25:06,0,0,0,0
2021-07-02 20:25:12,2,0,0,2
2021-07-02 20:25:13,10,0,4,14
2021-07-02 20:25:22,1,0,0,1
2021-07-02 20:25:38,1,0,0,1
2021-07-02 20:25:39,3,0,1,4
2021-07-02 20:25:48,2,2,0,4
2021-07-02 20:25:49,0,0,0,0
2021-07-02 20:25:51,28,4,6,38
2021-07-02 20:25:52,0,0,0,0
2021-07-02 20:26:12,1,0,0,1
2021-07-02 20:26:16,10,0,4,14
2021-07-02 20:26:20,2,0,0,2
2021-07-02 20:26:22,4,0,0,4
2021-07-02 20:26:28,8,0,0,8
2021-07-02 20:26:30,9,0,0,9
2021-07-02 20:26:49,12,0,2,14
2021-07-02 20:26:53,10,0,2,12
2021-07-02 20:27:20,1,0,0,1
2021-07-02 20:27:21,2,1,0,3
2021-07-02 20:27:22,1,0,0,1
2021-07-02 20:27:24,53,6,6,65
2021-07-02 20:27:26,19,0,1,20
2021-07-02 20:27:30,0,0,0,0
2021-07-02 20:27:45,0,0,0,0
2021-07-02 20:27:57,2,0,0,2
2021-07-02 20:28:04,7,0,5,12
2021-07-02 20:28:06,0,0,0,0
2021-07-02 20:28:17,2,0,0,2
2021-07-02 20:28:20,0,0,0,0
2021-07-02 20:28:23,0,0,0,0
2021-07-02 20:28:24,1,1,0,2
2021-07-02 20:28:26,0,0,0,0
2021-07-02 20:28:31,3,0,0,3
2021-07-02 20:28:32,1,0,0,1
2021-07-02 20:28:34,0,0,0,0
2021-07-02 20:28:37,0,0,0,0
2021-07-02 20:28:39,1,0,0,1
2021-07-02 20:28:42,79,0,38,117
2021-07-02 20:28:44,0,0,0,0
2021-07-02 20:28:54,6,1,1,8
2021-07-02 20:28:58,1,0,0,1
2021-07-02 20:28:59,82,10,30,122
2021-07-02 20:29:01,75,3,25,103
2021-07-02 20:29:04,6,0,4,10
2021-07-02 20:29:14,7,0,0,7
2021-07-02 20:29:23,10,0,3,13
2021-07-02 20:29:29,0,0,0,0
2021-07-02 20:29:31,1,0,0,1
2021-07-02 20:29:32,2,0,0,2
2021-07-02 20:29:36,14,2,0,16
2021-07-02 20:29:37,128,2,16,146
2021-07-02 20:29:38,1,0,0,1
2021-07-02 20:29:49,0,0,0,0
2021-07-02 20:29:53,0,0,0,0
2021-07-02 20:29:58,2,0,0,2
2021-07-02 20:30:06,3,0,1,4
2021-07-02 20:30:08,2,0,0,2
2021-07-02 20:30:09,99,1,18,118
2021-07-02 20:30:14,38,1,15,54
2021-07-02 20:30:16,1,0,0,1
2021-07-02 20:30:17,0,0,0,0
2021-07-02 20:30:18,3,0,0,3
2021-07-02 20:30:24,1,0,0,1
2021-07-02 20:30:33,8,2,3,13
2021-07-02 20:30:35,68,18,8,94
2021-07-02 20:30:37,2,0,1,3
2021-07-02 20:30:49,2,0,0,2
2021-07-02 20:30:52,3,0,1,4
2021-07-02 20:30:56,3,0,1,4
2021-07-02 20:30:58,6,0,2,8
2021-07-02 20:31:01,4,0,1,5
2021-07-02 20:31:06,1,0,0,1
2021-07-02 20:31:18,7,0,0,7
2021-07-02 20:31:23,3,0,2,5
2021-07-02 20:31:27,5,0,2,7
2021-07-02 20:31:29,6,0,2,8
2021-07-02 20:31:53,2,0,0,2
2021-07-02 20:32:09,1,0,0,1
2021-07-02 20:32:30,422,14,181,617
2021-07-02 20:32:46,2,0,0,2
2021-07-02 20:33:07,2,0,1,3
2021-07-02 20:33:17,3,0,1,4
2021-07-02 20:33:21,17,1,3,21
2021-07-02 20:33:23,1,0,0,1
2021-07-02 20:33:25,2,0,1,3
2021-07-02 20:33:29,1,0,0,1
2021-07-02 20:33:39,1,0,0,1
2021-07-02 20:33:45,9,2,2,13
2021-07-02 20:33:50,0,0,0,0
2021-07-02 20:34:24,8,1,0,9
2021-07-02 20:34:26,3,0,3,6
2021-07-02 20:34:33,233,2,78,313
2021-07-02 20:34:41,8,0,1,9
2021-07-02 20:34:47,2,1,1,4
2021-07-02 20:34:50,15,0,4,19
2021-07-02 20:34:59,2,0,1,3
2021-07-02 20:35:03,3,0,2,5
2021-07-02 20:35:07,82,4,17,103
2021-07-02 20:35:12,3,0,1,4
2021-07-02 20:35:22,12,1,4,17
2021-07-02 20:35:31,0,0,0,0
2021-07-02 20:35:34,4,0,2,6
2021-07-02 20:35:36,3,0,1,4
2021-07-02 20:35:43,1,0,1,2
2021-07-02 20:35:51,23,2,8,33
2021-07-02 20:36:06,3,0,1,4
2021-07-02 20:36:28,3,0,1,4
2021-07-02 20:36:31,182,6,31,219
2021-07-02 20:36:41,7,1,3,11
2021-07-02 20:36:59,9,0,2,11
2021-07-02 20:37:09,6,0,2,8
2021-07-02 20:37:12,4,0,1,5
2021-07-02 20:37:33,2,0,0,2
2021-07-02 20:37:59,5,0,0,5
2021-07-02 20:38:04,2,0,0,2
2021-07-02 20:38:05,21,1,12,34
2021-07-02 20:38:22,10,0,2,12
2021-07-02 20:38:26,9,0,0,9
2021-07-02 20:38:31,5,0,1,6
2021-07-02 20:38:43,1,0,0,1
2021-07-02 20:39:05,2,0,0,2
2021-07-02 20:39:14,6,1,1,8
2021-07-02 20:39:23,1,0,0,1
2021-07-02 20:39:32,13,4,0,17
2021-07-02 20:39:33,8,2,0,10
2021-07-02 20:39:34,5,1,0,6
2021-07-02 20:39:38,8,1,2,11
2021-07-02 20:39:40,3,1,0,4
2021-07-02 20:39:41,3,0,0,3
2021-07-02 20:39:56,10,2,2,14
2021-07-02 20:40:00,11,2,3,16
2021-07-02 20:40:13,3,0,0,3
2021-07-02 20:40:19,151,7,55,213
2021-07-02 20:40:26,11,0,4,15
2021-07-02 20:40:45,7,2,0,9
2021-07-02 20:40:49,1,1,0,2
2021-07-02 20:41:03,2,0,0,2
2021-07-02 20:41:04,5,0,4,9
2021-07-02 20:41:05,4,0,2,6
2021-07-02 20:41:07,6,1,2,9
2021-07-02 20:41:10,22,4,15,41
2021-07-02 20:41:15,7,0,4,11
2021-07-02 20:41:23,3,0,0,3
2021-07-02 20:41:25,12,0,6,18
2021-07-02 20:41:27,2,0,0,2
2021-07-02 20:41:30,7,0,2,9
2021-07-02 20:41:35,12,0,4,16
2021-07-02 20:41:39,3,0,3,6
2021-07-02 20:41:42,3,0,1,4
2021-07-02 20:41:45,1,0,0,1
2021-07-02 20:41:48,3,1,2,6
2021-07-02 20:41:51,14,0,4,18
2021-07-02 20:41:56,5,0,2,7
2021-07-02 20:41:57,8,0,6,14
2021-07-02 20:42:09,3,0,1,4
2021-07-02 20:42:15,1,0,0,1
2021-07-02 20:42:27,1,0,0,1
2021-07-02 20:42:28,3,1,0,4
2021-07-02 20:42:45,2,0,0,2
2021-07-02 20:42:46,12,0,4,16
2021-07-02 20:43:07,1,0,0,1
2021-07-02 20:43:47,2,0,0,2
2021-07-02 20:43:49,4,0,0,4
2021-07-02 20:43:53,4,1,0,5
2021-07-02 20:44:07,2,1,0,3
2021-07-02 20:44:10,5,0,3,8
2021-07-02 20:44:12,4,0,1,5
2021-07-02 20:44:17,1,0,0,1
2021-07-02 20:44:20,17,0,2,19
2021-07-02 20:44:29,2,0,0,2
2021-07-02 20:44:37,2,0,0,2
2021-07-02 20:44:43,8,1,10,19
2021-07-02 20:44:44,1,0,0,1
2021-07-02 20:44:46,2,0,0,2
2021-07-02 20:44:47,1,0,0,1
2021-07-02 20:44:50,2,0,0,2
2021-07-02 20:45:00,45,0,10,55
2021-07-02 20:45:03,29,0,7,36
2021-07-02 20:45:14,4,0,0,4
2021-07-02 20:45:18,2,0,1,3
2021-07-02 20:45:20,4,0,0,4
2021-07-02 20:45:23,2,0,0,2
2021-07-02 20:45:30,4,0,0,4
2021-07-02 20:45:35,2,0,0,2
2021-07-02 20:45:37,6,0,5,11
2021-07-02 20:45:45,0,0,0,0
2021-07-02 20:46:06,1,0,0,1
2021-07-02 20:46:18,1,0,0,1
2021-07-02 20:46:19,3,0,0,3
2021-07-02 20:46:41,2,0,0,2
2021-07-02 20:46:47,3,0,1,4
2021-07-02 20:46:48,1,0,0,1
2021-07-02 20:46:50,8,1,2,11
2021-07-02 20:46:51,4,0,0,4
2021-07-02 20:46:57,2,0,0,2
2021-07-02 20:47:17,3,0,0,3
2021-07-02 20:47:25,4,0,2,6
2021-07-02 20:47:38,2,0,0,2
2021-07-02 20:47:42,1,0,0,1
2021-07-02 20:47:50,1,0,0,1
2021-07-02 20:47:51,1,0,0,1
2021-07-02 20:47:54,1,2,0,3
2021-07-02 20:48:01,7,0,2,9
2021-07-02 20:48:13,7,0,3,10
2021-07-02 20:48:31,10,0,7,17
2021-07-02 20:48:32,4,0,0,4
2021-07-02 20:48:34,3,1,1,5
2021-07-02 20:48:36,3,0,0,3
2021-07-02 20:48:40,1,0,0,1
2021-07-02 20:48:41,2,0,0,2
2021-07-02 20:48:59,4,0,0,4
2021-07-02 20:49:09,2,0,1,3
2021-07-02 20:49:35,6,0,1,7
2021-07-02 20:49:48,1,0,0,1
2021-07-02 20:50:07,6,1,1,8
2021-07-02 20:50:14,2,0,0,2
2021-07-02 20:50:15,2,0,1,3
2021-07-02 20:50:27,2,0,0,2
2021-07-02 20:50:33,1,0,0,1
2021-07-02 20:50:58,5,0,3,8
2021-07-02 20:51:04,3,1,0,4
2021-07-02 20:51:10,4,0,1,5
2021-07-02 20:51:13,2,0,0,2
2021-07-02 20:51:22,7,0,1,8
2021-07-02 20:51:25,4,1,0,5
2021-07-02 20:51:32,2,0,0,2
2021-07-02 20:51:34,2,0,0,2
2021-07-02 20:51:42,2,1,1,4
2021-07-02 20:51:57,0,0,0,0
2021-07-02 20:52:05,2,0,1,3
2021-07-02 20:52:25,1,0,0,1
2021-07-02 20:52:27,1,0,0,1
2021-07-02 20:52:40,3,0,1,4
2021-07-02 20:52:42,1,0,1,2
2021-07-02 20:52:57,0,0,0,0
2021-07-02 20:52:58,0,0,0,0
2021-07-02 20:53:16,1,0,0,1
2021-07-02 20:53:19,0,0,0,0
2021-07-02 20:53:22,0,0,0,0
2021-07-02 20:53:31,0,0,0,0
2021-07-02 20:53:42,3,0,1,4
2021-07-02 20:53:45,0,0,0,0
2021-07-02 20:53:53,4,0,1,5
2021-07-02 20:53:59,2,0,0,2
2021-07-02 20:54:02,12,2,4,18
2021-07-02 20:54:23,1,0,0,1
2021-07-02 20:54:54,32,2,7,41
2021-07-02 20:55:03,11,1,1,13
2021-07-02 20:55:06,1,0,0,1
2021-07-02 20:55:10,8,0,5,13
2021-07-02 20:55:22,1,0,0,1
2021-07-02 20:55:34,1,0,1,2
2021-07-02 20:55:38,1,1,0,2
2021-07-02 20:55:44,0,0,0,0
2021-07-02 20:55:47,1,0,0,1
2021-07-02 20:55:52,1,0,0,1
2021-07-02 20:56:22,2,0,2,4
2021-07-02 20:56:25,0,0,0,0
2021-07-02 20:56:27,2,0,1,3
2021-07-02 20:56:44,22,2,5,29
2021-07-02 20:56:48,72,3,6,81
2021-07-02 20:56:52,0,0,0,0
2021-07-02 20:57:04,2,0,0,2
2021-07-02 20:57:29,0,0,0,0
2021-07-02 20:57:31,1,0,1,2
2021-07-02 20:57:36,2,1,1,4
2021-07-02 20:57:49,8,0,0,8
2021-07-02 20:57:55,1,0,0,1
2021-07-02 20:58:10,0,0,0,0
2021-07-02 20:58:17,1,0,0,1
2021-07-02 20:58:22,2,1,2,5
2021-07-02 20:58:25,2,0,0,2
2021-07-02 20:58:35,0,0,0,0
2021-07-02 20:58:39,5,1,0,6
2021-07-02 20:58:46,10,1,0,11
2021-07-02 20:58:52,2,0,1,3
2021-07-02 20:59:04,3,1,1,5
2021-07-02 20:59:15,0,0,1,1
2021-07-02 20:59:18,0,0,1,1
2021-07-02 20:59:21,1,0,1,2
2021-07-02 20:59:39,0,0,0,0
2021-07-02 20:59:43,0,0,0,0
2021-07-02 21:00:00,993,51,201,1245
2021-07-02 21:00:03,3,0,1,4
2021-07-02 21:00:24,0,0,0,0
2021-07-02 21:00:26,6,0,0,6
2021-07-02 21:00:52,2,0,0,2
2021-07-02 21:01:32,7,0,1,8
2021-07-02 21:01:33,2,0,0,2
2021-07-02 21:01:47,1,0,0,1
2021-07-02 21:01:50,2,0,1,3
2021-07-02 21:01:53,17,2,11,30
2021-07-02 21:01:59,1,0,1,2
2021-07-02 21:02:08,1,1,0,2
2021-07-02 21:02:26,40,2,10,52
2021-07-02 21:02:43,76,1,23,100
2021-07-02 21:03:01,3,0,2,5
2021-07-02 21:03:39,1,0,0,1
2021-07-02 21:04:07,8,0,1,9
2021-07-02 21:04:20,0,0,0,0
2021-07-02 21:04:23,2,0,0,2
2021-07-02 21:04:39,1,0,0,1
2021-07-02 21:04:45,14,1,1,16
2021-07-02 21:04:48,1,0,0,1
2021-07-02 21:04:49,3,1,3,7
2021-07-02 21:04:51,0,0,0,0
2021-07-02 21:05:05,3,0,0,3
2021-07-02 21:05:19,1,0,0,1
2021-07-02 21:05:30,0,1,0,1
2021-07-02 21:05:33,0,0,0,0
2021-07-02 21:05:35,1,0,2,3
2021-07-02 21:05:38,0,1,0,1
2021-07-02 21:05:42,2,0,1,3
2021-07-02 21:05:44,34,0,10,44
2021-07-02 21:06:07,3,0,0,3
2021-07-02 21:06:23,1,0,2,3
2021-07-02 21:06:25,2,0,0,2
2021-07-02 21:06:32,9,0,2,11
2021-07-02 21:06:43,2,0,0,2
2021-07-02 21:06:56,39,0,11,50
2021-07-02 21:07:02,2,0,2,4
2021-07-02 21:07:05,2,0,2,4
2021-07-02 21:07:12,0,0,1,1
2021-07-02 21:07:13,2,0,2,4
2021-07-02 21:07:15,7,0,2,9
2021-07-02 21:07:40,0,0,0,0
2021-07-02 21:07:46,0,0,0,0
2021-07-02 21:07:57,1,0,0,1
2021-07-02 21:08:07,2,0,0,2
2021-07-02 21:08:10,1,0,0,1
2021-07-02 21:08:16,2,0,0,2
2021-07-02 21:08:33,2,0,1,3
2021-07-02 21:08:35,0,0,0,0
2021-07-02 21:08:40,1,0,0,1
2021-07-02 21:08:42,1,0,0,1
2021-07-02 21:08:49,0,0,0,0
2021-07-02 21:08:55,11,1,4,16
2021-07-02 21:08:57,0,0,1,1
2021-07-02 21:08:58,23,6,5,34
2021-07-02 21:09:05,7,0,2,9
2021-07-02 21:09:17,2,0,2,4
2021-07-02 21:09:21,5,0,0,5
2021-07-02 21:09:24,11,2,4,17
2021-07-02 21:09:32,11,1,4,16
2021-07-02 21:09:41,0,0,0,0
2021-07-02 21:09:46,0,0,0,0
2021-07-02 21:09:47,4,0,0,4
2021-07-02 21:09:49,1,0,0,1
2021-07-02 21:09:52,0,0,0,0
2021-07-02 21:09:56,0,0,0,0
2021-07-02 21:10:03,38,3,4,45
2021-07-02 21:10:04,4,1,0,5
2021-07-02 21:10:17,2,0,1,3
2021-07-02 21:10:39,0,0,0,0
2021-07-02 21:10:47,0,0,0,0
2021-07-02 21:10:56,6,0,4,10
2021-07-02 21:11:00,4,0,0,4
2021-07-02 21:11:03,0,0,0,0
2021-07-02 21:11:04,0,0,0,0
2021-07-02 21:11:13,7,0,2,9
2021-07-02 21:11:18,1,0,0,1
2021-07-02 21:11:21,3,1,2,6
2021-07-02 21:11:37,1,0,0,1
2021-07-02 21:11:41,3,0,2,5
2021-07-02 21:11:52,1,0,0,1
2021-07-02 21:11:57,2,0,0,2
2021-07-02 21:12:00,2,2,1,5
2021-07-02 21:12:16,0,0,0,0
2021-07-02 21:12:28,1,0,0,1
2021-07-02 21:12:33,3,0,0,3
2021-07-02 21:12:40,13,1,1,15
2021-07-02 21:12:41,0,0,0,0
2021-07-02 21:12:45,3,0,0,3
2021-07-02 21:12:47,0,0,0,0
2021-07-02 21:12:54,2,1,2,5
2021-07-02 21:13:04,1,0,0,1
2021-07-02 21:13:05,4,0,0,4
2021-07-02 21:13:17,0,0,0,0
2021-07-02 21:13:18,1,0,0,1
2021-07-02 21:13:22,7,1,0,8
2021-07-02 21:13:23,1636,46,448,2130
2021-07-02 21:13:30,2,0,0,2
2021-07-02 21:13:38,4,0,0,4
2021-07-02 21:13:53,2,0,0,2
2021-07-02 21:13:54,2,0,0,2
2021-07-02 21:13:56,3175,52,408,3635
2021-07-02 21:13:59,1,0,1,2
2021-07-02 21:14:00,0,0,0,0
2021-07-02 21:14:08,0,0,0,0
2021-07-02 21:14:12,5,0,1,6
2021-07-02 21:14:15,25,0,3,28
2021-07-02 21:14:23,1,0,0,1
2021-07-02 21:14:24,124,4,45,173
2021-07-02 21:14:26,1,0,0,1
2021-07-02 21:14:31,4,0,0,4
2021-07-02 21:14:33,4,0,1,5
2021-07-02 21:14:43,4,0,3,7
2021-07-02 21:14:44,0,0,0,0
2021-07-02 21:14:54,9,2,4,15
2021-07-02 21:14:58,6,0,1,7
2021-07-02 21:15:02,0,0,0,0
2021-07-02 21:15:06,0,0,0,0
2021-07-02 21:15:13,15,1,3,19
2021-07-02 21:15:34,7,2,2,11
2021-07-02 21:15:43,0,1,0,1
2021-07-02 21:15:49,5,0,0,5
2021-07-02 21:15:55,9,1,6,16
2021-07-02 21:15:59,8,0,3,11
2021-07-02 21:16:09,2,0,1,3
2021-07-02 21:16:10,0,0,0,0
2021-07-02 21:16:11,0,0,0,0
2021-07-02 21:16:12,0,1,0,1
2021-07-02 21:16:13,542,36,93,671
2021-07-02 21:16:14,4,0,0,4
2021-07-02 21:16:15,2,0,0,2
2021-07-02 21:16:22,2,0,0,2
2021-07-02 21:16:24,3,0,0,3
2021-07-02 21:16:30,0,0,0,0
2021-07-02 21:16:31,3,0,2,5
2021-07-02 21:16:33,1,0,0,1
2021-07-02 21:16:52,1,1,0,2
2021-07-02 21:16:55,6,0,2,8
2021-07-02 21:16:57,4,0,0,4
2021-07-02 21:16:59,7,0,3,10
2021-07-02 21:17:07,0,0,0,0
2021-07-02 21:17:19,0,0,0,0
2021-07-02 21:17:21,0,0,0,0
2021-07-02 21:17:28,0,0,0,0
2021-07-02 21:17:31,0,0,0,0
2021-07-02 21:17:39,10,0,5,15
2021-07-02 21:17:41,2,0,1,3
2021-07-02 21:17:43,0,0,0,0
2021-07-02 21:17:47,0,0,0,0
2021-07-02 21:17:50,211,5,47,263
2021-07-02 21:18:03,2554,56,444,3054
2021-07-02 21:18:23,1,0,0,1
2021-07-02 21:18:34,0,0,0,0
2021-07-02 21:18:45,97,4,21,122
2021-07-02 21:18:49,106,16,7,129
2021-07-02 21:19:02,12,2,0,14
2021-07-02 21:19:16,1,0,0,1
2021-07-02 21:19:28,1,0,0,1
2021-07-02 21:19:30,0,0,0,0
2021-07-02 21:19:34,0,0,0,0
2021-07-02 21:19:47,204,3,53,260
2021-07-02 21:19:49,1,1,0,2
2021-07-02 21:19:57,0,0,0,0
2021-07-02 21:20:07,1,0,0,1
2021-07-02 21:20:08,1,0,0,1
2021-07-02 21:20:18,3,1,1,5
2021-07-02 21:20:29,0,0,0,0
2021-07-02 21:20:57,0,0,0,0
2021-07-02 21:20:59,2,0,0,2
2021-07-02 21:21:14,0,0,0,0
2021-07-02 21:21:16,0,0,0,0
2021-07-02 21:21:25,0,0,0,0
2021-07-02 21:21:26,0,0,0,0
2021-07-02 21:21:35,0,0,0,0
2021-07-02 21:21:55,6,0,0,6
2021-07-02 21:22:03,2,1,0,3
2021-07-02 21:22:10,3,0,0,3
2021-07-02 21:22:26,2,1,0,3
2021-07-02 21:22:42,0,0,0,0
2021-07-02 21:22:50,0,1,0,1
2021-07-02 21:22:51,0,0,0,0
2021-07-02 21:22:52,3,0,0,3
2021-07-02 21:22:58,1,0,0,1
2021-07-02 21:23:04,46,1,19,66
2021-07-02 21:23:24,0,1,0,1
2021-07-02 21:23:29,0,0,0,0
2021-07-02 21:23:30,1,0,0,1
2021-07-02 21:23:36,1,0,1,2
2021-07-02 21:23:55,1,0,0,1
2021-07-02 21:24:11,0,0,0,0
2021-07-02 21:24:15,5,1,0,6
2021-07-02 21:24:30,14,0,4,18
2021-07-02 21:24:51,9,2,2,13
2021-07-02 21:25:02,4,0,0,4
2021-07-02 21:25:15,3,0,3,6
2021-07-02 21:25:21,3,0,1,4
2021-07-02 21:25:23,0,0,0,0
2021-07-02 21:25:40,0,0,0,0
2021-07-02 21:25:42,0,0,0,0
2021-07-02 21:25:44,4,0,0,4
2021-07-02 21:25:49,0,0,1,1
2021-07-02 21:25:54,1,0,0,1
2021-07-02 21:26:02,4,0,1,5
2021-07-02 21:26:12,0,0,0,0
2021-07-02 21:26:25,0,0,0,0
2021-07-02 21:26:27,3,0,3,6
2021-07-02 21:26:31,0,0,0,0
2021-07-02 21:26:32,0,0,0,0
2021-07-02 21:26:35,0,0,0,0
2021-07-02 21:26:44,1,1,0,2
2021-07-02 21:26:47,9,3,4,16
2021-07-02 21:26:53,3,1,2,6
2021-07-02 21:27:08,242,15,88,345
2021-07-02 21:27:10,1,0,0,1
2021-07-02 21:27:12,1,0,0,1
2021-07-02 21:27:40,0,0,0,0
2021-07-02 21:27:44,3,0,1,4
2021-07-02 21:27:53,13,0,8,21
2021-07-02 21:28:03,1,0,0,1
2021-07-02 21:28:08,1,0,0,1
2021-07-02 21:28:18,5,3,2,10
2021-07-02 21:28:50,1,0,0,1
2021-07-02 21:28:54,2,0,2,4
2021-07-02 21:28:55,1,0,0,1
2021-07-02 21:29:18,1,0,0,1
2021-07-02 21:29:29,1805,52,372,2229
2021-07-02 21:29:41,0,0,0,0
2021-07-02 21:29:50,1,1,0,2
2021-07-02 21:29:51,0,0,0,0
2021-07-02 21:29:53,4,0,2,6
2021-07-02 21:30:07,0,0,0,0
2021-07-02 21:30:13,1,0,0,1
2021-07-02 21:30:18,1,0,0,1
2021-07-02 21:30:20,4,1,0,5
2021-07-02 21:30:21,0,0,0,0
2021-07-02 21:30:37,3,0,0,3
2021-07-02 21:30:52,8,0,4,12
2021-07-02 21:31:40,4,0,0,4
2021-07-02 21:31:45,3,0,1,4
2021-07-02 21:31:52,9,0,1,10
2021-07-02 21:32:16,0,0,0,0
2021-07-02 21:32:22,0,0,0,0
2021-07-02 21:32:29,0,1,0,1
2021-07-02 21:32:34,17,0,11,28
2021-07-02 21:32:45,2,0,0,2
2021-07-02 21:32:49,7,0,2,9
2021-07-02 21:32:54,7,3,1,11
2021-07-02 21:33:01,0,0,0,0
2021-07-02 21:33:05,6,1,1,8
2021-07-02 21:33:11,0,0,0,0
2021-07-02 21:33:16,16,0,0,16
2021-07-02 21:33:26,0,0,0,0
2021-07-02 21:33:31,2,0,0,2
2021-07-02 21:33:39,0,0,0,0
2021-07-02 21:33:43,20,1,0,21
2021-07-02 21:33:45,0,0,0,0
2021-07-02 21:33:47,0,0,0,0
2021-07-02 21:33:50,3,1,1,5
2021-07-02 21:34:35,1,0,0,1
2021-07-02 21:34:51,1,0,1,2
2021-07-02 21:35:02,0,0,0,0
2021-07-02 21:35:04,2,1,0,3
2021-07-02 21:35:17,2,0,0,2
2021-07-02 21:35:24,37,1,13,51
2021-07-02 21:35:25,2,0,0,2
2021-07-02 21:35:39,0,0,0,0
2021-07-02 21:35:42,0,0,0,0
2021-07-02 21:35:50,0,0,0,0
2021-07-02 21:36:00,6,0,0,6
2021-07-02 21:36:01,1,0,1,2
2021-07-02 21:36:02,1,0,0,1
2021-07-02 21:36:19,0,0,0,0
2021-07-02 21:36:27,35,6,4,45
2021-07-02 21:36:55,2160,86,496,2742
2021-07-02 21:37:09,3,0,0,3
2021-07-02 21:37:12,18,0,4,22
2021-07-02 21:37:13,0,0,0,0
2021-07-02 21:37:14,7,0,2,9
2021-07-02 21:37:23,20,1,6,27
2021-07-02 21:37:25,10,1,0,11
2021-07-02 21:37:29,0,0,0,0
2021-07-02 21:37:31,0,0,0,0
2021-07-02 21:37:38,0,0,0,0
2021-07-02 21:37:47,0,0,0,0
2021-07-02 21:37:49,0,0,0,0
2021-07-02 21:37:50,0,0,0,0
2021-07-02 21:37:52,1,0,0,1
2021-07-02 21:37:53,0,0,0,0
2021-07-02 21:37:55,2,0,0,2
2021-07-02 21:38:01,0,0,0,0
2021-07-02 21:38:08,0,0,0,0
2021-07-02 21:38:10,0,0,0,0
2021-07-02 21:38:11,0,0,0,0
2021-07-02 21:38:15,0,0,0,0
2021-07-02 21:38:21,2,0,1,3
2021-07-02 21:38:25,1,0,0,1
2021-07-02 21:38:30,0,0,0,0
2021-07-02 21:38:32,0,0,0,0
2021-07-02 21:38:42,0,0,0,0
2021-07-02 21:38:49,1,0,0,1
2021-07-02 21:39:01,2,0,1,3
2021-07-02 21:39:14,9,0,1,10
2021-07-02 21:39:38,0,0,0,0
2021-07-02 21:39:40,1,0,1,2
2021-07-02 21:39:49,6,0,0,6
2021-07-02 21:39:52,6,0,1,7
2021-07-02 21:39:54,0,0,0,0
2021-07-02 21:39:59,0,0,0,0
2021-07-02 21:40:00,1,0,0,1
2021-07-02 21:40:13,0,0,0,0
2021-07-02 21:40:27,0,0,0,0
2021-07-02 21:40:28,1,2,0,3
2021-07-02 21:40:30,0,0,0,0
2021-07-02 21:40:39,1,0,1,2
2021-07-02 21:40:45,1,0,2,3
2021-07-02 21:41:11,5,1,0,6
2021-07-02 21:41:16,0,0,0,0
2021-07-02 21:41:35,0,0,0,0
2021-07-02 21:41:36,4,0,2,6
2021-07-02 21:41:39,1,0,0,1
2021-07-02 21:41:48,0,0,0,0
2021-07-02 21:41:50,11,2,1,14
2021-07-02 21:41:54,0,0,0,0
2021-07-02 21:41:57,0,1,0,1
2021-07-02 21:42:01,3,0,0,3
2021-07-02 21:42:25,3,0,1,4
2021-07-02 21:42:28,1,0,0,1
2021-07-02 21:42:31,0,0,0,0
2021-07-02 21:42:44,4,1,3,8
2021-07-02 21:42:49,0,0,0,0
2021-07-02 21:42:57,0,0,0,0
2021-07-02 21:42:59,0,1,0,1
2021-07-02 21:43:01,0,0,0,0
2021-07-02 21:43:16,364,5,95,464
2021-07-02 21:43:17,0,0,0,0
2021-07-02 21:43:28,0,1,0,1
2021-07-02 21:43:31,12,1,3,16
2021-07-02 21:43:45,0,0,0,0
2021-07-02 21:44:07,1,0,0,1
2021-07-02 21:44:18,0,0,0,0
2021-07-02 21:44:23,8,0,6,14
2021-07-02 21:44:37,2,0,0,2
2021-07-02 21:44:38,1,0,1,2
2021-07-02 21:44:44,2,0,1,3
2021-07-02 21:44:51,4,0,1,5
2021-07-02 21:44:54,1,0,0,1
2021-07-02 21:44:59,0,0,0,0
2021-07-02 21:45:25,0,0,0,0
2021-07-02 21:45:34,8,1,5,14
2021-07-02 21:45:37,0,0,0,0
2021-07-02 21:45:40,0,0,0,0
2021-07-02 21:45:41,0,0,0,0
2021-07-02 21:45:50,0,0,0,0
2021-07-02 21:45:56,0,0,0,0
2021-07-02 21:46:01,1,0,0,1
2021-07-02 21:46:04,0,0,0,0
2021-07-02 21:46:09,0,0,0,0
2021-07-02 21:46:13,0,0,0,0
2021-07-02 21:46:17,0,0,0,0
2021-07-02 21:46:18,0,0,0,0
2021-07-02 21:46:25,1,0,0,1
2021-07-02 21:46:29,1,0,0,1
2021-07-02 21:46:32,1,0,0,1
2021-07-02 21:46:34,63,1,5,69
2021-07-02 21:46:36,9,0,0,9
2021-07-02 21:46:44,1,1,0,2
2021-07-02 21:46:45,1,0,0,1
2021-07-02 21:47:00,6,0,1,7
2021-07-02 21:47:01,1,0,0,1
2021-07-02 21:47:06,1,0,0,1
2021-07-02 21:47:20,0,0,0,0
2021-07-02 21:47:22,1,0,0,1
2021-07-02 21:47:29,0,0,0,0
2021-07-02 21:47:47,2,0,0,2
2021-07-02 21:47:56,0,0,0,0
2021-07-02 21:48:05,2,0,0,2
2021-07-02 21:48:12,3,0,0,3
2021-07-02 21:48:16,0,0,0,0
2021-07-02 21:48:22,0,0,0,0
2021-07-02 21:48:30,1,0,0,1
2021-07-02 21:48:43,1,0,0,1
2021-07-02 21:48:46,1,1,0,2
2021-07-02 21:48:51,5,0,4,9
2021-07-02 21:48:52,0,0,0,0
2021-07-02 21:48:54,0,0,0,0
2021-07-02 21:48:55,6,0,1,7
2021-07-02 21:49:01,9,2,1,12
2021-07-02 21:49:06,0,0,0,0
2021-07-02 21:49:33,5,1,2,8
2021-07-02 21:49:46,26,0,11,37
2021-07-02 21:49:54,0,0,0,0
2021-07-02 21:50:01,0,0,0,0
2021-07-02 21:50:04,0,0,2,2
2021-07-02 21:50:05,2,0,3,5
2021-07-02 21:50:08,0,0,0,0
2021-07-02 21:50:09,0,0,1,1
2021-07-02 21:50:15,13,1,0,14
2021-07-02 21:50:32,0,0,0,0
2021-07-02 21:50:33,0,0,0,0
2021-07-02 21:50:35,36,2,22,60
2021-07-02 21:50:39,0,0,0,0
2021-07-02 21:51:01,0,0,0,0
2021-07-02 21:51:15,0,0,0,0
2021-07-02 21:51:19,14,2,6,22
2021-07-02 21:51:22,5,0,2,7
2021-07-02 21:51:35,1,0,0,1
2021-07-02 21:51:38,3,0,0,3
2021-07-02 21:51:43,7,0,4,11
2021-07-02 21:51:47,0,0,0,0
2021-07-02 21:51:51,0,0,0,0
2021-07-02 21:51:56,1,0,0,1
2021-07-02 21:51:57,0,0,0,0
2021-07-02 21:52:00,0,0,0,0
2021-07-02 21:52:07,3,0,1,4
2021-07-02 21:52:08,0,0,0,0
2021-07-02 21:52:10,0,0,0,0
2021-07-02 21:52:11,7,0,0,7
2021-07-02 21:52:12,2,1,1,4
2021-07-02 21:52:13,0,0,0,0
2021-07-02 21:52:16,4,0,4,8
2021-07-02 21:52:18,1,0,0,1
2021-07-02 21:52:19,4,0,0,4
2021-07-02 21:52:27,0,1,0,1
2021-07-02 21:52:34,1,0,1,2
2021-07-02 21:52:44,3,1,2,6
2021-07-02 21:52:50,6,0,1,7
2021-07-02 21:52:51,2,0,1,3
2021-07-02 21:52:52,0,0,0,0
2021-07-02 21:52:53,2,0,1,3
2021-07-02 21:52:54,28,1,3,32
2021-07-02 21:53:03,3,0,1,4
2021-07-02 21:53:23,2,0,1,3
2021-07-02 21:53:59,1,0,0,1
2021-07-02 21:54:05,1,0,1,2
2021-07-02 21:54:07,13,0,2,15
2021-07-02 21:54:26,1,0,1,2
2021-07-02 21:54:28,3,0,1,4
2021-07-02 21:54:41,9,1,3,13
2021-07-02 21:54:47,1,0,1,2
2021-07-02 21:54:56,5,0,1,6
2021-07-02 21:54:59,2,0,1,3
2021-07-02 21:55:07,1,0,0,1
2021-07-02 21:55:37,1,0,0,1
2021-07-02 21:55:44,0,0,0,0
2021-07-02 21:55:50,43,1,1,45
2021-07-02 21:55:57,3,2,0,5
2021-07-02 21:56:07,2,0,0,2
2021-07-02 21:56:28,10,0,4,14
2021-07-02 21:56:31,0,0,0,0
2021-07-02 21:56:48,4,1,4,9
2021-07-02 21:56:50,4,0,1,5
2021-07-02 21:57:02,3,0,2,5
2021-07-02 21:57:11,1,0,1,2
2021-07-02 21:57:16,4,0,4,8
2021-07-02 21:57:27,12,1,5,18
2021-07-02 21:57:49,0,0,0,0
2021-07-02 21:58:01,0,0,0,0
2021-07-02 21:58:05,0,0,0,0
2021-07-02 21:58:07,2,0,0,2
2021-07-02 21:58:25,1,0,0,1
2021-07-02 21:58:27,0,0,0,0
2021-07-02 21:58:56,0,0,0,0
2021-07-02 21:58:59,1,0,0,1
2021-07-02 21:59:00,0,0,0,0
2021-07-02 21:59:17,4,2,1,7
2021-07-02 21:59:21,7,0,4,11
2021-07-02 21:59:29,1,0,1,2
2021-07-02 21:59:32,0,0,0,0
2021-07-02 21:59:40,60,9,9,78
2021-07-02 21:59:45,0,0,0,0
2021-07-02 21:59:49,0,3,0,3
2021-07-02 22:00:15,0,0,0,0
2021-07-02 22:00:17,34,0,8,42
2021-07-02 22:00:32,650,33,49,732
2021-07-02 22:00:33,0,0,0,0
2021-07-02 22:00:37,9,1,6,16
2021-07-02 22:00:44,123,2,12,137
2021-07-02 22:00:47,0,0,0,0
2021-07-02 22:00:56,0,0,0,0
2021-07-02 22:01:04,29,2,2,33
2021-07-02 22:01:05,0,0,0,0
2021-07-02 22:01:10,6,0,2,8
2021-07-02 22:01:29,10,1,2,13
2021-07-02 22:01:31,6,0,0,6
2021-07-02 22:01:40,2,1,1,4
2021-07-02 22:01:41,0,0,0,0
2021-07-02 22:01:42,1,1,0,2
2021-07-02 22:01:43,0,0,0,0
2021-07-02 22:01:51,0,0,0,0
2021-07-02 22:01:53,0,0,0,0
2021-07-02 22:01:55,0,0,0,0
2021-07-02 22:02:05,0,0,0,0
2021-07-02 22:02:08,5,0,0,5
2021-07-02 22:02:09,433,1,68,502
2021-07-02 22:02:10,2,0,0,2
2021-07-02 22:02:13,1,0,0,1
2021-07-02 22:02:20,1,0,0,1
2021-07-02 22:02:21,1,0,0,1
2021-07-02 22:02:22,0,0,0,0
2021-07-02 22:02:27,8,1,3,12
2021-07-02 22:02:33,2,0,0,2
2021-07-02 22:02:35,0,0,0,0
2021-07-02 22:02:41,2,0,0,2
2021-07-02 22:02:43,6,0,0,6
2021-07-02 22:02:48,2,1,0,3
2021-07-02 22:02:50,3,0,2,5
2021-07-02 22:02:57,0,0,0,0
2021-07-02 22:03:20,0,0,0,0
2021-07-02 22:03:22,0,0,0,0
2021-07-02 22:03:24,1,0,0,1
2021-07-02 22:03:37,8,0,4,12
2021-07-02 22:03:53,0,0,0,0
2021-07-02 22:03:55,11,1,5,17
2021-07-02 22:04:03,7,0,7,14
2021-07-02 22:04:11,0,0,0,0
2021-07-02 22:04:21,1,0,0,1
2021-07-02 22:04:22,0,0,0,0
2021-07-02 22:04:31,2,0,0,2
2021-07-02 22:04:35,1,0,0,1
2021-07-02 22:04:36,22,0,5,27
2021-07-02 22:05:02,2,0,0,2
2021-07-02 22:05:09,0,0,0,0
2021-07-02 22:05:14,43,3,22,68
2021-07-02 22:05:27,0,0,0,0
2021-07-02 22:05:36,0,0,0,0
2021-07-02 22:05:44,12,4,4,20
2021-07-02 22:05:45,0,0,0,0
2021-07-02 22:05:46,0,0,0,0
2021-07-02 22:05:47,4,0,1,5
2021-07-02 22:05:55,0,0,0,0
2021-07-02 22:06:19,1,0,0,1
2021-07-02 22:06:27,0,0,0,0
2021-07-02 22:06:29,0,0,0,0
2021-07-02 22:06:42,0,0,0,0
2021-07-02 22:06:45,1,0,1,2
2021-07-02 22:06:56,0,1,0,1
2021-07-02 22:06:59,7,0,3,10
2021-07-02 22:07:00,0,0,0,0
2021-07-02 22:07:13,22,0,2,24
2021-07-02 22:07:17,0,0,0,0
2021-07-02 22:07:30,0,0,0,0
2021-07-02 22:07:34,0,0,0,0
2021-07-02 22:07:36,2,0,0,2
2021-07-02 22:08:00,1,0,0,1
2021-07-02 22:08:01,12,2,0,14
2021-07-02 22:08:12,0,0,0,0
2021-07-02 22:08:14,0,0,0,0
2021-07-02 22:08:15,8,0,3,11
2021-07-02 22:08:20,4,0,1,5
2021-07-02 22:08:30,0,0,0,0
2021-07-02 22:08:31,0,0,0,0
2021-07-02 22:08:41,0,0,0,0
2021-07-02 22:08:44,2,0,0,2
2021-07-02 22:08:45,0,0,0,0
2021-07-02 22:08:51,5,0,3,8
2021-07-02 22:09:19,0,0,0,0
2021-07-02 22:09:40,0,0,0,0
2021-07-02 22:09:47,0,1,0,1
2021-07-02 22:09:50,0,0,0,0
2021-07-02 22:09:55,0,0,0,0
2021-07-02 22:10:00,9,0,2,11
2021-07-02 22:10:06,0,0,0,0
2021-07-02 22:10:07,0,0,0,0
2021-07-02 22:10:10,0,0,0,0
2021-07-02 22:10:11,1,0,0,1
2021-07-02 22:10:12,0,0,0,0
2021-07-02 22:10:33,1,0,1,2
2021-07-02 22:10:37,2,1,0,3
2021-07-02 22:10:40,0,0,0,0
2021-07-02 22:10:47,5,0,0,5
2021-07-02 22:10:50,0,1,0,1
2021-07-02 22:11:02,1,1,0,2
2021-07-02 22:11:07,0,0,0,0
2021-07-02 22:11:10,0,1,0,1
2021-07-02 22:11:28,2,0,2,4
2021-07-02 22:12:01,0,1,0,1
2021-07-02 22:12:03,0,0,0,0
2021-07-02 22:12:13,0,1,0,1
2021-07-02 22:12:17,25,1,9,35
2021-07-02 22:12:28,0,0,0,0
2021-07-02 22:12:40,190,10,49,249
2021-07-02 22:12:55,1,1,0,2
2021-07-02 22:12:57,0,0,0,0
2021-07-02 22:13:01,4976,84,928,5988
2021-07-02 22:13:05,1,1,0,2
2021-07-02 22:13:13,163,2,24,189
2021-07-02 22:13:14,1,0,0,1
2021-07-02 22:13:30,0,1,0,1
2021-07-02 22:13:36,2,0,0,2
2021-07-02 22:13:40,0,1,0,1
2021-07-02 22:13:48,0,0,0,0
2021-07-02 22:13:53,0,0,0,0
2021-07-02 22:14:03,0,0,0,0
2021-07-02 22:14:06,36,1,7,44
2021-07-02 22:14:10,0,0,0,0
2021-07-02 22:14:16,1,1,0,2
2021-07-02 22:14:20,2,0,1,3
2021-07-02 22:14:22,0,0,0,0
2021-07-02 22:14:30,1,0,0,1
2021-07-02 22:14:31,2,0,0,2
2021-07-02 22:14:32,1,0,0,1
2021-07-02 22:14:35,9,0,0,9
2021-07-02 22:14:39,1,1,0,2
2021-07-02 22:14:40,0,0,0,0
2021-07-02 22:14:41,1,0,1,2
2021-07-02 22:14:46,2,0,1,3
2021-07-02 22:14:48,0,1,0,1
2021-07-02 22:14:50,0,0,0,0
2021-07-02 22:14:51,0,0,0,0
2021-07-02 22:14:59,0,1,0,1
2021-07-02 22:15:02,0,0,0,0
2021-07-02 22:15:06,0,0,0,0
2021-07-02 22:15:10,0,0,0,0
2021-07-02 22:15:11,0,0,0,0
2021-07-02 22:15:14,1,0,0,1
2021-07-02 22:15:15,0,0,0,0
2021-07-02 22:15:20,3,3,0,6
2021-07-02 22:15:34,0,0,0,0
2021-07-02 22:15:37,1,1,0,2
2021-07-02 22:15:50,0,0,0,0
2021-07-02 22:16:00,0,0,0,0
2021-07-02 22:16:01,1,1,0,2
2021-07-02 22:16:03,0,0,0,0
2021-07-02 22:16:13,0,0,0,0
2021-07-02 22:16:20,0,0,0,0
2021-07-02 22:16:27,0,0,0,0
2021-07-02 22:16:33,5,0,1,6
2021-07-02 22:16:35,0,0,0,0
2021-07-02 22:16:41,0,0,0,0
2021-07-02 22:16:48,0,0,0,0
2021-07-02 22:16:51,13,0,6,19
2021-07-02 22:16:54,0,0,0,0
2021-07-02 22:17:00,0,0,0,0
2021-07-02 22:17:07,1,0,0,1
2021-07-02 22:17:09,0,0,0,0
2021-07-02 22:17:13,2,0,0,2
2021-07-02 22:17:21,0,0,0,0
2021-07-02 22:17:22,1,0,0,1
2021-07-02 22:17:23,7,0,4,11
2021-07-02 22:17:28,1,0,0,1
2021-07-02 22:17:30,0,0,0,0
2021-07-02 22:17:42,0,0,0,0
2021-07-02 22:17:44,0,0,0,0
2021-07-02 22:17:47,0,0,0,0
2021-07-02 22:17:53,0,0,0,0
2021-07-02 22:17:55,2,0,0,2
2021-07-02 22:18:03,0,0,0,0
2021-07-02 22:18:09,0,0,0,0
2021-07-02 22:18:12,0,0,0,0
2021-07-02 22:18:15,0,0,0,0
2021-07-02 22:18:32,1,0,0,1
2021-07-02 22:18:34,1,0,0,1
2021-07-02 22:18:37,0,0,0,0
2021-07-02 22:19:21,2,0,0,2
2021-07-02 22:19:31,23,2,10,35
2021-07-02 22:19:36,0,0,0,0
2021-07-02 22:19:47,32,0,10,42
2021-07-02 22:20:09,2,0,2,4
2021-07-02 22:20:21,0,0,0,0
2021-07-02 22:20:37,1,1,0,2
2021-07-02 22:20:49,0,1,0,1
2021-07-02 22:20:59,1,1,0,2
2021-07-02 22:21:03,3,0,0,3
2021-07-02 22:21:04,2,2,0,4
2021-07-02 22:21:09,2,0,0,2
2021-07-02 22:21:24,0,0,0,0
2021-07-02 22:21:25,2,0,1,3
2021-07-02 22:21:34,2150,52,254,2456
2021-07-02 22:21:37,0,0,0,0
2021-07-02 22:22:09,0,0,0,0
2021-07-02 22:22:13,154,1,15,170
2021-07-02 22:22:16,7,0,0,7
2021-07-02 22:22:18,228,0,30,258
2021-07-02 22:22:35,1,0,1,2
2021-07-02 22:22:59,2,0,0,2
2021-07-02 22:23:07,2,3,1,6
2021-07-02 22:23:08,1,0,0,1
2021-07-02 22:23:10,0,0,0,0
2021-07-02 22:23:31,0,0,0,0
2021-07-02 22:23:36,2,0,0,2
2021-07-02 22:23:37,0,0,0,0
2021-07-02 22:23:41,8,1,0,9
2021-07-02 22:23:51,1,0,0,1
2021-07-02 22:23:53,0,0,0,0
2021-07-02 22:23:58,0,0,0,0
2021-07-02 22:24:04,3,0,0,3
2021-07-02 22:24:12,0,0,0,0
2021-07-02 22:24:20,0,0,0,0
2021-07-02 22:24:29,1,0,0,1
2021-07-02 22:24:34,0,0,0,0
2021-07-02 22:24:54,1,0,0,1
2021-07-02 22:24:56,2,1,0,3
2021-07-02 22:24:59,0,0,0,0
2021-07-02 22:25:01,1,0,0,1
2021-07-02 22:25:03,0,0,0,0
2021-07-02 22:25:04,0,0,0,0
2021-07-02 22:25:10,1,0,0,1
2021-07-02 22:25:12,0,0,0,0
2021-07-02 22:25:16,1,0,0,1
2021-07-02 22:25:17,0,0,0,0
2021-07-02 22:25:26,0,0,0,0
2021-07-02 22:25:36,1,0,0,1
2021-07-02 22:25:39,14,0,7,21
2021-07-02 22:25:48,1,0,0,1
2021-07-02 22:25:53,0,0,0,0
2021-07-02 22:25:58,0,0,0,0
2021-07-02 22:26:03,0,0,0,0
2021-07-02 22:26:07,4,1,1,6
2021-07-02 22:26:09,0,0,0,0
2021-07-02 22:26:19,25,2,4,31
2021-07-02 22:26:26,5,0,1,6
2021-07-02 22:26:49,12,0,2,14
2021-07-02 22:26:53,0,0,0,0
2021-07-02 22:26:54,13,3,2,18
2021-07-02 22:26:55,3,0,0,3
2021-07-02 22:27:02,3,0,0,3
2021-07-02 22:27:06,1,0,0,1
2021-07-02 22:27:13,0,0,0,0
2021-07-02 22:27:19,6,0,1,7
2021-07-02 22:27:21,12,3,3,18
2021-07-02 22:27:28,0,0,0,0
2021-07-02 22:27:30,1,0,0,1
2021-07-02 22:27:35,0,0,0,0
2021-07-02 22:27:40,1,1,0,2
2021-07-02 22:27:41,13,4,2,19
2021-07-02 22:27:55,1,0,0,1
2021-07-02 22:28:01,8,0,2,10
2021-07-02 22:28:10,0,0,0,0
2021-07-02 22:28:14,4,0,1,5
2021-07-02 22:28:25,0,0,0,0
2021-07-02 22:28:27,1,0,0,1
2021-07-02 22:28:38,0,0,0,0
2021-07-02 22:28:42,5,0,0,5
2021-07-02 22:28:58,595,6,75,676
2021-07-02 22:28:59,0,0,0,0
2021-07-02 22:29:02,2,1,0,3
2021-07-02 22:29:06,22,0,2,24
2021-07-02 22:29:08,0,0,0,0
2021-07-02 22:29:09,3,0,0,3
2021-07-02 22:29:12,1,0,0,1
2021-07-02 22:29:26,5,0,2,7
2021-07-02 22:29:32,0,0,0,0
2021-07-02 22:29:39,0,0,0,0
2021-07-02 22:29:41,0,0,0,0
2021-07-02 22:29:45,0,0,0,0
2021-07-02 22:29:54,2,0,1,3
2021-07-02 22:30:00,0,0,1,1
2021-07-02 22:30:03,0,0,0,0
2021-07-02 22:30:04,6,0,0,6
2021-07-02 22:30:09,4,0,0,4
2021-07-02 22:30:20,8,2,0,10
2021-07-02 22:30:27,4,0,0,4
2021-07-02 22:30:28,12,0,2,14
2021-07-02 22:30:30,1,0,0,1
2021-07-02 22:30:31,3,0,3,6
2021-07-02 22:30:34,2,0,0,2
2021-07-02 22:30:38,0,0,0,0
2021-07-02 22:30:39,1,0,0,1
2021-07-02 22:30:40,1,0,0,1
2021-07-02 22:30:41,0,0,0,0
2021-07-02 22:30:43,4,0,2,6
2021-07-02 22:30:47,0,0,0,0
2021-07-02 22:30:50,4,0,0,4
2021-07-02 22:31:01,2,0,2,4
2021-07-02 22:31:06,0,0,0,0
2021-07-02 22:31:10,1,0,0,1
2021-07-02 22:31:11,0,0,0,0
2021-07-02 22:31:19,4,1,0,5
2021-07-02 22:31:20,1,0,0,1
2021-07-02 22:31:23,16,0,1,17
2021-07-02 22:31:35,150,6,37,193
2021-07-02 22:31:40,2,1,0,3
2021-07-02 22:31:41,2,0,0,2
2021-07-02 22:31:42,2,0,0,2
2021-07-02 22:31:47,0,0,0,0
2021-07-02 22:31:52,6,0,4,10
2021-07-02 22:31:54,4,0,2,6
2021-07-02 22:31:58,0,0,0,0
2021-07-02 22:31:59,2,0,0,2
2021-07-02 22:32:05,1,0,0,1
2021-07-02 22:32:06,2,0,1,3
2021-07-02 22:32:08,1,0,0,1
2021-07-02 22:32:11,22,0,3,25
2021-07-02 22:32:23,0,0,0,0
2021-07-02 22:32:24,0,0,0,0
2021-07-02 22:32:27,1,0,0,1
2021-07-02 22:32:39,1,0,0,1
2021-07-02 22:32:52,2,0,0,2
2021-07-02 22:33:02,1,0,0,1
2021-07-02 22:33:11,0,0,0,0
2021-07-02 22:33:19,6863,89,795,7747
2021-07-02 22:33:21,1,0,0,1
2021-07-02 22:33:24,2,1,0,3
2021-07-02 22:33:26,30,1,8,39
2021-07-02 22:33:27,10,0,3,13
2021-07-02 22:33:36,0,0,0,0
2021-07-02 22:33:38,1,0,0,1
2021-07-02 22:33:52,0,0,0,0
2021-07-02 22:33:53,0,0,0,0
2021-07-02 22:33:58,0,0,0,0
2021-07-02 22:34:09,2,0,1,3
2021-07-02 22:34:13,11,1,4,16
2021-07-02 22:34:18,0,0,0,0
2021-07-02 22:34:19,4,0,2,6
2021-07-02 22:34:27,2,0,0,2
2021-07-02 22:34:29,7,0,2,9
2021-07-02 22:34:32,0,0,0,0
2021-07-02 22:34:36,1,0,0,1
2021-07-02 22:34:42,7,2,2,11
2021-07-02 22:34:46,2,0,0,2
2021-07-02 22:34:53,0,0,0,0
2021-07-02 22:34:55,0,0,0,0
2021-07-02 22:35:03,1,0,0,1
2021-07-02 22:35:08,0,0,0,0
2021-07-02 22:35:12,58,1,3,62
2021-07-02 22:35:20,0,0,0,0
2021-07-02 22:35:30,0,0,0,0
2021-07-02 22:35:36,2,1,0,3
2021-07-02 22:35:40,1,0,2,3
2021-07-02 22:35:48,0,0,0,0
2021-07-02 22:35:51,0,0,0,0
2021-07-02 22:36:04,0,0,0,0
2021-07-02 22:36:11,0,0,0,0
2021-07-02 22:36:13,6,2,2,10
2021-07-02 22:36:16,0,0,0,0
2021-07-02 22:36:17,3,0,0,3
2021-07-02 22:36:45,0,0,0,0
2021-07-02 22:37:01,0,0,0,0
2021-07-02 22:37:02,0,0,0,0
2021-07-02 22:37:13,2,0,1,3
2021-07-02 22:37:21,6,0,0,6
2021-07-02 22:37:26,0,0,0,0
2021-07-02 22:37:28,0,0,0,0
2021-07-02 22:37:29,1,1,0,2
2021-07-02 22:37:30,0,0,0,0
2021-07-02 22:37:35,1,0,0,1
2021-07-02 22:37:38,0,0,0,0
2021-07-02 22:37:43,22,2,3,27
2021-07-02 22:37:48,15,0,5,20
2021-07-02 22:37:56,10,1,3,14
2021-07-02 22:37:58,763,16,116,895
2021-07-02 22:38:06,1,0,0,1
2021-07-02 22:38:12,2,0,0,2
2021-07-02 22:38:16,0,0,0,0
2021-07-02 22:38:17,0,0,0,0
2021-07-02 22:38:18,2,1,0,3
2021-07-02 22:38:38,0,0,0,0
2021-07-02 22:38:42,0,0,0,0
2021-07-02 22:39:02,2,0,0,2
2021-07-02 22:39:03,0,0,0,0
2021-07-02 22:39:08,0,0,0,0
2021-07-02 22:39:09,66,4,7,77
2021-07-02 22:39:19,2,0,0,2
2021-07-02 22:39:24,0,0,0,0
2021-07-02 22:39:38,4,0,0,4
2021-07-02 22:39:42,3,0,1,4
2021-07-02 22:39:44,0,0,0,0
2021-07-02 22:39:55,3,0,1,4
2021-07-02 22:40:04,1,0,1,2
2021-07-02 22:40:16,89,0,9,98
2021-07-02 22:40:19,1,0,0,1
2021-07-02 22:40:25,27,1,1,29
2021-07-02 22:40:32,8,1,1,10
2021-07-02 22:40:50,0,0,0,0
2021-07-02 22:41:01,0,0,0,0
2021-07-02 22:41:04,0,0,0,0
2021-07-02 22:41:05,27,2,11,40
2021-07-02 22:41:26,19,0,4,23
2021-07-02 22:41:31,1,0,0,1
2021-07-02 22:41:33,1,0,0,1
2021-07-02 22:41:38,0,0,0,0
2021-07-02 22:41:56,10,1,6,17
2021-07-02 22:42:02,0,0,0,0
2021-07-02 22:42:12,5,0,0,5
2021-07-02 22:42:19,1,0,0,1
2021-07-02 22:42:21,0,0,0,0
2021-07-02 22:42:39,1,0,0,1
2021-07-02 22:42:44,4,1,2,7
2021-07-02 22:42:45,2,0,0,2
2021-07-02 22:42:47,18,3,4,25
2021-07-02 22:42:52,1,0,0,1
2021-07-02 22:43:04,6,0,2,8
2021-07-02 22:43:07,92,2,13,107
2021-07-02 22:43:22,3,0,1,4
2021-07-02 22:43:23,15,0,4,19
2021-07-02 22:43:32,7,0,0,7
2021-07-02 22:43:33,1,0,0,1
2021-07-02 22:43:38,1,0,0,1
2021-07-02 22:43:57,1,0,0,1
2021-07-02 22:44:00,1,0,0,1
2021-07-02 22:44:01,2,0,1,3
2021-07-02 22:44:02,1,0,0,1
2021-07-02 22:44:05,2,0,1,3
2021-07-02 22:44:09,1,0,0,1
2021-07-02 22:44:17,1,0,0,1
2021-07-02 22:44:32,1,0,0,1
2021-07-02 22:44:37,0,0,0,0
2021-07-02 22:44:40,0,0,0,0
2021-07-02 22:44:48,5,0,2,7
2021-07-02 22:44:49,5,0,4,9
2021-07-02 22:44:54,2,0,1,3
2021-07-02 22:44:56,34,0,7,41
2021-07-02 22:45:02,2,0,1,3
2021-07-02 22:45:05,8,0,3,11
2021-07-02 22:45:09,0,0,0,0
2021-07-02 22:45:14,1,0,2,3
2021-07-02 22:45:25,7,1,1,9
2021-07-02 22:45:26,0,0,1,1
2021-07-02 22:45:28,5,0,3,8
2021-07-02 22:45:29,0,0,0,0
2021-07-02 22:45:31,133,0,5,138
2021-07-02 22:45:34,1,0,1,2
2021-07-02 22:45:47,1,0,2,3
2021-07-02 22:45:56,24,0,11,35
2021-07-02 22:45:59,1,0,2,3
2021-07-02 22:46:01,3,0,2,5
2021-07-02 22:46:10,69,4,27,100
2021-07-02 22:46:12,1,0,1,2
2021-07-02 22:46:14,1,0,0,1
2021-07-02 22:46:18,16,1,3,20
2021-07-02 22:46:25,0,0,0,0
2021-07-02 22:46:36,2,0,0,2
2021-07-02 22:46:38,3,0,2,5
2021-07-02 22:46:41,0,0,0,0
2021-07-02 22:46:45,46,1,13,60
2021-07-02 22:46:48,4,0,6,10
2021-07-02 22:46:52,9,3,7,19
2021-07-02 22:46:57,0,0,0,0
2021-07-02 22:47:04,6,0,2,8
2021-07-02 22:47:19,12,1,5,18
2021-07-02 22:47:28,0,0,0,0
2021-07-02 22:47:43,1,0,0,1
2021-07-02 22:47:47,1,0,1,2
2021-07-02 22:47:56,0,0,1,1
2021-07-02 22:48:03,2,1,0,3
2021-07-02 22:48:09,2,0,1,3
2021-07-02 22:48:13,1,0,1,2
2021-07-02 22:48:20,1,0,1,2
2021-07-02 22:48:25,0,0,0,0
2021-07-02 22:49:01,0,0,1,1
2021-07-02 22:49:02,13,1,3,17
2021-07-02 22:49:15,1,0,1,2
2021-07-02 22:49:19,0,0,1,1
2021-07-02 22:49:32,1,0,1,2
2021-07-02 22:49:50,0,0,0,0
2021-07-02 22:50:07,0,0,0,0
2021-07-02 22:50:17,1,0,0,1
2021-07-02 22:50:20,0,0,0,0
2021-07-02 22:50:32,18,0,5,23
2021-07-02 22:50:37,0,0,0,0
2021-07-02 22:50:41,1,0,0,1
2021-07-02 22:50:44,0,0,0,0
2021-07-02 22:50:47,1,0,0,1
2021-07-02 22:50:52,4,0,0,4
2021-07-02 22:50:55,0,0,0,0
2021-07-02 22:50:58,1,0,1,2
2021-07-02 22:51:02,1,0,2,3
2021-07-02 22:51:03,7,1,2,10
2021-07-02 22:51:12,6,0,0,6
2021-07-02 22:51:16,3,0,2,5
2021-07-02 22:51:23,0,0,0,0
2021-07-02 22:51:24,2,0,0,2
2021-07-02 22:51:27,0,0,0,0
2021-07-02 22:51:32,5,0,0,5
2021-07-02 22:51:39,1,0,0,1
2021-07-02 22:51:44,0,0,0,0
2021-07-02 22:51:45,1,0,0,1
2021-07-02 22:51:52,4,0,0,4
2021-07-02 22:52:06,5,0,0,5
2021-07-02 22:52:11,6,0,3,9
2021-07-02 22:52:16,2,0,0,2
2021-07-02 22:52:23,70,0,7,77
2021-07-02 22:52:24,0,0,0,0
2021-07-02 22:52:26,0,0,0,0
2021-07-02 22:52:37,0,0,0,0
2021-07-02 22:52:48,11,0,3,14
2021-07-02 22:53:09,6,0,2,8
2021-07-02 22:53:19,10,0,0,10
2021-07-02 22:53:25,6,0,0,6
2021-07-02 22:53:50,2,0,1,3
2021-07-02 22:53:54,16,0,5,21
2021-07-02 22:54:06,2,0,0,2
2021-07-02 22:54:08,2,0,0,2
2021-07-02 22:54:25,5,0,2,7
2021-07-02 22:54:45,0,0,0,0
2021-07-02 22:54:46,0,0,0,0
2021-07-02 22:54:51,1,0,0,1
2021-07-02 22:54:52,0,0,0,0
2021-07-02 22:54:56,0,0,0,0
2021-07-02 22:55:02,0,0,0,0
2021-07-02 22:55:22,0,0,0,0
2021-07-02 22:55:26,1,0,0,1
2021-07-02 22:55:30,0,0,0,0
2021-07-02 22:55:32,0,0,0,0
2021-07-02 22:55:33,1,0,0,1
2021-07-02 22:55:35,0,0,0,0
2021-07-02 22:55:36,0,0,0,0
2021-07-02 22:55:38,1,0,0,1
2021-07-02 22:55:39,1,0,0,1
2021-07-02 22:55:41,1,0,1,2
2021-07-02 22:55:42,0,0,0,0
2021-07-02 22:55:44,0,0,0,0
2021-07-02 22:55:45,0,0,0,0
2021-07-02 22:55:47,0,0,0,0
2021-07-02 22:55:48,0,0,0,0
2021-07-02 22:55:50,5,1,0,6
2021-07-02 22:55:51,0,0,0,0
2021-07-02 22:55:52,0,0,0,0
2021-07-02 22:55:55,1,0,1,2
2021-07-02 22:55:56,0,0,0,0
2021-07-02 22:55:58,1,0,0,1
2021-07-02 22:56:07,3,0,1,4
2021-07-02 22:56:09,6,0,2,8
2021-07-02 22:56:23,1,0,0,1
2021-07-02 22:56:33,2,0,0,2
2021-07-02 22:56:34,1,0,0,1
2021-07-02 22:56:41,1,0,0,1
2021-07-02 22:56:42,1,0,0,1
2021-07-02 22:56:58,0,0,0,0
2021-07-02 22:57:02,2,0,0,2
2021-07-02 22:57:05,6,0,1,7
2021-07-02 22:57:32,4,0,2,6
2021-07-02 22:57:34,34,3,2,39
2021-07-02 22:57:38,9,0,0,9
2021-07-02 22:57:41,2,0,0,2
2021-07-02 22:57:45,2,0,0,2
2021-07-02 22:57:46,1,0,0,1
2021-07-02 22:57:51,7,0,0,7
2021-07-02 22:57:58,2,1,0,3
2021-07-02 22:58:09,0,0,0,0
2021-07-02 22:58:11,2,0,0,2
2021-07-02 22:58:19,11,1,0,12
2021-07-02 22:58:22,2,0,0,2
2021-07-02 22:58:31,110,2,32,144
2021-07-02 22:58:32,128,3,32,163
2021-07-02 22:58:33,0,0,0,0
2021-07-02 22:58:37,5,1,0,6
2021-07-02 22:58:40,4,0,0,4
2021-07-02 22:58:43,10,1,3,14
2021-07-02 22:58:46,5,0,0,5
2021-07-02 22:58:49,0,0,0,0
2021-07-02 22:58:54,5,1,0,6
2021-07-02 22:59:02,17,0,9,26
2021-07-02 22:59:12,3,0,0,3
2021-07-02 22:59:23,0,0,0,0
2021-07-02 22:59:25,0,0,0,0
2021-07-02 22:59:29,2,0,0,2
2021-07-02 22:59:33,2,0,0,2
2021-07-02 22:59:45,3,2,0,5
2021-07-02 22:59:57,5,0,1,6
2021-07-02 23:00:00,291,13,75,379
2021-07-02 23:00:01,3,0,1,4
2021-07-02 23:00:08,2,0,0,2
2021-07-02 23:00:26,2,0,0,2
2021-07-02 23:00:34,0,0,0,0
2021-07-02 23:00:35,48,0,8,56
2021-07-02 23:00:43,3,0,1,4
2021-07-02 23:00:45,0,0,0,0
2021-07-02 23:00:47,1,1,0,2
2021-07-02 23:00:49,2,0,0,2
2021-07-02 23:01:00,0,0,0,0
2021-07-02 23:01:18,2,0,0,2
2021-07-02 23:01:19,8,0,1,9
2021-07-02 23:01:35,1,0,0,1
2021-07-02 23:02:37,440,2,56,498
2021-07-02 23:02:55,1,0,0,1
2021-07-02 23:03:06,0,0,0,0
2021-07-02 23:03:09,4,0,0,4
2021-07-02 23:03:39,0,0,0,0
2021-07-02 23:03:43,2,0,0,2
2021-07-02 23:03:51,10,1,5,16
2021-07-02 23:04:01,0,0,0,0
2021-07-02 23:04:02,1,0,0,1
2021-07-02 23:04:26,12,0,4,16
2021-07-02 23:04:52,0,0,0,0
2021-07-02 23:05:26,0,0,0,0
2021-07-02 23:05:43,1,0,0,1
2021-07-02 23:05:44,2,0,0,2
2021-07-02 23:05:59,2,0,2,4
2021-07-02 23:06:05,0,0,0,0
2021-07-02 23:06:06,0,0,0,0
2021-07-02 23:06:11,6,0,1,7
2021-07-02 23:06:12,7,2,3,12
2021-07-02 23:06:19,4,0,0,4
2021-07-02 23:06:20,1,0,0,1
2021-07-02 23:06:28,0,0,0,0
2021-07-02 23:06:42,0,0,0,0
2021-07-02 23:06:50,10,0,1,11
2021-07-02 23:07:02,110,2,30,142
2021-07-02 23:07:08,1,0,1,2
2021-07-02 23:07:12,14,0,6,20
2021-07-02 23:07:15,0,0,0,0
2021-07-02 23:07:24,0,0,0,0
2021-07-02 23:07:34,4,0,0,4
2021-07-02 23:07:36,24,0,0,24
2021-07-02 23:07:45,3,0,0,3
2021-07-02 23:07:50,1,0,1,2
2021-07-02 23:07:52,0,0,0,0
2021-07-02 23:08:00,1,0,1,2
2021-07-02 23:08:09,2,0,1,3
2021-07-02 23:08:13,14,1,1,16
2021-07-02 23:08:16,0,0,0,0
2021-07-02 23:08:24,0,0,0,0
2021-07-02 23:08:31,1,0,1,2
2021-07-02 23:08:38,0,0,0,0
2021-07-02 23:08:39,0,0,0,0
2021-07-02 23:08:43,27,0,2,29
2021-07-02 23:08:49,0,0,0,0
2021-07-02 23:08:54,1,0,0,1
2021-07-02 23:08:56,0,0,0,0
2021-07-02 23:09:01,0,0,0,0
2021-07-02 23:09:08,1,0,0,1
2021-07-02 23:09:17,1,0,1,2
2021-07-02 23:09:23,2,0,0,2
2021-07-02 23:09:25,0,0,0,0
2021-07-02 23:09:35,5,0,1,6
2021-07-02 23:09:47,0,0,0,0
2021-07-02 23:09:50,1,0,0,1
2021-07-02 23:09:54,0,0,0,0
2021-07-02 23:10:03,1,1,0,2
2021-07-02 23:10:04,6,0,5,11
2021-07-02 23:10:05,0,0,0,0
2021-07-02 23:10:25,0,0,0,0
2021-07-02 23:10:32,2,0,0,2
2021-07-02 23:10:39,0,0,0,0
2021-07-02 23:10:48,0,0,0,0
2021-07-02 23:10:51,28,2,4,34
2021-07-02 23:10:55,0,0,0,0
2021-07-02 23:10:59,0,0,0,0
2021-07-02 23:11:04,0,0,0,0
2021-07-02 23:11:14,2,0,0,2
2021-07-02 23:11:15,1,0,0,1
2021-07-02 23:11:22,1,0,0,1
2021-07-02 23:11:29,0,0,0,0
2021-07-02 23:11:35,0,0,0,0
2021-07-02 23:11:37,0,0,0,0
2021-07-02 23:11:40,0,0,0,0
2021-07-02 23:11:48,1,0,0,1
2021-07-02 23:11:58,0,0,0,0
2021-07-02 23:11:59,1,1,0,2
2021-07-02 23:12:00,2,0,1,3
2021-07-02 23:12:14,0,0,0,0
2021-07-02 23:12:24,2,0,0,2
2021-07-02 23:12:42,2,0,0,2
2021-07-02 23:12:54,5,0,1,6
2021-07-02 23:13:20,5,2,1,8
2021-07-02 23:13:27,3,0,3,6
2021-07-02 23:13:38,2,1,0,3
2021-07-02 23:13:40,4,0,1,5
2021-07-02 23:13:44,0,0,0,0
2021-07-02 23:13:52,1,0,0,1
2021-07-02 23:13:59,3,0,0,3
2021-07-02 23:14:02,2,0,0,2
2021-07-02 23:14:09,3,1,1,5
2021-07-02 23:14:26,3,0,1,4
2021-07-02 23:14:38,0,0,0,0
2021-07-02 23:14:46,9,0,1,10
2021-07-02 23:15:18,2,1,1,4
2021-07-02 23:15:58,7,0,3,10
2021-07-02 23:16:25,1,0,0,1
2021-07-02 23:16:31,0,0,0,0
2021-07-02 23:16:43,7,1,1,9
2021-07-02 23:16:46,0,0,0,0
2021-07-02 23:16:51,6,2,1,9
2021-07-02 23:16:54,7,1,1,9
2021-07-02 23:17:08,2,0,3,5
2021-07-02 23:17:09,0,0,0,0
2021-07-02 23:17:13,201,1,26,228
2021-07-02 23:17:15,1,0,1,2
2021-07-02 23:17:18,0,0,0,0
2021-07-02 23:17:24,0,0,0,0
2021-07-02 23:17:31,0,0,0,0
2021-07-02 23:17:35,0,0,0,0
2021-07-02 23:17:40,6,0,2,8
2021-07-02 23:17:55,1,0,0,1
2021-07-02 23:17:57,31,1,11,43
2021-07-02 23:18:07,1,0,0,1
2021-07-02 23:18:13,2,0,1,3
2021-07-02 23:18:35,3,0,1,4
2021-07-02 23:18:45,8,0,1,9
2021-07-02 23:18:47,0,0,0,0
2021-07-02 23:19:00,0,0,0,0
2021-07-02 23:19:18,3,0,0,3
2021-07-02 23:19:24,0,0,0,0
2021-07-02 23:19:41,2,0,1,3
2021-07-02 23:19:44,0,0,0,0
2021-07-02 23:19:46,2,0,0,2
2021-07-02 23:19:50,1,0,0,1
2021-07-02 23:19:57,1,1,0,2
2021-07-02 23:19:59,0,0,0,0
2021-07-02 23:20:04,0,0,0,0
2021-07-02 23:20:20,0,0,0,0
2021-07-02 23:20:24,2,0,2,4
2021-07-02 23:20:35,0,0,0,0
2021-07-02 23:20:51,24,2,2,28
2021-07-02 23:20:52,0,0,1,1
2021-07-02 23:21:17,8,0,4,12
2021-07-02 23:21:43,0,0,0,0
2021-07-02 23:21:47,7,0,3,10
2021-07-02 23:21:54,1,0,0,1
2021-07-02 23:21:57,469,21,87,577
2021-07-02 23:22:04,14,0,2,16
2021-07-02 23:22:10,0,0,0,0
2021-07-02 23:22:18,0,0,0,0
2021-07-02 23:22:28,3,0,0,3
2021-07-02 23:22:33,1,0,0,1
2021-07-02 23:22:38,1,0,0,1
2021-07-02 23:22:39,3,0,2,5
2021-07-02 23:22:45,4,0,1,5
2021-07-02 23:22:51,6,0,1,7
2021-07-02 23:23:16,14,0,7,21
2021-07-02 23:23:22,2,0,1,3
2021-07-02 23:23:35,1,0,0,1
2021-07-02 23:24:05,4,1,2,7
2021-07-02 23:24:06,2,0,0,2
2021-07-02 23:24:18,4,0,0,4
2021-07-02 23:24:22,40,0,10,50
2021-07-02 23:24:23,11,2,4,17
2021-07-02 23:24:34,22,14,0,36
2021-07-02 23:24:37,1,0,0,1
2021-07-02 23:24:51,3,0,1,4
2021-07-02 23:24:59,2,0,1,3
2021-07-02 23:25:09,11,0,5,16
2021-07-02 23:25:37,3,0,0,3
2021-07-02 23:25:52,2,0,0,2
2021-07-02 23:25:54,7,2,0,9
2021-07-02 23:26:02,3,1,0,4
2021-07-02 23:26:13,2,0,0,2
2021-07-02 23:26:22,1,0,0,1
2021-07-02 23:26:26,0,0,0,0
2021-07-02 23:26:34,0,0,0,0
2021-07-02 23:26:44,0,0,0,0
2021-07-02 23:26:50,0,0,0,0
2021-07-02 23:26:58,0,0,0,0
2021-07-02 23:27:06,0,0,0,0
2021-07-02 23:27:07,0,0,0,0
2021-07-02 23:27:12,8,2,2,12
2021-07-02 23:27:17,3,0,0,3
2021-07-02 23:27:27,1,0,0,1
2021-07-02 23:27:31,1,0,0,1
2021-07-02 23:27:33,2,0,0,2
2021-07-02 23:27:50,1,0,0,1
2021-07-02 23:27:59,15,0,9,24
2021-07-02 23:28:00,1,0,0,1
2021-07-02 23:28:02,2,0,1,3
2021-07-02 23:28:03,2,0,0,2
2021-07-02 23:28:16,1,0,0,1
2021-07-02 23:28:18,8,0,0,8
2021-07-02 23:28:20,11,2,3,16
2021-07-02 23:28:35,35,0,8,43
2021-07-02 23:28:44,2,0,0,2
2021-07-02 23:28:52,1,0,0,1
2021-07-02 23:28:58,2,0,1,3
2021-07-02 23:29:17,1,0,1,2
2021-07-02 23:29:31,12,0,0,12
2021-07-02 23:29:41,2,0,0,2
2021-07-02 23:29:43,2,0,0,2
2021-07-02 23:29:46,1,0,4,5
2021-07-02 23:29:55,0,0,0,0
2021-07-02 23:30:12,7,0,5,12
2021-07-02 23:30:22,1,0,0,1
2021-07-02 23:30:25,2,0,2,4
2021-07-02 23:30:40,7,0,1,8
2021-07-02 23:30:50,5,2,2,9
2021-07-02 23:31:07,0,0,0,0
2021-07-02 23:31:13,10,1,4,15
2021-07-02 23:31:28,0,0,0,0
2021-07-02 23:31:31,3,0,2,5
2021-07-02 23:31:34,0,0,0,0
2021-07-02 23:31:35,5,0,1,6
2021-07-02 23:31:51,0,0,0,0
2021-07-02 23:31:52,0,0,0,0
2021-07-02 23:32:04,2,0,0,2
2021-07-02 23:32:14,14,0,1,15
2021-07-02 23:32:15,14,0,0,14
2021-07-02 23:32:27,1,0,0,1
2021-07-02 23:32:37,0,0,0,0
2021-07-02 23:32:38,6,0,2,8
2021-07-02 23:32:54,1,4,0,5
2021-07-02 23:33:03,3,0,1,4
2021-07-02 23:33:40,14,3,8,25
2021-07-02 23:33:49,2,0,0,2
2021-07-02 23:33:58,1,0,0,1
2021-07-02 23:34:00,0,0,0,0
2021-07-02 23:34:19,2,0,1,3
2021-07-02 23:34:25,0,0,0,0
2021-07-02 23:34:26,1,0,0,1
2021-07-02 23:34:28,1,1,0,2
2021-07-02 23:34:45,6,0,6,12
2021-07-02 23:35:01,3,0,0,3
2021-07-02 23:35:31,2,0,0,2
2021-07-02 23:35:38,0,0,1,1
2021-07-02 23:35:49,0,0,0,0
2021-07-02 23:36:00,13,0,9,22
2021-07-02 23:36:06,5,1,1,7
2021-07-02 23:36:07,1,0,0,1
2021-07-02 23:36:10,1,0,0,1
2021-07-02 23:36:12,17,1,10,28
2021-07-02 23:36:17,16,5,3,24
2021-07-02 23:36:31,73,2,12,87
2021-07-02 23:36:41,9,1,1,11
2021-07-02 23:36:44,3,0,1,4
2021-07-02 23:36:54,1,0,1,2
2021-07-02 23:36:56,1,0,0,1
2021-07-02 23:37:02,1,0,0,1
2021-07-02 23:37:06,5,0,2,7
2021-07-02 23:37:12,1,0,1,2
2021-07-02 23:37:16,4,0,1,5
2021-07-02 23:37:17,2,0,1,3
2021-07-02 23:37:20,4,0,0,4
2021-07-02 23:37:25,3,0,0,3
2021-07-02 23:37:34,1,0,1,2
2021-07-02 23:37:43,2,0,1,3
2021-07-02 23:37:45,0,0,0,0
2021-07-02 23:37:57,15,0,5,20
2021-07-02 23:38:10,4,0,1,5
2021-07-02 23:38:38,8,0,5,13
2021-07-02 23:38:49,2,0,0,2
2021-07-02 23:38:55,538,36,74,648
2021-07-02 23:38:56,4,0,1,5
2021-07-02 23:38:57,1,0,0,1
2021-07-02 23:39:11,1,0,0,1
2021-07-02 23:39:12,1,0,0,1
2021-07-02 23:39:19,1,0,0,1
2021-07-02 23:39:24,26,0,10,36
2021-07-02 23:39:40,15,3,0,18
2021-07-02 23:39:53,2,0,0,2
2021-07-02 23:39:58,2,0,0,2
2021-07-02 23:40:00,6,0,2,8
2021-07-02 23:40:01,1,0,0,1
2021-07-02 23:40:06,2,0,0,2
2021-07-02 23:40:12,6,0,0,6
2021-07-02 23:40:26,2,0,1,3
2021-07-02 23:40:36,1,0,1,2
2021-07-02 23:40:43,3,0,0,3
2021-07-02 23:40:56,1,0,0,1
2021-07-02 23:41:06,0,0,0,0
2021-07-02 23:41:22,0,0,0,0
2021-07-02 23:41:28,0,0,0,0
2021-07-02 23:41:30,0,0,0,0
2021-07-02 23:41:34,2,0,0,2
2021-07-02 23:41:45,1,0,0,1
2021-07-02 23:42:05,0,0,0,0
2021-07-02 23:42:06,3,0,2,5
2021-07-02 23:42:10,1,0,0,1
2021-07-02 23:42:18,0,0,0,0
2021-07-02 23:42:19,3,0,1,4
2021-07-02 23:42:27,0,0,0,0
2021-07-02 23:42:51,2,0,0,2
2021-07-02 23:42:59,0,0,0,0
2021-07-02 23:43:03,4,0,0,4
2021-07-02 23:43:08,1,0,0,1
2021-07-02 23:43:15,14,2,2,18
2021-07-02 23:43:18,0,0,0,0
2021-07-02 23:43:26,0,0,0,0
2021-07-02 23:43:29,2,0,2,4
2021-07-02 23:43:30,0,0,0,0
2021-07-02 23:43:31,0,0,0,0
2021-07-02 23:43:41,0,0,0,0
2021-07-02 23:43:42,4,1,0,5
2021-07-02 23:43:46,2,1,1,4
2021-07-02 23:43:47,3,1,0,4
2021-07-02 23:43:49,21,0,8,29
2021-07-02 23:43:51,0,0,0,0
2021-07-02 23:43:55,6,0,2,8
2021-07-02 23:43:58,15,0,7,22
2021-07-02 23:43:59,8,0,2,10
2021-07-02 23:44:00,0,0,0,0
2021-07-02 23:44:14,0,0,0,0
2021-07-02 23:44:16,13,3,0,16
2021-07-02 23:44:20,0,0,0,0
2021-07-02 23:44:23,0,0,0,0
2021-07-02 23:44:30,7,0,3,10
2021-07-02 23:44:32,0,0,0,0
2021-07-02 23:44:43,1,0,1,2
2021-07-02 23:44:52,4,0,1,5
2021-07-02 23:44:58,0,0,0,0
2021-07-02 23:45:01,0,0,0,0
2021-07-02 23:45:34,0,0,0,0
2021-07-02 23:45:37,0,0,0,0
2021-07-02 23:45:42,0,0,0,0
2021-07-02 23:45:45,0,0,0,0
2021-07-02 23:45:48,2,0,2,4
2021-07-02 23:45:51,0,0,0,0
2021-07-02 23:45:56,0,0,0,0
2021-07-02 23:45:57,0,0,0,0
2021-07-02 23:45:59,0,0,0,0
2021-07-02 23:46:02,31,1,14,46
2021-07-02 23:46:14,8,0,1,9
2021-07-02 23:46:22,0,0,0,0
2021-07-02 23:46:24,1,0,0,1
2021-07-02 23:46:25,2,0,1,3
2021-07-02 23:46:33,2,0,0,2
2021-07-02 23:46:36,1,0,0,1
2021-07-02 23:46:44,1,0,0,1
2021-07-02 23:47:04,4,1,1,6
2021-07-02 23:47:09,11,0,4,15
2021-07-02 23:47:15,3,0,1,4
2021-07-02 23:47:17,16,2,4,22
2021-07-02 23:47:25,4,0,1,5
2021-07-02 23:47:34,4,0,1,5
2021-07-02 23:47:52,1,0,0,1
2021-07-02 23:47:56,2,0,1,3
2021-07-02 23:47:57,2,0,0,2
2021-07-02 23:48:02,1,0,1,2
2021-07-02 23:48:07,4,0,1,5
2021-07-02 23:48:23,4,0,3,7
2021-07-02 23:48:32,1,0,1,2
2021-07-02 23:48:33,61,0,18,79
2021-07-02 23:48:40,7,2,1,10
2021-07-02 23:48:42,15,1,2,18
2021-07-02 23:48:44,0,0,0,0
2021-07-02 23:48:51,1,0,0,1
2021-07-02 23:49:04,2,0,0,2
2021-07-02 23:50:08,6,0,4,10
2021-07-02 23:50:11,2,2,1,5
2021-07-02 23:50:21,29,0,14,43
2021-07-02 23:50:24,4,0,0,4
2021-07-02 23:50:47,1,0,1,2
2021-07-02 23:50:54,1,0,0,1
2021-07-02 23:51:14,2,0,1,3
2021-07-02 23:51:18,0,0,0,0
2021-07-02 23:51:20,0,0,0,0
2021-07-02 23:51:29,4,0,1,5
2021-07-02 23:51:33,3,0,1,4
2021-07-02 23:51:44,0,0,0,0
2021-07-02 23:51:47,0,0,0,0
2021-07-02 23:51:55,0,0,0,0
2021-07-02 23:51:59,0,0,0,0
2021-07-02 23:52:03,0,0,0,0
2021-07-02 23:52:15,0,0,0,0
2021-07-02 23:52:18,0,0,0,0
2021-07-02 23:52:46,1,0,0,1
2021-07-02 23:53:14,43,1,6,50
2021-07-02 23:53:15,2,1,0,3
2021-07-02 23:53:29,4,2,6,12
2021-07-02 23:53:46,8,1,3,12
2021-07-02 23:53:54,0,0,0,0
2021-07-02 23:54:24,0,0,0,0
2021-07-02 23:54:36,0,0,0,0
2021-07-02 23:55:08,0,0,0,0
2021-07-02 23:55:22,0,0,0,0
2021-07-02 23:55:30,0,0,0,0
2021-07-02 23:55:31,34,2,20,56
2021-07-02 23:55:32,0,0,0,0
2021-07-02 23:55:34,8,0,4,12
2021-07-02 23:55:35,0,0,0,0
2021-07-02 23:55:37,0,0,0,0
2021-07-02 23:55:39,0,0,0,0
2021-07-02 23:55:42,0,0,0,0
2021-07-02 23:55:44,0,0,0,0
2021-07-02 23:55:45,0,0,0,0
2021-07-02 23:55:46,1,0,0,1
2021-07-02 23:55:48,0,0,0,0
2021-07-02 23:55:53,0,0,0,0
2021-07-02 23:55:54,1,0,0,1
2021-07-02 23:55:58,0,0,0,0
2021-07-02 23:56:01,0,0,0,0
2021-07-02 23:56:02,0,0,0,0
2021-07-02 23:56:05,0,0,0,0
2021-07-02 23:56:09,0,0,0,0
2021-07-02 23:56:14,0,0,0,0
2021-07-02 23:56:17,0,0,0,0
2021-07-02 23:56:19,0,0,0,0
2021-07-02 23:56:20,1,0,0,1
2021-07-02 23:56:25,1,0,0,1
2021-07-02 23:56:41,0,0,0,0
2021-07-02 23:56:46,1,0,0,1
2021-07-02 23:56:48,1,0,0,1
2021-07-02 23:57:07,1,0,0,1
2021-07-02 23:57:16,7,0,5,12
2021-07-02 23:57:34,3,0,0,3
2021-07-02 23:57:54,1,0,0,1
2021-07-02 23:58:37,2,0,0,2
2021-07-02 23:58:56,2,0,0,2
2021-07-02 23:59:08,0,0,0,0
2021-07-02 23:59:18,1,0,0,1
2021-07-02 23:59:20,2,0,0,2
2021-07-02 23:59:27,0,0,0,0
2021-07-02 23:59:44,2,0,1,3
2021-07-02 23:59:50,2,0,0,2
2021-07-02 23:59:52,1,0,1,2
2021-07-03 00:00:00,4,0,2,6
2021-07-03 00:00:01,4,0,1,5
2021-07-03 00:00:03,3,0,0,3
2021-07-03 00:00:08,149,13,59,221
2021-07-03 00:00:14,14,1,9,24
2021-07-03 00:00:16,1,0,0,1
2021-07-03 00:00:18,1,0,0,1
2021-07-03 00:00:32,1,0,0,1
2021-07-03 00:00:47,1,0,0,1
2021-07-03 00:00:58,1,0,0,1
2021-07-03 00:01:05,4,0,1,5
2021-07-03 00:01:27,1,0,0,1
2021-07-03 00:01:46,2,0,0,2
2021-07-03 00:01:56,0,0,0,0
2021-07-03 00:02:06,20,2,4,26
2021-07-03 00:02:28,1,0,1,2
2021-07-03 00:02:56,0,0,0,0
2021-07-03 00:03:04,1,0,0,1
2021-07-03 00:03:18,1,0,0,1
2021-07-03 00:03:20,1,0,0,1
2021-07-03 00:03:22,38,2,15,55
2021-07-03 00:03:26,1,0,1,2
2021-07-03 00:03:51,2,0,0,2
2021-07-03 00:04:00,2,0,0,2
2021-07-03 00:04:10,2,0,0,2
2021-07-03 00:04:11,8,0,1,9
2021-07-03 00:04:34,1,0,0,1
2021-07-03 00:04:41,5,0,2,7
2021-07-03 00:04:47,0,0,0,0
2021-07-03 00:05:15,4,0,0,4
2021-07-03 00:05:26,5,0,2,7
2021-07-03 00:05:32,7,0,1,8
2021-07-03 00:05:40,9,2,1,12
2021-07-03 00:05:49,0,0,0,0
2021-07-03 00:05:56,2,1,1,4
2021-07-03 00:06:06,2,1,0,3
2021-07-03 00:06:36,15,0,11,26
2021-07-03 00:06:39,2,0,1,3
2021-07-03 00:06:50,0,0,0,0
2021-07-03 00:07:00,3,1,1,5
2021-07-03 00:07:10,2,0,0,2
2021-07-03 00:07:15,1,0,0,1
2021-07-03 00:07:31,2,0,1,3
2021-07-03 00:07:38,14,2,2,18
2021-07-03 00:08:16,2,2,0,4
2021-07-03 00:08:26,2,0,0,2
2021-07-03 00:08:38,2,0,2,4
2021-07-03 00:08:55,1,0,0,1
2021-07-03 00:09:00,8,0,4,12
2021-07-03 00:09:21,0,0,0,0
2021-07-03 00:09:24,0,0,0,0
2021-07-03 00:09:38,0,0,0,0
2021-07-03 00:09:43,3,0,0,3
2021-07-03 00:09:51,0,0,0,0
2021-07-03 00:09:52,3,0,1,4
2021-07-03 00:10:00,0,0,0,0
2021-07-03 00:10:01,0,0,0,0
2021-07-03 00:10:29,1,0,1,2
2021-07-03 00:10:31,0,0,0,0
2021-07-03 00:10:44,2,0,0,2
2021-07-03 00:10:50,5,0,1,6
2021-07-03 00:11:08,0,1,0,1
2021-07-03 00:11:09,1,0,0,1
2021-07-03 00:11:15,0,0,0,0
2021-07-03 00:11:31,17,0,5,22
2021-07-03 00:11:32,0,0,0,0
2021-07-03 00:11:34,1,0,0,1
2021-07-03 00:12:17,0,0,0,0
2021-07-03 00:12:39,0,0,0,0
2021-07-03 00:12:42,1,0,1,2
2021-07-03 00:12:54,0,0,0,0
2021-07-03 00:13:03,3,0,0,3
2021-07-03 00:13:05,20,2,6,28
2021-07-03 00:13:11,0,0,0,0
2021-07-03 00:13:16,1,0,1,2
2021-07-03 00:13:18,2,0,1,3
2021-07-03 00:13:42,1,0,1,2
2021-07-03 00:13:46,2,0,1,3
2021-07-03 00:14:04,294,2,114,410
2021-07-03 00:14:32,2,0,0,2
2021-07-03 00:14:33,3,1,3,7
2021-07-03 00:14:37,4,0,1,5
2021-07-03 00:14:40,2,0,1,3
2021-07-03 00:14:46,2,0,1,3
2021-07-03 00:14:50,14,2,4,20
2021-07-03 00:14:52,6,0,3,9
2021-07-03 00:14:54,3,1,1,5
2021-07-03 00:15:11,26,1,12,39
2021-07-03 00:15:14,3,0,0,3
2021-07-03 00:15:47,2,0,0,2
2021-07-03 00:16:10,8,0,3,11
2021-07-03 00:16:19,1,0,1,2
2021-07-03 00:16:35,3,0,0,3
2021-07-03 00:16:46,10,0,6,16
2021-07-03 00:16:50,19,0,10,29
2021-07-03 00:16:53,2,0,2,4
2021-07-03 00:17:16,14,0,8,22
2021-07-03 00:17:31,1,0,0,1
2021-07-03 00:17:32,2,0,0,2
2021-07-03 00:17:42,1,0,0,1
2021-07-03 00:17:50,1,0,0,1
2021-07-03 00:17:56,2,0,0,2
2021-07-03 00:18:03,0,1,0,1
2021-07-03 00:18:05,2,0,0,2
2021-07-03 00:18:08,0,0,0,0
2021-07-03 00:18:24,1,0,0,1
2021-07-03 00:18:45,1,0,0,1
2021-07-03 00:18:47,0,0,0,0
2021-07-03 00:19:02,1,0,1,2
2021-07-03 00:19:17,2,1,0,3
2021-07-03 00:19:20,0,0,0,0
2021-07-03 00:19:25,0,0,0,0
2021-07-03 00:19:32,0,0,0,0
2021-07-03 00:19:47,1,1,1,3
2021-07-03 00:20:35,2,0,0,2
2021-07-03 00:20:42,21,1,4,26
2021-07-03 00:20:46,1,0,0,1
2021-07-03 00:21:05,0,0,0,0
2021-07-03 00:21:28,0,0,0,0
2021-07-03 00:21:34,0,0,0,0
2021-07-03 00:21:37,0,0,0,0
2021-07-03 00:21:50,0,0,0,0
2021-07-03 00:21:53,0,0,0,0
2021-07-03 00:22:00,2,0,0,2
2021-07-03 00:22:14,0,0,0,0
2021-07-03 00:22:24,1,0,0,1
2021-07-03 00:22:33,4,0,2,6
2021-07-03 00:22:51,0,0,0,0
2021-07-03 00:23:01,2,0,0,2
2021-07-03 00:23:03,0,0,0,0
2021-07-03 00:23:10,25,0,4,29
2021-07-03 00:23:14,0,0,0,0
2021-07-03 00:23:18,4,0,0,4
2021-07-03 00:23:19,0,0,0,0
2021-07-03 00:24:21,1,0,0,1
2021-07-03 00:24:33,0,0,0,0
2021-07-03 00:24:43,2,0,0,2
2021-07-03 00:25:12,2,0,0,2
2021-07-03 00:25:31,1,0,0,1
2021-07-03 00:25:32,0,0,0,0
2021-07-03 00:25:51,0,0,0,0
2021-07-03 00:25:54,0,0,0,0
2021-07-03 00:25:56,0,0,0,0
2021-07-03 00:25:58,0,0,0,0
2021-07-03 00:26:03,1,1,0,2
2021-07-03 00:26:04,0,0,0,0
2021-07-03 00:26:06,0,0,0,0
2021-07-03 00:26:07,0,0,0,0
2021-07-03 00:26:11,0,0,0,0
2021-07-03 00:26:14,0,0,0,0
2021-07-03 00:26:16,3,0,0,3
2021-07-03 00:26:17,1,0,1,2
2021-07-03 00:26:20,0,0,0,0
2021-07-03 00:26:26,18,0,2,20
2021-07-03 00:26:34,8,0,0,8
2021-07-03 00:28:01,57,3,0,60
2021-07-03 00:28:09,0,2,0,2
2021-07-03 00:28:16,4,0,1,5
2021-07-03 00:28:38,1,0,0,1
2021-07-03 00:28:45,20,2,5,27
2021-07-03 00:28:49,0,0,0,0
2021-07-03 00:29:44,0,0,0,0
2021-07-03 00:30:22,1,0,0,1
2021-07-03 00:30:24,0,0,0,0
2021-07-03 00:30:25,2,0,0,2
2021-07-03 00:30:26,1,0,1,2
2021-07-03 00:31:01,5,0,1,6
2021-07-03 00:31:03,2,0,1,3
2021-07-03 00:31:11,0,0,0,0
2021-07-03 00:31:21,507,15,141,663
2021-07-03 00:31:24,0,0,0,0
2021-07-03 00:31:43,2,0,0,2
2021-07-03 00:32:09,60,1,5,66
2021-07-03 00:32:10,2,0,0,2
2021-07-03 00:32:11,4,0,0,4
2021-07-03 00:32:12,2,1,0,3
2021-07-03 00:33:10,1,0,0,1
2021-07-03 00:33:14,0,0,0,0
2021-07-03 00:33:23,273,7,36,316
2021-07-03 00:33:42,1,0,0,1
2021-07-03 00:33:48,26,0,6,32
2021-07-03 00:34:09,0,1,0,1
2021-07-03 00:34:40,1,0,0,1
2021-07-03 00:35:04,0,0,0,0
2021-07-03 00:35:08,0,1,0,1
2021-07-03 00:35:18,0,0,0,0
2021-07-03 00:35:40,30,2,4,36
2021-07-03 00:35:48,1,0,0,1
2021-07-03 00:35:50,6,0,3,9
2021-07-03 00:35:57,2,0,0,2
2021-07-03 00:36:05,1,0,0,1
2021-07-03 00:36:15,41,0,6,47
2021-07-03 00:36:46,1,0,0,1
2021-07-03 00:36:47,0,0,0,0
2021-07-03 00:36:57,0,0,0,0
2021-07-03 00:37:04,1,1,0,2
2021-07-03 00:37:40,1,0,0,1
2021-07-03 00:37:42,1,0,1,2
2021-07-03 00:37:59,0,0,0,0
2021-07-03 00:38:05,1,0,0,1
2021-07-03 00:38:11,2,0,0,2
2021-07-03 00:38:17,5,0,0,5
2021-07-03 00:38:40,4,0,0,4
2021-07-03 00:38:55,130,6,54,190
2021-07-03 00:39:14,2,0,0,2
2021-07-03 00:39:25,12,2,1,15
2021-07-03 00:39:32,56,3,32,91
2021-07-03 00:39:42,0,0,0,0
2021-07-03 00:40:01,1,0,0,1
2021-07-03 00:40:38,0,0,0,0
2021-07-03 00:41:38,3,0,1,4
2021-07-03 00:41:51,0,0,0,0
2021-07-03 00:42:00,1,0,0,1
2021-07-03 00:42:05,3,0,0,3
2021-07-03 00:42:35,0,0,0,0
2021-07-03 00:42:50,2,0,0,2
2021-07-03 00:43:07,6,0,0,6
2021-07-03 00:43:24,1,0,0,1
2021-07-03 00:43:32,5,0,0,5
2021-07-03 00:43:56,1,0,0,1
2021-07-03 00:44:27,3,0,2,5
2021-07-03 00:44:30,5,0,0,5
2021-07-03 00:45:03,2,0,0,2
2021-07-03 00:45:16,10,0,0,10
2021-07-03 00:46:38,20,0,4,24
2021-07-03 00:46:42,0,0,0,0
2021-07-03 00:47:06,2,0,0,2
2021-07-03 00:47:09,1,0,0,1
2021-07-03 00:47:16,0,0,0,0
2021-07-03 00:48:02,1,0,0,1
2021-07-03 00:48:35,0,0,0,0
2021-07-03 00:48:40,1,0,0,1
2021-07-03 00:48:42,1,0,0,1
2021-07-03 00:49:05,2,0,0,2
2021-07-03 00:49:39,4,0,0,4
2021-07-03 00:49:44,1,0,1,2
2021-07-03 00:50:01,2,0,0,2
2021-07-03 00:50:55,2,0,1,3
2021-07-03 00:50:56,17,0,7,24
2021-07-03 00:51:36,0,0,0,0
2021-07-03 00:52:00,5,0,0,5
2021-07-03 00:52:05,1,1,0,2
2021-07-03 00:52:19,0,0,0,0
2021-07-03 00:52:24,6,0,2,8
2021-07-03 00:53:06,465,14,75,554
2021-07-03 00:53:39,1,0,0,1
2021-07-03 00:54:30,8,0,0,8
2021-07-03 00:54:37,5,1,1,7
2021-07-03 00:54:47,1,0,0,1
2021-07-03 00:55:57,2,0,0,2
2021-07-03 00:56:01,1,0,0,1
2021-07-03 00:56:02,0,0,0,0
2021-07-03 00:56:05,0,0,0,0
2021-07-03 00:56:08,0,0,0,0
2021-07-03 00:56:11,0,0,0,0
2021-07-03 00:56:15,0,0,0,0
2021-07-03 00:56:18,1,0,0,1
2021-07-03 00:56:21,0,0,0,0
2021-07-03 00:56:24,0,0,0,0
2021-07-03 00:56:27,0,0,0,0
2021-07-03 00:56:31,0,0,0,0
2021-07-03 00:56:34,1,0,0,1
2021-07-03 00:56:36,236,12,104,352
2021-07-03 00:56:37,1,0,0,1
2021-07-03 00:57:00,4,2,2,8
2021-07-03 00:57:26,2,0,0,2
2021-07-03 00:57:49,2,0,0,2
2021-07-03 00:57:50,2,0,0,2
2021-07-03 00:58:44,2,0,0,2
2021-07-03 00:58:48,14,0,1,15
2021-07-03 00:59:03,6,0,1,7
2021-07-03 00:59:35,6,0,2,8
2021-07-03 01:00:04,7,0,2,9
2021-07-03 01:00:26,1,0,0,1
2021-07-03 01:00:33,4,0,2,6
2021-07-03 01:00:55,2,1,1,4
2021-07-03 01:02:02,2,0,0,2
2021-07-03 01:02:30,1,0,0,1
2021-07-03 01:02:35,1,0,0,1
2021-07-03 01:03:14,16,3,6,25
2021-07-03 01:03:20,1,0,1,2
2021-07-03 01:04:09,2,0,0,2
2021-07-03 01:04:23,2,0,0,2
2021-07-03 01:04:28,2,0,0,2
2021-07-03 01:05:08,46,0,21,67
2021-07-03 01:07:20,1,0,1,2
2021-07-03 01:07:46,2,0,0,2
2021-07-03 01:07:59,36,4,13,53
2021-07-03 01:08:46,1,0,0,1
2021-07-03 01:08:51,17,0,10,27
2021-07-03 01:08:52,1,0,0,1
2021-07-03 01:09:13,11,0,2,13
2021-07-03 01:09:22,0,0,0,0
2021-07-03 01:09:50,10,0,1,11
2021-07-03 01:10:33,0,0,0,0
2021-07-03 01:10:41,4,0,1,5
2021-07-03 01:11:06,11,0,2,13
2021-07-03 01:11:44,7,1,2,10
2021-07-03 01:12:34,0,0,0,0
2021-07-03 01:12:50,110,6,4,120
2021-07-03 01:12:52,4,0,2,6
2021-07-03 01:12:57,0,0,0,0
2021-07-03 01:13:13,2,0,0,2
2021-07-03 01:13:27,14,0,5,19
2021-07-03 01:13:34,4,0,0,4
2021-07-03 01:13:40,2,0,2,4
2021-07-03 01:13:42,7,0,0,7
2021-07-03 01:14:34,1,0,1,2
2021-07-03 01:14:38,13,0,2,15
2021-07-03 01:16:11,12,0,5,17
2021-07-03 01:16:25,0,0,0,0
2021-07-03 01:17:28,0,0,0,0
2021-07-03 01:17:29,1,0,0,1
2021-07-03 01:18:07,4,1,0,5
2021-07-03 01:19:00,0,0,0,0
2021-07-03 01:19:03,1,0,0,1
2021-07-03 01:19:19,0,0,0,0
2021-07-03 01:19:23,0,0,0,0
2021-07-03 01:19:53,0,0,0,0
2021-07-03 01:20:24,0,0,0,0
2021-07-03 01:20:26,2,0,0,2
2021-07-03 01:20:32,2,0,0,2
2021-07-03 01:20:56,1,0,0,1
2021-07-03 01:21:29,0,0,0,0
2021-07-03 01:22:07,0,0,0,0
2021-07-03 01:22:41,0,0,0,0
2021-07-03 01:23:01,0,0,0,0
2021-07-03 01:23:17,1,0,2,3
2021-07-03 01:24:01,1,0,0,1
2021-07-03 01:24:05,1,0,4,5
2021-07-03 01:24:33,6,1,3,10
2021-07-03 01:24:35,1,0,2,3
2021-07-03 01:25:53,1,0,0,1
2021-07-03 01:26:04,0,0,0,0
2021-07-03 01:26:08,0,0,0,0
2021-07-03 01:26:16,0,0,0,0
2021-07-03 01:26:23,2,0,0,2
2021-07-03 01:26:30,4,0,2,6
2021-07-03 01:26:39,4,0,0,4
2021-07-03 01:26:47,1,0,0,1
2021-07-03 01:26:51,6,0,1,7
2021-07-03 01:27:08,3,0,0,3
2021-07-03 01:27:20,2,0,2,4
2021-07-03 01:27:23,1,0,0,1
2021-07-03 01:27:54,3,0,3,6
2021-07-03 01:28:12,3,0,0,3
2021-07-03 01:28:23,1,0,0,1
2021-07-03 01:28:38,1,0,0,1
2021-07-03 01:29:00,22,1,10,33
2021-07-03 01:29:03,1,0,0,1
2021-07-03 01:29:15,24,3,9,36
2021-07-03 01:29:30,1,0,0,1
2021-07-03 01:29:51,3,0,0,3
2021-07-03 01:30:36,0,0,0,0
2021-07-03 01:31:05,2,0,1,3
2021-07-03 01:31:26,2,0,1,3
2021-07-03 01:31:48,4,0,1,5
2021-07-03 01:32:50,0,0,0,0
2021-07-03 01:32:55,2,0,1,3
2021-07-03 01:33:28,2,1,0,3
2021-07-03 01:33:49,1,0,0,1
2021-07-03 01:34:03,1,0,0,1
2021-07-03 01:35:58,6,0,3,9
2021-07-03 01:36:04,1,0,0,1
2021-07-03 01:36:07,0,0,0,0
2021-07-03 01:36:11,0,0,0,0
2021-07-03 01:36:14,0,0,0,0
2021-07-03 01:36:19,0,0,0,0
2021-07-03 01:37:03,0,0,0,0
2021-07-03 01:37:35,1,0,0,1
2021-07-03 01:38:10,41,1,1,43
2021-07-03 01:38:28,4,0,0,4
2021-07-03 01:39:04,2,0,0,2
2021-07-03 01:39:05,6,0,2,8
2021-07-03 01:39:09,2,0,0,2
2021-07-03 01:39:31,0,0,0,0
2021-07-03 01:39:52,24,4,2,30
2021-07-03 01:40:05,12,1,1,14
2021-07-03 01:40:07,2,0,0,2
2021-07-03 01:40:49,31,0,4,35
2021-07-03 01:40:59,0,0,0,0
2021-07-03 01:41:41,0,0,0,0
2021-07-03 01:41:53,1,0,0,1
2021-07-03 01:41:58,0,0,0,0
2021-07-03 01:42:01,0,0,0,0
2021-07-03 01:42:09,1,1,0,2
2021-07-03 01:43:14,10,0,5,15
2021-07-03 01:43:45,1,0,0,1
2021-07-03 01:44:25,0,0,0,0
2021-07-03 01:44:27,26,0,1,27
2021-07-03 01:44:38,2,0,0,2
2021-07-03 01:45:10,6,0,5,11
2021-07-03 01:45:16,2,0,0,2
2021-07-03 01:46:36,7,0,8,15
2021-07-03 01:47:10,2,0,0,2
2021-07-03 01:47:27,1,0,0,1
2021-07-03 01:47:48,3,0,1,4
2021-07-03 01:48:05,5,0,1,6
2021-07-03 01:48:21,1,0,0,1
2021-07-03 01:48:28,2,0,0,2
2021-07-03 01:49:26,1,0,0,1
2021-07-03 01:49:32,11,0,3,14
2021-07-03 01:50:42,1,0,0,1
2021-07-03 01:51:02,3,0,1,4
2021-07-03 01:51:37,11,0,7,18
2021-07-03 01:52:08,3,0,0,3
2021-07-03 01:52:50,6,0,1,7
2021-07-03 01:53:13,1,0,0,1
2021-07-03 01:54:26,0,0,0,0
2021-07-03 01:55:12,5,0,1,6
2021-07-03 01:55:54,1,0,1,2
2021-07-03 01:55:57,4,0,0,4
2021-07-03 01:56:06,1,0,0,1
2021-07-03 01:56:32,0,0,0,0
2021-07-03 01:56:43,0,0,0,0
2021-07-03 01:58:26,1,0,0,1
2021-07-03 01:58:34,1,0,0,1
2021-07-03 01:58:48,1,0,0,1
2021-07-03 01:58:52,3,0,1,4
2021-07-03 01:59:16,1,0,0,1
2021-07-03 02:00:05,2,0,1,3
2021-07-03 02:01:03,0,0,0,0
2021-07-03 02:01:06,6,1,1,8
2021-07-03 02:01:24,2,0,0,2
2021-07-03 02:01:32,1,0,0,1
2021-07-03 02:01:54,1,0,0,1
2021-07-03 02:02:41,1,0,0,1
2021-07-03 02:03:12,1212,15,156,1383
2021-07-03 02:04:40,10,1,1,12
2021-07-03 02:04:51,0,0,0,0
2021-07-03 02:05:06,2,0,0,2
2021-07-03 02:06:46,1,0,0,1
2021-07-03 02:07:49,4,0,0,4
2021-07-03 02:08:03,14,0,8,22
2021-07-03 02:08:21,7,0,2,9
2021-07-03 02:10:00,24,0,12,36
2021-07-03 02:11:30,0,0,0,0
2021-07-03 02:11:56,0,3,0,3
2021-07-03 02:12:35,2,0,0,2
2021-07-03 02:13:20,1,0,0,1
2021-07-03 02:13:24,0,1,0,1
2021-07-03 02:14:07,14,0,4,18
2021-07-03 02:14:34,2,0,0,2
2021-07-03 02:14:52,0,0,0,0
2021-07-03 02:14:54,0,1,0,1
2021-07-03 02:17:17,2,2,0,4
2021-07-03 02:17:34,1,0,0,1
2021-07-03 02:17:45,4,0,4,8
2021-07-03 02:18:31,8,0,1,9
2021-07-03 02:18:42,11,1,1,13
2021-07-03 02:19:42,2,0,2,4
2021-07-03 02:19:58,1,0,0,1
2021-07-03 02:19:59,5,0,2,7
2021-07-03 02:20:13,1,0,0,1
2021-07-03 02:20:34,1204,24,220,1448
2021-07-03 02:20:42,1,0,0,1
2021-07-03 02:20:43,3,0,1,4
2021-07-03 02:20:46,4,1,1,6
2021-07-03 02:21:01,0,0,0,0
2021-07-03 02:23:31,4,0,0,4
2021-07-03 02:24:00,6,0,2,8
2021-07-03 02:24:26,1,0,0,1
2021-07-03 02:25:00,2,0,1,3
2021-07-03 02:25:03,6,0,0,6
2021-07-03 02:25:32,1,0,0,1
2021-07-03 02:25:42,0,0,0,0
2021-07-03 02:26:22,1,0,0,1
2021-07-03 02:26:30,1,0,0,1
2021-07-03 02:26:44,1,0,0,1
2021-07-03 02:26:50,1,0,1,2
2021-07-03 02:27:17,1,0,0,1
2021-07-03 02:27:27,2,0,0,2
2021-07-03 02:29:02,0,0,0,0
2021-07-03 02:29:06,2,0,0,2
2021-07-03 02:29:15,3,0,1,4
2021-07-03 02:29:17,4,0,1,5
2021-07-03 02:29:21,0,0,0,0
2021-07-03 02:29:40,0,0,0,0
2021-07-03 02:29:56,3,0,0,3
2021-07-03 02:30:00,5,0,2,7
2021-07-03 02:30:01,0,0,0,0
2021-07-03 02:30:44,0,0,0,0
2021-07-03 02:30:46,78,12,18,108
2021-07-03 02:31:02,2,0,0,2
2021-07-03 02:31:33,1,0,0,1
2021-07-03 02:31:43,4,0,2,6
2021-07-03 02:32:14,8,0,0,8
2021-07-03 02:32:22,1,0,1,2
2021-07-03 02:33:04,1,0,0,1
2021-07-03 02:33:41,1,0,0,1
2021-07-03 02:33:50,0,0,0,0
2021-07-03 02:34:53,2,0,0,2
2021-07-03 02:35:09,1,0,0,1
2021-07-03 02:35:13,5,0,1,6
2021-07-03 02:35:41,742,37,161,940
2021-07-03 02:36:10,5,0,0,5
2021-07-03 02:36:28,2,0,1,3
2021-07-03 02:36:30,10,1,2,13
2021-07-03 02:36:31,3,0,0,3
2021-07-03 02:36:35,2,0,0,2
2021-07-03 02:36:40,0,0,0,0
2021-07-03 02:36:52,0,1,0,1
2021-07-03 02:37:42,1,0,0,1
2021-07-03 02:37:46,3,0,0,3
2021-07-03 02:37:52,0,0,0,0
2021-07-03 02:38:12,13,0,5,18
2021-07-03 02:40:01,8,1,2,11
2021-07-03 02:41:01,12,0,5,17
2021-07-03 02:41:09,1,0,0,1
2021-07-03 02:41:19,1,0,1,2
2021-07-03 02:43:06,0,0,0,0
2021-07-03 02:43:50,3,0,1,4
2021-07-03 02:44:38,0,0,0,0
2021-07-03 02:44:59,1,0,0,1
2021-07-03 02:45:15,1,0,2,3
2021-07-03 02:45:41,6,0,3,9
2021-07-03 02:46:11,0,0,1,1
2021-07-03 02:46:42,0,0,0,0
2021-07-03 02:46:44,0,0,1,1
2021-07-03 02:46:53,1,0,0,1
2021-07-03 02:49:10,7,1,1,9
2021-07-03 02:49:18,0,0,0,0
2021-07-03 02:50:18,0,0,0,0
2021-07-03 02:51:59,0,0,0,0
2021-07-03 02:52:05,6,1,3,10
2021-07-03 02:53:06,0,0,0,0
2021-07-03 02:53:54,2,1,0,3
2021-07-03 02:54:09,0,0,0,0
2021-07-03 02:54:14,1,0,1,2
2021-07-03 02:54:40,0,0,0,0
2021-07-03 02:55:03,1,0,0,1
2021-07-03 02:56:23,0,0,0,0
2021-07-03 02:56:27,1,0,0,1
2021-07-03 02:56:49,0,0,0,0
2021-07-03 02:56:55,20,2,12,34
2021-07-03 02:57:12,1,0,0,1
2021-07-03 02:58:02,3,0,0,3
2021-07-03 02:58:58,3,1,0,4
2021-07-03 03:00:15,0,0,0,0
2021-07-03 03:02:27,0,0,0,0
2021-07-03 03:02:39,0,0,0,0
2021-07-03 03:03:14,8,1,3,12
2021-07-03 03:04:16,0,0,0,0
2021-07-03 03:05:19,1,0,0,1
2021-07-03 03:05:50,0,0,0,0
2021-07-03 03:06:28,1,0,0,1
2021-07-03 03:06:34,1,0,1,2
2021-07-03 03:07:22,0,0,0,0
2021-07-03 03:07:40,1,0,1,2
2021-07-03 03:07:48,1,0,1,2
2021-07-03 03:08:12,0,0,0,0
2021-07-03 03:08:33,1,0,1,2
2021-07-03 03:08:38,1,0,0,1
2021-07-03 03:09:16,0,0,0,0
2021-07-03 03:09:23,1,0,1,2
2021-07-03 03:10:25,0,0,0,0
2021-07-03 03:14:46,2,0,0,2
2021-07-03 03:16:40,1,0,0,1
2021-07-03 03:16:45,0,0,0,0
2021-07-03 03:16:52,0,0,0,0
2021-07-03 03:16:55,0,0,0,0
2021-07-03 03:16:58,0,0,0,0
2021-07-03 03:17:02,0,0,0,0
2021-07-03 03:17:05,0,0,0,0
2021-07-03 03:17:08,0,0,0,0
2021-07-03 03:17:12,0,0,0,0
2021-07-03 03:17:15,0,0,0,0
2021-07-03 03:17:19,14,0,7,21
2021-07-03 03:18:08,1,1,0,2
2021-07-03 03:20:03,3,0,0,3
2021-07-03 03:20:32,0,0,0,0
2021-07-03 03:21:22,0,0,0,0
2021-07-03 03:21:34,4,0,1,5
2021-07-03 03:22:09,3,0,0,3
2021-07-03 03:22:47,1,0,0,1
2021-07-03 03:23:34,0,0,0,0
2021-07-03 03:23:57,0,0,0,0
2021-07-03 03:24:28,1,0,0,1
2021-07-03 03:25:10,1,0,0,1
2021-07-03 03:25:49,3,0,0,3
2021-07-03 03:26:15,0,0,0,0
2021-07-03 03:26:22,0,0,0,0
2021-07-03 03:26:41,0,0,0,0
2021-07-03 03:26:44,1,0,0,1
2021-07-03 03:27:00,1,0,0,1
2021-07-03 03:28:25,1,0,0,1
2021-07-03 03:28:34,0,0,0,0
2021-07-03 03:28:55,2,0,1,3
2021-07-03 03:29:36,46,3,22,71
2021-07-03 03:29:42,0,0,0,0
2021-07-03 03:30:45,71,0,28,99
2021-07-03 03:30:51,3,0,0,3
2021-07-03 03:31:51,1,0,1,2
2021-07-03 03:32:28,0,0,0,0
2021-07-03 03:33:01,2,0,1,3
2021-07-03 03:33:27,6,0,3,9
2021-07-03 03:34:01,3,0,0,3
2021-07-03 03:34:56,1,0,0,1
2021-07-03 03:35:20,3,0,0,3
2021-07-03 03:37:01,1,0,0,1
2021-07-03 03:37:09,3,0,0,3
2021-07-03 03:37:30,1,0,0,1
2021-07-03 03:38:09,0,0,0,0
2021-07-03 03:38:17,0,0,0,0
2021-07-03 03:38:35,0,0,0,0
2021-07-03 03:38:57,1,0,0,1
2021-07-03 03:39:33,17,1,3,21
2021-07-03 03:39:34,1,0,0,1
2021-07-03 03:39:57,1,0,0,1
2021-07-03 03:41:09,0,0,0,0
2021-07-03 03:42:16,1,1,0,2
2021-07-03 03:43:03,1,0,0,1
2021-07-03 03:43:05,23,1,10,34
2021-07-03 03:43:19,2,0,1,3
2021-07-03 03:43:35,4,0,0,4
2021-07-03 03:43:40,1,1,0,2
2021-07-03 03:44:03,1,0,0,1
2021-07-03 03:44:12,2,0,0,2
2021-07-03 03:44:49,1,0,0,1
2021-07-03 03:45:49,2,0,0,2
2021-07-03 03:46:25,4,2,2,8
2021-07-03 03:46:56,0,0,0,0
2021-07-03 03:47:00,5,0,1,6
2021-07-03 03:47:05,1,0,0,1
2021-07-03 03:47:09,0,0,0,0
2021-07-03 03:47:14,0,0,0,0
2021-07-03 03:47:18,3,0,1,4
2021-07-03 03:47:22,0,0,0,0
2021-07-03 03:47:26,0,0,0,0
2021-07-03 03:47:31,0,0,0,0
2021-07-03 03:47:35,0,0,0,0
2021-07-03 03:47:41,1,0,1,2
2021-07-03 03:48:08,1,0,0,1
2021-07-03 03:48:41,0,0,0,0
2021-07-03 03:48:45,1,0,1,2
2021-07-03 03:48:59,0,0,0,0
2021-07-03 03:49:24,1,0,1,2
2021-07-03 03:50:00,3,0,0,3
2021-07-03 03:50:12,4,0,1,5
2021-07-03 03:50:13,1,0,1,2
2021-07-03 03:50:24,4,0,1,5
2021-07-03 03:51:07,2,0,1,3
2021-07-03 03:52:25,27,0,3,30
2021-07-03 03:52:28,2,0,1,3
2021-07-03 03:53:24,2,0,1,3
2021-07-03 03:53:38,20,3,0,23
2021-07-03 03:54:40,1,0,0,1
2021-07-03 03:54:51,0,0,0,0
2021-07-03 03:55:16,1,0,0,1
2021-07-03 03:55:48,0,0,0,0
2021-07-03 03:55:59,1,0,0,1
2021-07-03 03:56:29,0,0,0,0
2021-07-03 03:56:58,0,0,0,0
2021-07-03 03:57:03,0,0,1,1
2021-07-03 03:57:09,0,0,0,0
2021-07-03 03:57:14,2,0,0,2
2021-07-03 03:57:16,1,0,0,1
2021-07-03 03:57:20,1,0,0,1
2021-07-03 03:57:36,1,0,0,1
2021-07-03 03:58:06,0,0,0,0
2021-07-03 03:58:13,1,0,0,1
2021-07-03 03:58:26,0,0,0,0
2021-07-03 03:58:53,1,0,0,1
2021-07-03 03:59:19,0,0,0,0
2021-07-03 04:01:09,0,0,0,0
2021-07-03 04:01:28,0,0,0,0
2021-07-03 04:03:16,3,0,2,5
2021-07-03 04:03:17,1,0,0,1
2021-07-03 04:03:22,2,0,0,2
2021-07-03 04:04:12,3,0,2,5
2021-07-03 04:05:09,2,0,1,3
2021-07-03 04:05:46,1,0,0,1
2021-07-03 04:06:20,1,0,0,1
2021-07-03 04:07:17,1,0,0,1
2021-07-03 04:07:54,3,0,2,5
2021-07-03 04:09:09,0,0,0,0
2021-07-03 04:09:33,2,0,0,2
2021-07-03 04:09:47,1,0,1,2
2021-07-03 04:10:28,2,1,0,3
2021-07-03 04:10:41,0,0,0,0
2021-07-03 04:11:07,0,0,0,0
2021-07-03 04:11:42,0,0,0,0
2021-07-03 04:11:52,1,1,0,2
2021-07-03 04:12:05,1,0,0,1
2021-07-03 04:12:40,0,0,0,0
2021-07-03 04:12:49,3,0,1,4
2021-07-03 04:13:32,2,0,0,2
2021-07-03 04:14:07,27,1,14,42
2021-07-03 04:14:50,1,0,2,3
2021-07-03 04:15:40,3,0,1,4
2021-07-03 04:16:17,1,0,1,2
2021-07-03 04:16:49,1,0,0,1
2021-07-03 04:17:26,3,0,2,5
2021-07-03 04:18:47,0,0,0,0
2021-07-03 04:19:57,0,0,0,0
2021-07-03 04:20:38,0,0,0,0
2021-07-03 04:21:04,2,0,2,4
2021-07-03 04:21:13,2,0,1,3
2021-07-03 04:21:53,0,0,0,0
2021-07-03 04:21:55,2,0,1,3
2021-07-03 04:22:17,1,0,1,2
2021-07-03 04:22:40,1,0,1,2
2021-07-03 04:22:48,1,0,1,2
2021-07-03 04:25:24,1,0,1,2
2021-07-03 04:26:16,1,0,2,3
2021-07-03 04:27:26,11,2,4,17
2021-07-03 04:27:57,30,2,4,36
2021-07-03 04:30:33,2,0,0,2
2021-07-03 04:31:02,0,0,0,0
2021-07-03 04:31:48,4,0,3,7
2021-07-03 04:32:05,1,0,1,2
2021-07-03 04:32:15,7,1,2,10
2021-07-03 04:34:13,1,0,0,1
2021-07-03 04:34:32,107,3,23,133
2021-07-03 04:34:44,3,0,1,4
2021-07-03 04:34:53,1,0,0,1
2021-07-03 04:37:37,0,0,0,0
2021-07-03 04:40:31,1,0,1,2
2021-07-03 04:42:13,3,0,0,3
2021-07-03 04:43:07,0,0,0,0
2021-07-03 04:43:33,2,0,1,3
2021-07-03 04:43:36,2,0,1,3
2021-07-03 04:44:14,9,0,1,10
2021-07-03 04:45:02,0,0,0,0
2021-07-03 04:47:57,0,0,2,2
2021-07-03 04:49:00,10,0,0,10
2021-07-03 04:50:36,7,0,1,8
2021-07-03 04:50:37,2,0,1,3
2021-07-03 04:51:05,6,0,1,7
2021-07-03 04:51:33,3,1,1,5
2021-07-03 04:52:03,3,0,1,4
2021-07-03 04:53:05,4,1,1,6
2021-07-03 04:55:52,4,0,0,4
2021-07-03 04:57:00,14,0,2,16
2021-07-03 04:58:13,0,0,0,0
2021-07-03 05:00:14,1,0,0,1
2021-07-03 05:00:23,2,0,0,2
2021-07-03 05:02:21,34,1,5,40
2021-07-03 05:03:04,3,0,0,3
2021-07-03 05:03:20,2,1,1,4
2021-07-03 05:03:34,5,0,1,6
2021-07-03 05:03:36,2,0,0,2
2021-07-03 05:03:56,14,3,1,18
2021-07-03 05:04:30,1,0,0,1
2021-07-03 05:04:37,0,0,0,0
2021-07-03 05:04:40,54,1,27,82
2021-07-03 05:05:04,2,1,0,3
2021-07-03 05:05:41,0,1,0,1
2021-07-03 05:06:43,4,0,2,6
2021-07-03 05:07:34,1,0,0,1
2021-07-03 05:08:06,1,1,0,2
2021-07-03 05:08:56,1,0,0,1
2021-07-03 05:09:02,0,0,0,0
2021-07-03 05:09:19,1,0,1,2
2021-07-03 05:09:23,3,0,3,6
2021-07-03 05:09:24,0,0,0,0
2021-07-03 05:09:33,6,1,0,7
2021-07-03 05:09:57,2,0,0,2
2021-07-03 05:10:45,1,0,0,1
2021-07-03 05:11:38,5,1,4,10
2021-07-03 05:11:56,9,0,4,13
2021-07-03 05:13:12,2,0,2,4
2021-07-03 05:14:12,1,0,1,2
2021-07-03 05:15:36,28,1,14,43
2021-07-03 05:18:54,0,0,0,0
2021-07-03 05:19:09,0,0,0,0
2021-07-03 05:19:29,1,0,0,1
2021-07-03 05:19:37,3,0,1,4
2021-07-03 05:21:51,1,0,0,1
2021-07-03 05:22:06,1,0,0,1
2021-07-03 05:22:34,0,0,0,0
2021-07-03 05:22:38,2,0,0,2
2021-07-03 05:23:07,0,0,0,0
2021-07-03 05:24:18,1,0,2,3
2021-07-03 05:24:41,1,0,1,2
2021-07-03 05:26:33,0,0,0,0
2021-07-03 05:26:47,2,0,2,4
2021-07-03 05:27:43,0,0,0,0
2021-07-03 05:28:53,2,1,0,3
2021-07-03 05:29:35,8,0,1,9
2021-07-03 05:30:11,0,0,1,1
2021-07-03 05:30:27,1,0,0,1
2021-07-03 05:30:28,1,0,0,1
2021-07-03 05:31:49,1,0,0,1
2021-07-03 05:33:52,0,0,0,0
2021-07-03 05:34:16,11,0,0,11
2021-07-03 05:35:12,0,0,0,0
2021-07-03 05:35:16,4,4,6,14
2021-07-03 05:35:54,1,0,0,1
2021-07-03 05:36:30,0,0,0,0
2021-07-03 05:37:03,8,0,2,10
2021-07-03 05:37:23,0,0,0,0
2021-07-03 05:37:48,0,0,0,0
2021-07-03 05:38:14,1,0,0,1
2021-07-03 05:38:17,1,0,0,1
2021-07-03 05:38:20,1,0,0,1
2021-07-03 05:38:21,1,0,0,1
2021-07-03 05:38:24,1,0,0,1
2021-07-03 05:38:51,23,4,3,30
2021-07-03 05:38:56,1,0,0,1
2021-07-03 05:39:00,2,0,1,3
2021-07-03 05:39:42,0,0,0,0
2021-07-03 05:40:04,0,0,0,0
2021-07-03 05:40:19,0,0,0,0
2021-07-03 05:40:34,1,0,1,2
2021-07-03 05:41:07,0,0,0,0
2021-07-03 05:41:14,1,0,0,1
2021-07-03 05:41:20,0,0,0,0
2021-07-03 05:41:52,0,0,0,0
2021-07-03 05:42:25,0,0,0,0
2021-07-03 05:42:54,1,0,0,1
2021-07-03 05:43:57,1,0,0,1
2021-07-03 05:44:06,0,0,0,0
2021-07-03 05:45:22,2,0,1,3
2021-07-03 05:45:40,0,0,0,0
2021-07-03 05:45:46,0,0,0,0
2021-07-03 05:45:47,0,0,0,0
2021-07-03 05:46:20,0,1,0,1
2021-07-03 05:48:23,1,0,1,2
2021-07-03 05:48:27,1,0,0,1
2021-07-03 05:48:28,0,0,0,0
2021-07-03 05:48:30,1,0,0,1
2021-07-03 05:48:33,2,0,1,3
2021-07-03 05:48:34,0,0,1,1
2021-07-03 05:48:37,1,0,1,2
2021-07-03 05:48:39,8,0,6,14
2021-07-03 05:48:41,1,0,0,1
2021-07-03 05:49:45,2,0,0,2
2021-07-03 05:49:49,0,0,0,0
2021-07-03 05:49:55,0,0,0,0
2021-07-03 05:50:04,0,0,1,1
2021-07-03 05:51:08,0,0,0,0
2021-07-03 05:51:16,15,0,6,21
2021-07-03 05:51:17,0,0,0,0
2021-07-03 05:51:37,1,0,1,2
2021-07-03 05:51:53,13,1,6,20
2021-07-03 05:51:59,0,0,1,1
2021-07-03 05:52:39,30,2,6,38
2021-07-03 05:53:24,4,0,1,5
2021-07-03 05:53:38,5,0,0,5
2021-07-03 05:54:01,1,0,0,1
2021-07-03 05:54:24,0,0,0,0
2021-07-03 05:54:50,0,0,0,0
2021-07-03 05:55:14,0,0,0,0
2021-07-03 05:55:20,1,0,1,2
2021-07-03 05:55:33,0,0,0,0
2021-07-03 05:56:24,0,0,0,0
2021-07-03 05:56:44,1,0,0,1
2021-07-03 05:56:55,2,0,0,2
2021-07-03 05:57:52,0,0,0,0
2021-07-03 05:58:13,0,0,0,0
2021-07-03 05:58:22,0,0,0,0
2021-07-03 05:58:36,0,0,0,0
2021-07-03 05:58:48,0,0,0,0
2021-07-03 05:59:08,0,0,0,0
2021-07-03 05:59:29,1,0,1,2
2021-07-03 05:59:39,0,0,0,0
2021-07-03 06:00:02,20,0,10,30
2021-07-03 06:00:06,1,0,0,1
2021-07-03 06:00:20,13,0,3,16
2021-07-03 06:00:30,0,0,0,0
2021-07-03 06:00:34,0,0,0,0
2021-07-03 06:00:47,1,0,0,1
2021-07-03 06:01:07,23,2,6,31
2021-07-03 06:01:26,1,0,0,1
2021-07-03 06:01:28,0,0,0,0
2021-07-03 06:02:13,1,0,1,2
2021-07-03 06:02:53,1,0,0,1
2021-07-03 06:03:02,4,0,2,6
2021-07-03 06:03:17,467,8,118,593
2021-07-03 06:04:13,3,3,2,8
2021-07-03 06:05:05,0,0,0,0
2021-07-03 06:05:17,10,3,3,16
2021-07-03 06:05:19,0,0,0,0
2021-07-03 06:05:38,13,1,5,19
2021-07-03 06:05:46,0,0,0,0
2021-07-03 06:06:11,1,0,0,1
2021-07-03 06:06:13,0,0,0,0
2021-07-03 06:06:51,0,0,0,0
2021-07-03 06:07:13,0,0,0,0
2021-07-03 06:07:19,1,0,0,1
2021-07-03 06:07:34,0,0,0,0
2021-07-03 06:07:45,1,1,0,2
2021-07-03 06:07:55,550,2,62,614
2021-07-03 06:08:35,8,0,2,10
2021-07-03 06:08:58,0,0,0,0
2021-07-03 06:09:03,2,0,0,2
2021-07-03 06:09:19,0,0,0,0
2021-07-03 06:09:21,1,0,0,1
2021-07-03 06:09:54,3,0,1,4
2021-07-03 06:10:07,1,0,0,1
2021-07-03 06:10:44,0,0,0,0
2021-07-03 06:11:03,2,0,2,4
2021-07-03 06:11:19,0,0,1,1
2021-07-03 06:11:52,0,0,0,0
2021-07-03 06:11:53,0,0,0,0
2021-07-03 06:11:59,0,0,0,0
2021-07-03 06:12:03,0,0,0,0
2021-07-03 06:12:14,1,0,0,1
2021-07-03 06:12:26,1,0,0,1
2021-07-03 06:12:35,0,0,0,0
2021-07-03 06:13:18,1,0,0,1
2021-07-03 06:13:53,0,0,0,0
2021-07-03 06:14:03,0,0,0,0
2021-07-03 06:14:09,0,0,0,0
2021-07-03 06:15:00,31,0,7,38
2021-07-03 06:15:39,0,0,0,0
2021-07-03 06:16:06,0,0,0,0
2021-07-03 06:16:48,0,0,0,0
2021-07-03 06:17:04,1,0,0,1
2021-07-03 06:17:15,0,0,0,0
2021-07-03 06:17:55,18,3,7,28
2021-07-03 06:18:26,7,1,3,11
2021-07-03 06:18:37,0,0,0,0
2021-07-03 06:19:30,1,0,0,1
2021-07-03 06:20:16,0,0,0,0
2021-07-03 06:20:22,0,0,0,0
2021-07-03 06:20:25,1,1,1,3
2021-07-03 06:20:26,9,0,2,11
2021-07-03 06:20:27,1,1,0,2
2021-07-03 06:20:28,1,0,0,1
2021-07-03 06:20:46,2,0,0,2
2021-07-03 06:20:49,0,0,0,0
2021-07-03 06:20:59,3,0,0,3
2021-07-03 06:21:17,0,0,0,0
2021-07-03 06:21:23,2,0,0,2
2021-07-03 06:21:26,0,0,0,0
2021-07-03 06:21:36,1,0,1,2
2021-07-03 06:21:44,0,0,0,0
2021-07-03 06:22:03,0,0,0,0
2021-07-03 06:22:07,1,0,0,1
2021-07-03 06:22:37,0,0,0,0
2021-07-03 06:22:41,4,1,0,5
2021-07-03 06:23:27,0,0,0,0
2021-07-03 06:23:45,0,0,0,0
2021-07-03 06:24:18,1,0,0,1
2021-07-03 06:24:20,3,0,1,4
2021-07-03 06:24:25,1,0,1,2
2021-07-03 06:24:29,1,0,1,2
2021-07-03 06:25:00,0,0,0,0
2021-07-03 06:25:02,3,0,1,4
2021-07-03 06:25:08,0,0,0,0
2021-07-03 06:25:11,7,0,3,10
2021-07-03 06:25:16,1,0,0,1
2021-07-03 06:25:38,6,0,0,6
2021-07-03 06:25:59,3,1,1,5
2021-07-03 06:26:53,0,0,0,0
2021-07-03 06:26:57,0,0,0,0
2021-07-03 06:26:58,3,0,1,4
2021-07-03 06:27:17,1,0,0,1
2021-07-03 06:27:25,0,0,0,0
2021-07-03 06:27:29,2,0,1,3
2021-07-03 06:27:34,1,0,0,1
2021-07-03 06:27:47,0,0,0,0
2021-07-03 06:28:17,0,0,0,0
2021-07-03 06:28:29,0,0,0,0
2021-07-03 06:28:45,0,0,0,0
2021-07-03 06:29:12,0,0,0,0
2021-07-03 06:29:27,0,0,0,0
2021-07-03 06:29:50,1,0,0,1
2021-07-03 06:30:00,2391,50,313,2754
2021-07-03 06:30:02,1,0,0,1
2021-07-03 06:30:03,6,2,6,14
2021-07-03 06:30:21,2,0,2,4
2021-07-03 06:30:26,0,0,0,0
2021-07-03 06:30:33,0,0,0,0
2021-07-03 06:30:35,2,0,1,3
2021-07-03 06:31:05,0,0,0,0
2021-07-03 06:31:17,1,0,1,2
2021-07-03 06:31:27,2,0,2,4
2021-07-03 06:31:40,4,0,3,7
2021-07-03 06:31:43,1,0,0,1
2021-07-03 06:32:24,0,0,0,0
2021-07-03 06:32:54,1,0,0,1
2021-07-03 06:33:02,3,0,0,3
2021-07-03 06:33:10,0,0,0,0
2021-07-03 06:33:39,1,0,0,1
2021-07-03 06:33:54,5,2,1,8
2021-07-03 06:34:04,8,0,3,11
2021-07-03 06:34:35,10,1,3,14
2021-07-03 06:34:37,2,0,0,2
2021-07-03 06:35:01,1,0,2,3
2021-07-03 06:35:49,4,0,0,4
2021-07-03 06:35:54,3,0,0,3
2021-07-03 06:35:57,3,0,0,3
2021-07-03 06:36:03,2,1,0,3
2021-07-03 06:36:17,0,0,0,0
2021-07-03 06:36:44,3,0,0,3
2021-07-03 06:36:45,3,0,1,4
2021-07-03 06:36:47,4,6,0,10
2021-07-03 06:37:21,2,0,0,2
2021-07-03 06:37:22,4,2,0,6
2021-07-03 06:37:37,3,1,0,4
2021-07-03 06:37:44,1,0,0,1
2021-07-03 06:37:47,9,4,0,13
2021-07-03 06:37:48,2,1,0,3
2021-07-03 06:37:49,9,2,2,13
2021-07-03 06:38:07,4,2,1,7
2021-07-03 06:38:30,1,0,0,1
2021-07-03 06:38:41,0,0,0,0
2021-07-03 06:38:46,1,0,0,1
2021-07-03 06:38:47,2,0,0,2
2021-07-03 06:38:58,1,0,0,1
2021-07-03 06:39:17,5,1,1,7
2021-07-03 06:39:28,2,1,0,3
2021-07-03 06:39:30,2,0,0,2
2021-07-03 06:39:38,1,0,0,1
2021-07-03 06:40:11,0,0,0,0
2021-07-03 06:40:14,1,0,0,1
2021-07-03 06:40:15,2,2,1,5
2021-07-03 06:40:39,2,0,1,3
2021-07-03 06:41:00,93,3,18,114
2021-07-03 06:41:11,0,0,0,0
2021-07-03 06:41:42,3,1,2,6
2021-07-03 06:41:51,1,0,0,1
2021-07-03 06:41:53,2,0,1,3
2021-07-03 06:41:56,4,1,3,8
2021-07-03 06:42:40,3,0,0,3
2021-07-03 06:42:50,4,0,0,4
2021-07-03 06:42:51,0,0,0,0
2021-07-03 06:42:55,1,0,0,1
2021-07-03 06:42:58,1,0,0,1
2021-07-03 06:43:00,1,0,0,1
2021-07-03 06:43:06,2,0,0,2
2021-07-03 06:43:07,1,0,0,1
2021-07-03 06:43:09,0,0,0,0
2021-07-03 06:43:27,1468,78,248,1794
2021-07-03 06:43:44,1,0,0,1
2021-07-03 06:43:45,1,0,0,1
2021-07-03 06:44:17,1,0,0,1
2021-07-03 06:44:18,2,0,0,2
2021-07-03 06:44:37,2,0,0,2
2021-07-03 06:44:46,3,0,0,3
2021-07-03 06:44:49,2,0,1,3
2021-07-03 06:45:02,22,1,8,31
2021-07-03 06:45:12,26,0,14,40
2021-07-03 06:45:15,1,1,0,2
2021-07-03 06:45:24,1,0,0,1
2021-07-03 06:45:42,0,0,0,0
2021-07-03 06:46:00,1,0,0,1
2021-07-03 06:46:07,1,1,0,2
2021-07-03 06:46:32,1,0,0,1
2021-07-03 06:46:34,1,0,0,1
2021-07-03 06:47:02,1,1,0,2
2021-07-03 06:47:19,1,0,1,2
2021-07-03 06:47:26,2,1,0,3
2021-07-03 06:47:39,1,0,0,1
2021-07-03 06:47:48,0,0,0,0
2021-07-03 06:47:53,1,0,0,1
2021-07-03 06:48:02,1,0,0,1
2021-07-03 06:48:15,1,0,0,1
2021-07-03 06:48:27,2,2,0,4
2021-07-03 06:48:29,2,0,0,2
2021-07-03 06:48:31,5,1,1,7
2021-07-03 06:48:45,2,1,0,3
2021-07-03 06:48:48,918,45,231,1194
2021-07-03 06:48:53,1,0,1,2
2021-07-03 06:48:55,27,1,8,36
2021-07-03 06:49:04,1,0,1,2
2021-07-03 06:49:09,0,0,0,0
2021-07-03 06:49:14,0,0,0,0
2021-07-03 06:49:15,0,0,0,0
2021-07-03 06:49:52,3,0,1,4
2021-07-03 06:49:53,2,0,0,2
2021-07-03 06:50:07,8,2,2,12
2021-07-03 06:50:10,1,0,1,2
2021-07-03 06:50:14,0,0,0,0
2021-07-03 06:50:21,1,0,1,2
2021-07-03 06:50:27,2,0,0,2
2021-07-03 06:50:36,0,0,0,0
2021-07-03 06:50:44,0,0,0,0
2021-07-03 06:50:47,0,0,0,0
2021-07-03 06:50:56,0,0,0,0
2021-07-03 06:51:14,4050,47,497,4594
2021-07-03 06:51:19,8,3,1,12
2021-07-03 06:51:34,1,0,0,1
2021-07-03 06:51:40,0,0,0,0
2021-07-03 06:51:41,0,0,0,0
2021-07-03 06:51:47,0,0,1,1
2021-07-03 06:51:57,0,0,0,0
2021-07-03 06:51:59,14,0,5,19
2021-07-03 06:52:02,0,0,0,0
2021-07-03 06:52:16,1,0,1,2
2021-07-03 06:52:20,0,0,0,0
2021-07-03 06:52:35,27,2,4,33
2021-07-03 06:52:43,0,0,0,0
2021-07-03 06:52:49,0,0,0,0
2021-07-03 06:52:50,0,0,0,0
2021-07-03 06:52:54,10,1,0,11
2021-07-03 06:53:18,0,0,0,0
2021-07-03 06:53:20,1,0,0,1
2021-07-03 06:53:43,0,0,0,0
2021-07-03 06:53:58,0,0,0,0
2021-07-03 06:54:01,1,0,0,1
2021-07-03 06:54:14,2,1,0,3
2021-07-03 06:54:23,0,0,0,0
2021-07-03 06:54:25,2,0,0,2
2021-07-03 06:54:33,0,0,0,0
2021-07-03 06:54:50,2552,14,342,2908
2021-07-03 06:54:53,0,0,0,0
2021-07-03 06:55:06,6,0,3,9
2021-07-03 06:55:07,0,0,0,0
2021-07-03 06:55:10,0,0,0,0
2021-07-03 06:55:13,0,0,0,0
2021-07-03 06:55:15,1,0,0,1
2021-07-03 06:55:16,6,0,1,7
2021-07-03 06:55:58,0,0,0,0
2021-07-03 06:56:13,0,0,0,0
2021-07-03 06:56:29,0,0,0,0
2021-07-03 06:56:31,0,0,0,0
2021-07-03 06:56:44,367,3,62,432
2021-07-03 06:56:56,1,0,1,2
2021-07-03 06:56:58,1,0,0,1
2021-07-03 06:57:25,4,0,0,4
2021-07-03 06:57:29,2,1,1,4
2021-07-03 06:57:35,0,0,0,0
2021-07-03 06:57:36,41,0,9,50
2021-07-03 06:57:39,2,1,0,3
2021-07-03 06:57:40,1,0,0,1
2021-07-03 06:57:49,0,0,0,0
2021-07-03 06:57:51,10,1,7,18
2021-07-03 06:57:55,1,0,0,1
2021-07-03 06:58:02,1,1,1,3
2021-07-03 06:58:07,4,0,2,6
2021-07-03 06:58:17,2,0,1,3
2021-07-03 06:58:40,1,0,1,2
2021-07-03 06:58:44,3,0,1,4
2021-07-03 06:58:46,2,0,2,4
2021-07-03 06:58:52,3,0,2,5
2021-07-03 06:58:57,2,0,1,3
2021-07-03 06:58:58,55,2,7,64
2021-07-03 06:59:07,28,2,14,44
2021-07-03 06:59:10,1,0,1,2
2021-07-03 06:59:11,7,0,4,11
2021-07-03 06:59:12,168,14,77,259
2021-07-03 06:59:20,5,0,1,6
2021-07-03 06:59:36,2,0,0,2
2021-07-03 06:59:44,1,0,1,2
2021-07-03 06:59:49,3,0,2,5
2021-07-03 06:59:52,3,0,1,4
2021-07-03 06:59:55,1,0,1,2
2021-07-03 07:00:00,172,3,60,235
2021-07-03 07:00:01,1183,32,160,1375
2021-07-03 07:00:02,1,0,1,2
2021-07-03 07:00:04,24,0,17,41
2021-07-03 07:00:20,1,0,0,1
2021-07-03 07:00:31,1,0,1,2
2021-07-03 07:00:40,1,0,1,2
2021-07-03 07:00:44,1,0,1,2
2021-07-03 07:00:46,2,1,1,4
2021-07-03 07:00:47,2,0,1,3
2021-07-03 07:00:58,6,0,1,7
2021-07-03 07:01:03,2,0,2,4
2021-07-03 07:01:05,1,0,0,1
2021-07-03 07:01:06,2,0,1,3
2021-07-03 07:01:07,1,0,0,1
2021-07-03 07:01:15,6,0,4,10
2021-07-03 07:01:16,4,1,2,7
2021-07-03 07:01:19,1,0,1,2
2021-07-03 07:01:23,2,1,0,3
2021-07-03 07:01:48,2,0,1,3
2021-07-03 07:01:51,7,0,1,8
2021-07-03 07:01:54,1,0,1,2
2021-07-03 07:01:55,500,11,30,541
2021-07-03 07:02:00,2,0,1,3
2021-07-03 07:02:12,6,0,4,10
2021-07-03 07:02:14,38,6,10,54
2021-07-03 07:02:19,2,0,1,3
2021-07-03 07:02:26,1,1,1,3
2021-07-03 07:02:29,7,0,1,8
2021-07-03 07:02:49,3,0,3,6
2021-07-03 07:02:54,4,0,1,5
2021-07-03 07:03:01,2,0,1,3
2021-07-03 07:03:03,4,0,0,4
2021-07-03 07:03:05,11,0,1,12
2021-07-03 07:03:10,0,0,0,0
2021-07-03 07:03:16,0,0,0,0
2021-07-03 07:03:40,16,2,6,24
2021-07-03 07:03:53,1,0,0,1
2021-07-03 07:03:57,0,0,0,0
2021-07-03 07:04:10,0,0,0,0
2021-07-03 07:04:35,0,0,0,0
2021-07-03 07:04:41,0,0,0,0
2021-07-03 07:04:51,0,0,0,0
2021-07-03 07:04:52,0,0,0,0
2021-07-03 07:04:53,0,0,0,0
2021-07-03 07:04:54,0,0,0,0
2021-07-03 07:05:00,2,1,0,3
2021-07-03 07:05:06,1,0,1,2
2021-07-03 07:05:16,0,0,0,0
2021-07-03 07:05:22,0,0,0,0
2021-07-03 07:05:28,74,1,16,91
2021-07-03 07:05:32,1,0,0,1
2021-07-03 07:05:34,1,0,0,1
2021-07-03 07:05:47,1,0,0,1
2021-07-03 07:06:02,0,1,0,1
2021-07-03 07:06:05,9,0,1,10
2021-07-03 07:06:30,3,0,1,4
2021-07-03 07:06:40,2,0,1,3
2021-07-03 07:06:48,28,4,8,40
2021-07-03 07:06:50,0,0,0,0
2021-07-03 07:06:56,3,0,0,3
2021-07-03 07:07:01,3,0,0,3
2021-07-03 07:07:09,0,0,1,1
2021-07-03 07:07:20,2,0,0,2
2021-07-03 07:07:29,6,0,4,10
2021-07-03 07:07:32,4,0,1,5
2021-07-03 07:07:39,0,0,1,1
2021-07-03 07:07:42,0,0,0,0
2021-07-03 07:07:44,13,1,4,18
2021-07-03 07:07:54,1,0,0,1
2021-07-03 07:08:02,4,1,0,5
2021-07-03 07:08:03,2,0,0,2
2021-07-03 07:08:13,3,0,1,4
2021-07-03 07:08:24,0,0,0,0
2021-07-03 07:08:45,9,1,0,10
2021-07-03 07:08:59,1,0,0,1
2021-07-03 07:09:00,5,0,0,5
2021-07-03 07:09:01,4,0,0,4
2021-07-03 07:09:02,0,2,0,2
2021-07-03 07:09:07,2,0,0,2
2021-07-03 07:09:09,1,0,0,1
2021-07-03 07:09:13,2,0,0,2
2021-07-03 07:09:15,8,0,0,8
2021-07-03 07:09:17,0,1,0,1
2021-07-03 07:09:18,1,0,0,1
2021-07-03 07:09:21,0,0,0,0
2021-07-03 07:09:24,0,0,0,0
2021-07-03 07:09:30,6,0,1,7
2021-07-03 07:09:34,1,0,0,1
2021-07-03 07:09:53,13,1,3,17
2021-07-03 07:09:55,0,0,0,0
2021-07-03 07:10:00,193,10,37,240
2021-07-03 07:10:11,1,0,1,2
2021-07-03 07:10:14,0,0,0,0
2021-07-03 07:10:15,78,4,20,102
2021-07-03 07:10:33,1,0,0,1
2021-07-03 07:10:35,1,0,0,1
2021-07-03 07:10:49,3,0,1,4
2021-07-03 07:10:52,1,1,0,2
2021-07-03 07:10:57,0,0,0,0
2021-07-03 07:10:59,1,0,0,1
2021-07-03 07:11:00,5,0,1,6
2021-07-03 07:11:04,32,2,24,58
2021-07-03 07:11:08,76,1,17,94
2021-07-03 07:11:16,2,0,0,2
2021-07-03 07:11:42,0,0,0,0
2021-07-03 07:11:45,0,0,0,0
2021-07-03 07:11:54,3,0,1,4
2021-07-03 07:11:59,2,0,0,2
2021-07-03 07:12:00,6,1,4,11
2021-07-03 07:12:08,0,0,0,0
2021-07-03 07:12:15,0,0,0,0
2021-07-03 07:12:16,30,0,4,34
2021-07-03 07:12:21,2,0,1,3
2021-07-03 07:12:35,1,0,0,1
2021-07-03 07:12:39,4,0,0,4
2021-07-03 07:12:53,1,0,0,1
2021-07-03 07:12:55,0,0,0,0
2021-07-03 07:12:59,2,0,0,2
2021-07-03 07:13:13,1,0,0,1
2021-07-03 07:13:19,2,1,0,3
2021-07-03 07:13:28,614,12,64,690
2021-07-03 07:13:34,0,0,0,0
2021-07-03 07:13:43,0,0,0,0
2021-07-03 07:13:51,1,0,0,1
2021-07-03 07:13:54,2,0,0,2
2021-07-03 07:14:00,1,1,0,2
2021-07-03 07:14:07,0,1,0,1
2021-07-03 07:14:11,0,0,0,0
2021-07-03 07:14:12,0,0,0,0
2021-07-03 07:14:13,4,2,2,8
2021-07-03 07:14:39,0,0,0,0
2021-07-03 07:14:49,2,1,2,5
2021-07-03 07:14:53,2,0,0,2
2021-07-03 07:14:54,0,1,0,1
2021-07-03 07:15:02,29,2,7,38
2021-07-03 07:15:03,1,0,0,1
2021-07-03 07:15:19,0,0,0,0
2021-07-03 07:15:28,0,0,0,0
2021-07-03 07:15:33,6,0,0,6
2021-07-03 07:15:35,306,3,24,333
2021-07-03 07:15:39,12,1,1,14
2021-07-03 07:15:42,29,1,7,37
2021-07-03 07:15:45,2,0,0,2
2021-07-03 07:15:50,4688,86,444,5218
2021-07-03 07:15:57,0,0,0,0
2021-07-03 07:15:59,3,0,1,4
2021-07-03 07:16:01,3,0,0,3
2021-07-03 07:16:02,32,3,13,48
2021-07-03 07:16:03,1,0,1,2
2021-07-03 07:16:16,2,0,2,4
2021-07-03 07:16:26,5,0,1,6
2021-07-03 07:16:27,3,0,1,4
2021-07-03 07:16:33,7,0,5,12
2021-07-03 07:16:39,4,0,1,5
2021-07-03 07:16:48,3,1,0,4
2021-07-03 07:16:52,0,0,0,0
2021-07-03 07:16:55,0,1,0,1
2021-07-03 07:16:58,2,0,3,5
2021-07-03 07:17:03,0,0,0,0
2021-07-03 07:17:06,0,0,0,0
2021-07-03 07:17:10,1,1,0,2
2021-07-03 07:17:12,605,10,137,752
2021-07-03 07:17:15,4,0,0,4
2021-07-03 07:17:18,1,0,1,2
2021-07-03 07:17:19,0,0,0,0
2021-07-03 07:17:35,2,0,0,2
2021-07-03 07:17:36,5,0,0,5
2021-07-03 07:17:47,3,0,0,3
2021-07-03 07:17:53,76,5,20,101
2021-07-03 07:17:57,5,0,0,5
2021-07-03 07:18:09,3,0,2,5
2021-07-03 07:18:11,0,2,0,2
2021-07-03 07:18:13,214,6,55,275
2021-07-03 07:18:22,3,1,0,4
2021-07-03 07:18:27,1,0,1,2
2021-07-03 07:18:29,0,0,0,0
2021-07-03 07:18:32,0,0,0,0
2021-07-03 07:18:52,2,0,1,3
2021-07-03 07:18:53,8,0,1,9
2021-07-03 07:18:59,0,0,0,0
2021-07-03 07:19:03,5,1,2,8
2021-07-03 07:19:06,0,0,0,0
2021-07-03 07:19:08,1,0,0,1
2021-07-03 07:19:16,3,1,1,5
2021-07-03 07:19:17,2,0,2,4
2021-07-03 07:19:18,4,0,1,5
2021-07-03 07:19:20,1,0,1,2
2021-07-03 07:19:26,2,0,1,3
2021-07-03 07:19:28,3,0,1,4
2021-07-03 07:19:29,1,0,1,2
2021-07-03 07:19:33,3,0,3,6
2021-07-03 07:19:35,9,0,6,15
2021-07-03 07:19:39,1,0,1,2
2021-07-03 07:19:40,1,0,1,2
2021-07-03 07:19:41,5,0,2,7
2021-07-03 07:19:43,4,0,3,7
2021-07-03 07:19:53,1,0,1,2
2021-07-03 07:20:02,1,0,1,2
2021-07-03 07:20:09,3,0,1,4
2021-07-03 07:20:28,1,0,1,2
2021-07-03 07:20:30,3,1,2,6
2021-07-03 07:20:36,2,0,1,3
2021-07-03 07:20:37,6,0,6,12
2021-07-03 07:20:42,4,0,2,6
2021-07-03 07:20:44,634,57,82,773
2021-07-03 07:20:50,2,0,1,3
2021-07-03 07:20:56,19,0,2,21
2021-07-03 07:21:04,2,0,0,2
2021-07-03 07:21:05,2,0,1,3
2021-07-03 07:21:16,4,0,0,4
2021-07-03 07:21:19,16,0,3,19
2021-07-03 07:21:28,1,0,0,1
2021-07-03 07:21:32,3,0,0,3
2021-07-03 07:21:33,4,0,0,4
2021-07-03 07:21:35,2,0,1,3
2021-07-03 07:21:52,2,0,0,2
2021-07-03 07:21:57,203,2,30,235
2021-07-03 07:22:01,18,2,6,26
2021-07-03 07:22:05,2,0,1,3
2021-07-03 07:22:09,3,0,2,5
2021-07-03 07:22:17,132,4,36,172
2021-07-03 07:22:38,1,0,1,2
2021-07-03 07:22:45,19,2,3,24
2021-07-03 07:23:01,6,1,4,11
2021-07-03 07:23:08,6,0,1,7
2021-07-03 07:23:09,9,1,2,12
2021-07-03 07:23:11,3,0,1,4
2021-07-03 07:23:20,20,0,1,21
2021-07-03 07:23:24,9,0,6,15
2021-07-03 07:23:27,2,0,0,2
2021-07-03 07:23:31,2,0,0,2
2021-07-03 07:23:36,1,0,1,2
2021-07-03 07:23:40,0,0,0,0
2021-07-03 07:23:41,0,0,0,0
2021-07-03 07:23:44,1,0,0,1
2021-07-03 07:23:55,1,0,0,1
2021-07-03 07:23:56,0,0,0,0
2021-07-03 07:23:57,1,0,0,1
2021-07-03 07:24:00,1,0,0,1
2021-07-03 07:24:02,0,0,1,1
2021-07-03 07:24:04,0,0,0,0
2021-07-03 07:24:07,192,9,34,235
2021-07-03 07:24:10,2,0,0,2
2021-07-03 07:24:12,0,0,0,0
2021-07-03 07:24:15,0,0,0,0
2021-07-03 07:24:17,1,1,2,4
2021-07-03 07:24:22,1,0,0,1
2021-07-03 07:24:24,3,0,1,4
2021-07-03 07:24:29,4,0,0,4
2021-07-03 07:24:33,2,0,0,2
2021-07-03 07:24:34,0,0,0,0
2021-07-03 07:24:40,0,0,0,0
2021-07-03 07:24:42,2,0,1,3
2021-07-03 07:24:43,0,0,0,0
2021-07-03 07:24:46,1,0,0,1
2021-07-03 07:24:47,6225,190,728,7143
2021-07-03 07:24:50,2,1,1,4
2021-07-03 07:24:52,0,0,0,0
2021-07-03 07:24:53,0,0,0,0
2021-07-03 07:24:58,0,0,0,0
2021-07-03 07:25:04,1,0,0,1
2021-07-03 07:25:13,0,0,0,0
2021-07-03 07:25:16,1,1,1,3
2021-07-03 07:25:19,2,0,0,2
2021-07-03 07:25:21,1,0,0,1
2021-07-03 07:25:23,10,2,0,12
2021-07-03 07:25:28,1,0,0,1
2021-07-03 07:25:35,1,0,0,1
2021-07-03 07:25:39,3,0,1,4
2021-07-03 07:25:45,0,0,0,0
2021-07-03 07:25:48,0,1,0,1
2021-07-03 07:25:50,1,0,0,1
2021-07-03 07:25:57,123,6,35,164
2021-07-03 07:25:58,9,0,4,13
2021-07-03 07:25:59,59,4,29,92
2021-07-03 07:26:08,0,0,0,0
2021-07-03 07:26:11,3,0,3,6
2021-07-03 07:26:13,6506,94,874,7474
2021-07-03 07:26:19,1,0,0,1
2021-07-03 07:26:22,1,1,0,2
2021-07-03 07:26:29,9,0,5,14
2021-07-03 07:26:33,0,0,0,0
2021-07-03 07:26:34,1,0,0,1
2021-07-03 07:26:35,1,0,0,1
2021-07-03 07:26:36,8,0,0,8
2021-07-03 07:26:39,0,1,0,1
2021-07-03 07:26:42,1,0,0,1
2021-07-03 07:26:43,1,0,0,1
2021-07-03 07:26:44,18,0,3,21
2021-07-03 07:26:45,2,1,0,3
2021-07-03 07:26:48,0,0,0,0
2021-07-03 07:26:49,0,0,0,0
2021-07-03 07:26:58,0,0,0,0
2021-07-03 07:26:59,6,1,5,12
2021-07-03 07:27:04,2,0,0,2
2021-07-03 07:27:05,37,7,6,50
2021-07-03 07:27:11,0,0,0,0
2021-07-03 07:27:13,0,0,0,0
2021-07-03 07:27:16,3,0,2,5
2021-07-03 07:27:25,1,0,1,2
2021-07-03 07:27:30,1,0,0,1
2021-07-03 07:27:32,0,0,0,0
2021-07-03 07:27:33,0,0,0,0
2021-07-03 07:27:36,3,0,1,4
2021-07-03 07:27:44,0,0,0,0
2021-07-03 07:27:47,0,0,0,0
2021-07-03 07:27:50,4,0,0,4
2021-07-03 07:27:52,2,1,0,3
2021-07-03 07:27:53,0,2,0,2
2021-07-03 07:27:54,346,94,54,494
2021-07-03 07:27:57,0,1,0,1
2021-07-03 07:27:58,1,0,0,1
2021-07-03 07:27:59,9,1,7,17
2021-07-03 07:28:00,1928,80,294,2302
2021-07-03 07:28:10,4,0,2,6
2021-07-03 07:28:14,0,0,0,0
2021-07-03 07:28:17,2,1,2,5
2021-07-03 07:28:20,1,0,0,1
2021-07-03 07:28:28,0,0,0,0
2021-07-03 07:28:30,0,0,0,0
2021-07-03 07:28:31,2,0,0,2
2021-07-03 07:28:33,1,0,0,1
2021-07-03 07:28:34,1,0,1,2
2021-07-03 07:28:48,2,0,0,2
2021-07-03 07:28:51,5,0,2,7
2021-07-03 07:28:54,1,0,0,1
2021-07-03 07:28:59,0,0,0,0
2021-07-03 07:29:02,5,0,3,8
2021-07-03 07:29:17,0,0,0,0
2021-07-03 07:29:22,23,0,5,28
2021-07-03 07:29:25,0,0,0,0
2021-07-03 07:29:26,1,0,0,1
2021-07-03 07:29:33,1,0,0,1
2021-07-03 07:29:34,1,0,0,1
2021-07-03 07:29:35,0,0,0,0
2021-07-03 07:29:39,0,0,0,0
2021-07-03 07:29:41,7,0,2,9
2021-07-03 07:29:42,1,0,0,1
2021-07-03 07:29:44,1,0,0,1
2021-07-03 07:29:45,0,0,0,0
2021-07-03 07:29:48,9,0,2,11
2021-07-03 07:29:53,0,0,0,0
2021-07-03 07:29:54,2,0,0,2
2021-07-03 07:29:56,1,0,1,2
2021-07-03 07:29:58,0,0,0,0
2021-07-03 07:30:00,563,11,65,639
2021-07-03 07:30:01,3,0,0,3
2021-07-03 07:30:05,19,0,4,23
2021-07-03 07:30:10,1,0,1,2
2021-07-03 07:30:11,245,49,18,312
2021-07-03 07:30:15,0,0,0,0
2021-07-03 07:30:17,4,0,2,6
2021-07-03 07:30:20,2,0,0,2
2021-07-03 07:30:21,2,1,0,3
2021-07-03 07:30:24,4,0,0,4
2021-07-03 07:30:29,1,0,0,1
2021-07-03 07:30:33,2,0,0,2
2021-07-03 07:30:39,160,7,43,210
2021-07-03 07:30:41,6,0,0,6
2021-07-03 07:30:48,1,0,0,1
2021-07-03 07:30:50,1,1,0,2
2021-07-03 07:30:54,85,4,29,118
2021-07-03 07:30:58,2,0,0,2
2021-07-03 07:31:05,1,0,0,1
2021-07-03 07:31:07,8,2,0,10
2021-07-03 07:31:11,1,0,0,1
2021-07-03 07:31:12,1,0,0,1
2021-07-03 07:31:14,4,1,1,6
2021-07-03 07:31:16,1,0,0,1
2021-07-03 07:31:17,3,0,1,4
2021-07-03 07:31:23,1,0,0,1
2021-07-03 07:31:24,6,1,0,7
2021-07-03 07:31:30,5,2,4,11
2021-07-03 07:31:36,5,0,0,5
2021-07-03 07:31:39,1,0,0,1
2021-07-03 07:31:40,1,0,0,1
2021-07-03 07:31:43,1,0,0,1
2021-07-03 07:31:46,4,0,0,4
2021-07-03 07:31:55,106,3,28,137
2021-07-03 07:31:57,10,0,4,14
2021-07-03 07:31:59,2,0,1,3
2021-07-03 07:32:00,3,1,1,5
2021-07-03 07:32:08,3,0,1,4
2021-07-03 07:32:09,1,0,0,1
2021-07-03 07:32:12,117,4,33,154
2021-07-03 07:32:16,226,18,63,307
2021-07-03 07:32:17,2,0,1,3
2021-07-03 07:32:19,18,1,0,19
2021-07-03 07:32:20,19,1,5,25
2021-07-03 07:32:21,13,1,4,18
2021-07-03 07:32:23,3390,80,626,4096
2021-07-03 07:32:24,3,0,1,4
2021-07-03 07:32:25,6,0,3,9
2021-07-03 07:32:29,26,0,6,32
2021-07-03 07:32:30,4,0,2,6
2021-07-03 07:32:34,6,0,2,8
2021-07-03 07:32:35,2,0,1,3
2021-07-03 07:32:39,2,0,1,3
2021-07-03 07:32:43,4,0,1,5
2021-07-03 07:32:45,6,0,2,8
2021-07-03 07:32:47,2,0,1,3
2021-07-03 07:32:48,6,0,1,7
2021-07-03 07:32:49,3,0,1,4
2021-07-03 07:32:53,3,0,1,4
2021-07-03 07:32:58,2,0,1,3
2021-07-03 07:33:01,1,0,1,2
2021-07-03 07:33:02,2,1,1,4
2021-07-03 07:33:05,3,0,1,4
2021-07-03 07:33:10,15,0,7,22
2021-07-03 07:33:11,328,6,56,390
2021-07-03 07:33:17,35,3,4,42
2021-07-03 07:33:20,1,0,1,2
2021-07-03 07:33:24,0,0,0,0
2021-07-03 07:33:25,13,1,6,20
2021-07-03 07:33:29,19,1,6,26
2021-07-03 07:33:30,0,0,0,0
2021-07-03 07:33:31,9,2,1,12
2021-07-03 07:33:36,17,1,2,20
2021-07-03 07:33:38,3,1,0,4
2021-07-03 07:33:42,1,0,1,2
2021-07-03 07:33:44,3,0,1,4
2021-07-03 07:33:46,1,0,1,2
2021-07-03 07:33:53,4,2,1,7
2021-07-03 07:33:57,1,0,0,1
2021-07-03 07:33:58,3,0,0,3
2021-07-03 07:34:02,0,0,0,0
2021-07-03 07:34:05,0,0,0,0
2021-07-03 07:34:06,0,1,1,2
2021-07-03 07:34:09,3,0,0,3
2021-07-03 07:34:15,1,0,0,1
2021-07-03 07:34:16,1,0,0,1
2021-07-03 07:34:25,1,0,0,1
2021-07-03 07:34:28,1,0,0,1
2021-07-03 07:34:30,0,0,0,0
2021-07-03 07:34:36,1,0,0,1
2021-07-03 07:34:39,20,0,2,22
2021-07-03 07:34:40,2,0,0,2
2021-07-03 07:34:44,113,0,25,138
2021-07-03 07:34:45,0,0,0,0
2021-07-03 07:34:54,5,0,0,5
2021-07-03 07:34:56,10,0,0,10
2021-07-03 07:35:04,5,0,0,5
2021-07-03 07:35:09,0,0,0,0
2021-07-03 07:35:15,7,1,0,8
2021-07-03 07:35:17,0,0,0,0
2021-07-03 07:35:19,3,0,0,3
2021-07-03 07:35:21,5,0,0,5
2021-07-03 07:35:30,1,0,0,1
2021-07-03 07:35:35,9,1,5,15
2021-07-03 07:35:37,4,0,0,4
2021-07-03 07:35:39,2,0,0,2
2021-07-03 07:35:43,2,0,0,2
2021-07-03 07:35:44,0,0,0,0
2021-07-03 07:35:49,1,0,0,1
2021-07-03 07:35:51,2,0,0,2
2021-07-03 07:35:54,2,0,0,2
2021-07-03 07:35:57,3,0,1,4
2021-07-03 07:36:01,35,0,11,46
2021-07-03 07:36:02,2,0,1,3
2021-07-03 07:36:05,1,0,0,1
2021-07-03 07:36:08,0,0,0,0
2021-07-03 07:36:12,3,1,0,4
2021-07-03 07:36:14,1,1,0,2
2021-07-03 07:36:17,3,0,0,3
2021-07-03 07:36:25,2,0,0,2
2021-07-03 07:36:26,4,0,1,5
2021-07-03 07:36:27,1,0,0,1
2021-07-03 07:36:30,22,1,2,25
2021-07-03 07:36:32,2,0,0,2
2021-07-03 07:36:41,2,0,0,2
2021-07-03 07:36:43,33,1,5,39
2021-07-03 07:36:46,0,0,0,0
2021-07-03 07:36:49,3,0,0,3
2021-07-03 07:36:57,1,0,0,1
2021-07-03 07:36:59,3,0,0,3
2021-07-03 07:37:01,0,0,0,0
2021-07-03 07:37:02,12,0,0,12
2021-07-03 07:37:09,0,0,0,0
2021-07-03 07:37:11,0,0,0,0
2021-07-03 07:37:16,11,0,1,12
2021-07-03 07:37:19,10,0,0,10
2021-07-03 07:37:20,65,2,14,81
2021-07-03 07:37:21,1,0,0,1
2021-07-03 07:37:22,2,0,0,2
2021-07-03 07:37:24,0,0,0,0
2021-07-03 07:37:32,2,0,1,3
2021-07-03 07:37:34,0,0,0,0
2021-07-03 07:37:38,1,0,0,1
2021-07-03 07:37:39,1,0,0,1
2021-07-03 07:37:41,1,0,0,1
2021-07-03 07:37:43,2,0,0,2
2021-07-03 07:37:46,0,0,0,0
2021-07-03 07:37:50,0,0,0,0
2021-07-03 07:37:54,1423,95,326,1844
2021-07-03 07:37:56,0,0,0,0
2021-07-03 07:37:57,5,1,1,7
2021-07-03 07:38:02,0,0,0,0
2021-07-03 07:38:07,3,0,2,5
2021-07-03 07:38:08,0,1,0,1
2021-07-03 07:38:10,5,2,3,10
2021-07-03 07:38:11,0,0,0,0
2021-07-03 07:38:14,0,0,0,0
2021-07-03 07:38:15,2,2,0,4
2021-07-03 07:38:19,1,0,0,1
2021-07-03 07:38:23,14,2,6,22
2021-07-03 07:38:24,1,0,0,1
2021-07-03 07:38:27,0,0,0,0
2021-07-03 07:38:32,15,1,0,16
2021-07-03 07:38:33,0,0,0,0
2021-07-03 07:38:35,2,2,0,4
2021-07-03 07:38:36,0,0,0,0
2021-07-03 07:38:39,1,1,0,2
2021-07-03 07:38:40,0,0,0,0
2021-07-03 07:38:44,0,0,0,0
2021-07-03 07:38:56,123,4,38,165
2021-07-03 07:38:57,1,0,0,1
2021-07-03 07:39:00,0,0,0,0
2021-07-03 07:39:03,0,0,0,0
2021-07-03 07:39:15,0,0,0,0
2021-07-03 07:39:16,1,0,1,2
2021-07-03 07:39:22,7,0,3,10
2021-07-03 07:39:24,10,2,0,12
2021-07-03 07:39:26,0,1,0,1
2021-07-03 07:39:29,0,0,0,0
2021-07-03 07:39:30,0,0,0,0
2021-07-03 07:39:33,7,1,0,8
2021-07-03 07:39:38,227,8,64,299
2021-07-03 07:39:40,0,0,0,0
2021-07-03 07:39:41,0,0,0,0
2021-07-03 07:39:42,1,0,0,1
2021-07-03 07:39:44,0,1,0,1
2021-07-03 07:39:48,0,0,0,0
2021-07-03 07:39:52,1,0,0,1
2021-07-03 07:39:53,1,0,0,1
2021-07-03 07:39:54,0,0,0,0
2021-07-03 07:39:58,0,0,0,0
2021-07-03 07:40:03,0,1,0,1
2021-07-03 07:40:04,0,0,0,0
2021-07-03 07:40:07,1650,16,379,2045
2021-07-03 07:40:09,5,0,3,8
2021-07-03 07:40:11,2,2,0,4
2021-07-03 07:40:15,6,3,0,9
2021-07-03 07:40:18,1,0,0,1
2021-07-03 07:40:21,5471,204,1460,7135
2021-07-03 07:40:23,5,1,3,9
2021-07-03 07:40:29,20,1,2,23
2021-07-03 07:40:33,2,0,0,2
2021-07-03 07:40:36,1,0,0,1
2021-07-03 07:40:40,1,0,0,1
2021-07-03 07:40:42,1,0,0,1
2021-07-03 07:40:45,2,0,0,2
2021-07-03 07:40:46,2,0,0,2
2021-07-03 07:40:54,1,0,0,1
2021-07-03 07:40:56,2,0,0,2
2021-07-03 07:40:57,2,0,0,2
2021-07-03 07:41:00,1,0,0,1
2021-07-03 07:41:10,2,0,0,2
2021-07-03 07:41:19,5,0,0,5
2021-07-03 07:41:20,1,0,0,1
2021-07-03 07:41:22,2148,169,705,3022
2021-07-03 07:41:29,3,0,1,4
2021-07-03 07:41:33,0,0,0,0
2021-07-03 07:41:34,1,0,1,2
2021-07-03 07:41:35,0,0,0,0
2021-07-03 07:41:36,139,9,32,180
2021-07-03 07:41:41,0,0,0,0
2021-07-03 07:41:44,6,2,0,8
2021-07-03 07:41:49,1,0,0,1
2021-07-03 07:41:54,20,4,9,33
2021-07-03 07:41:57,9,0,0,9
2021-07-03 07:41:58,2,0,0,2
2021-07-03 07:42:00,1,0,0,1
2021-07-03 07:42:01,0,0,0,0
2021-07-03 07:42:05,17,0,3,20
2021-07-03 07:42:06,4,0,0,4
2021-07-03 07:42:07,0,0,0,0
2021-07-03 07:42:19,1,0,0,1
2021-07-03 07:42:21,4,1,1,6
2021-07-03 07:42:23,2474,77,371,2922
2021-07-03 07:42:24,1,0,1,2
2021-07-03 07:42:25,0,0,0,0
2021-07-03 07:42:27,0,0,0,0
2021-07-03 07:42:30,0,0,0,0
2021-07-03 07:42:31,0,0,0,0
2021-07-03 07:42:32,1,1,2,4
2021-07-03 07:42:34,1,0,0,1
2021-07-03 07:42:40,0,0,0,0
2021-07-03 07:42:46,2,0,0,2
2021-07-03 07:42:47,0,0,0,0
2021-07-03 07:42:49,0,0,0,0
2021-07-03 07:42:50,8,4,0,12
2021-07-03 07:42:51,1,0,0,1
2021-07-03 07:42:52,1,0,0,1
2021-07-03 07:42:57,7,0,1,8
2021-07-03 07:42:58,0,0,0,0
2021-07-03 07:43:04,144,22,9,175
2021-07-03 07:43:05,1,0,0,1
2021-07-03 07:43:08,2,1,0,3
2021-07-03 07:43:12,1,0,0,1
2021-07-03 07:43:17,8,0,0,8
2021-07-03 07:43:21,58,1,5,64
2021-07-03 07:43:22,5,0,3,8
2021-07-03 07:43:23,31,1,4,36
2021-07-03 07:43:30,3,0,0,3
2021-07-03 07:43:32,1,0,0,1
2021-07-03 07:43:34,10,2,0,12
2021-07-03 07:43:36,0,0,0,0
2021-07-03 07:43:41,9,2,0,11
2021-07-03 07:43:45,78,0,10,88
2021-07-03 07:43:47,75,3,22,100
2021-07-03 07:43:49,1,0,0,1
2021-07-03 07:43:51,3,0,0,3
2021-07-03 07:43:56,4,1,3,8
2021-07-03 07:43:58,1,1,0,2
2021-07-03 07:44:00,1,1,1,3
2021-07-03 07:44:01,0,0,0,0
2021-07-03 07:44:08,1,0,0,1
2021-07-03 07:44:16,6,4,0,10
2021-07-03 07:44:20,2,0,1,3
2021-07-03 07:44:24,1,0,0,1
2021-07-03 07:44:25,0,0,0,0
2021-07-03 07:44:26,7,0,3,10
2021-07-03 07:44:28,7,0,0,7
2021-07-03 07:44:30,9,0,3,12
2021-07-03 07:44:32,1,0,0,1
2021-07-03 07:44:40,5,2,0,7
2021-07-03 07:44:42,74,2,6,82
2021-07-03 07:44:48,1,0,0,1
2021-07-03 07:44:50,0,0,0,0
2021-07-03 07:44:51,518,10,99,627
2021-07-03 07:44:53,0,0,0,0
2021-07-03 07:44:56,2,0,0,2
2021-07-03 07:44:57,2,0,0,2
2021-07-03 07:44:58,1222,38,252,1512
2021-07-03 07:45:00,17,1,3,21
2021-07-03 07:45:01,1,0,0,1
2021-07-03 07:45:02,18,0,8,26
2021-07-03 07:45:06,0,0,0,0
2021-07-03 07:45:07,2,0,0,2
2021-07-03 07:45:08,0,0,0,0
2021-07-03 07:45:17,3,2,0,5
2021-07-03 07:45:20,0,0,0,0
2021-07-03 07:45:21,4,0,1,5
2021-07-03 07:45:22,1,0,0,1
2021-07-03 07:45:24,1,0,1,2
2021-07-03 07:45:28,1,0,0,1
2021-07-03 07:45:29,0,0,0,0
2021-07-03 07:45:30,2,0,2,4
2021-07-03 07:45:35,28,2,3,33
2021-07-03 07:45:36,0,0,0,0
2021-07-03 07:45:41,6,2,0,8
2021-07-03 07:45:44,1425,38,256,1719
2021-07-03 07:45:46,0,0,0,0
2021-07-03 07:45:47,1,0,0,1
2021-07-03 07:45:53,2,2,0,4
2021-07-03 07:45:58,0,0,0,0
2021-07-03 07:45:59,1,0,0,1
2021-07-03 07:46:11,1,1,1,3
2021-07-03 07:46:12,0,0,0,0
2021-07-03 07:46:21,1,1,0,2
2021-07-03 07:46:23,1,2,0,3
2021-07-03 07:46:26,2,0,0,2
2021-07-03 07:46:31,1,0,0,1
2021-07-03 07:46:32,1,2,0,3
2021-07-03 07:46:35,26,0,2,28
2021-07-03 07:46:43,1,0,0,1
2021-07-03 07:46:47,2,0,0,2
2021-07-03 07:46:49,3,0,1,4
2021-07-03 07:46:54,78,1,22,101
2021-07-03 07:46:55,1,0,0,1
2021-07-03 07:46:56,3,0,0,3
2021-07-03 07:47:01,4,1,1,6
2021-07-03 07:47:02,1,0,0,1
2021-07-03 07:47:06,3,1,1,5
2021-07-03 07:47:12,1,0,0,1
2021-07-03 07:47:13,2,1,0,3
2021-07-03 07:47:15,1,0,0,1
2021-07-03 07:47:17,1,1,0,2
2021-07-03 07:47:19,3,1,0,4
2021-07-03 07:47:24,1,0,0,1
2021-07-03 07:47:26,1,0,0,1
2021-07-03 07:47:31,2,0,0,2
2021-07-03 07:47:32,4,1,2,7
2021-07-03 07:47:42,35,2,12,49
2021-07-03 07:47:43,5,0,2,7
2021-07-03 07:47:51,147,9,45,201
2021-07-03 07:47:57,1,0,0,1
2021-07-03 07:47:58,2,0,0,2
2021-07-03 07:47:59,2,1,0,3
2021-07-03 07:48:01,2,0,0,2
2021-07-03 07:48:02,1,1,1,3
2021-07-03 07:48:05,2,0,0,2
2021-07-03 07:48:14,2,1,0,3
2021-07-03 07:48:26,1,0,0,1
2021-07-03 07:48:28,2,0,0,2
2021-07-03 07:48:33,0,0,0,0
2021-07-03 07:48:35,0,0,0,0
2021-07-03 07:48:41,2,1,0,3
2021-07-03 07:48:42,1,1,0,2
2021-07-03 07:48:43,4,1,0,5
2021-07-03 07:48:45,2,1,0,3
2021-07-03 07:48:47,10,5,0,15
2021-07-03 07:48:51,6,2,1,9
2021-07-03 07:48:52,4,1,0,5
2021-07-03 07:48:59,1,0,0,1
2021-07-03 07:49:01,1,0,0,1
2021-07-03 07:49:02,1,0,0,1
2021-07-03 07:49:03,0,1,0,1
2021-07-03 07:49:04,0,0,0,0
2021-07-03 07:49:10,0,0,0,0
2021-07-03 07:49:12,1,0,0,1
2021-07-03 07:49:14,26,0,8,34
2021-07-03 07:49:15,0,0,0,0
2021-07-03 07:49:20,1,0,0,1
2021-07-03 07:49:24,0,0,0,0
2021-07-03 07:49:27,0,0,0,0
2021-07-03 07:49:28,0,0,0,0
2021-07-03 07:49:33,1,0,0,1
2021-07-03 07:49:35,0,1,0,1
2021-07-03 07:49:37,0,0,0,0
2021-07-03 07:49:42,0,0,0,0
2021-07-03 07:49:54,2,1,1,4
2021-07-03 07:50:01,14,2,2,18
2021-07-03 07:50:02,1,0,0,1
2021-07-03 07:50:08,1,0,0,1
2021-07-03 07:50:10,0,1,0,1
2021-07-03 07:50:11,2,0,0,2
2021-07-03 07:50:12,0,1,0,1
2021-07-03 07:50:16,1,0,1,2
2021-07-03 07:50:20,25,7,5,37
2021-07-03 07:50:22,1,0,1,2
2021-07-03 07:50:25,7,0,0,7
2021-07-03 07:50:26,38,2,0,40
2021-07-03 07:50:29,8,1,3,12
2021-07-03 07:50:31,0,0,0,0
2021-07-03 07:50:32,31,3,10,44
2021-07-03 07:50:33,156,0,39,195
2021-07-03 07:50:35,0,0,0,0
2021-07-03 07:50:39,1,0,0,1
2021-07-03 07:50:41,0,8,0,8
2021-07-03 07:50:42,0,0,0,0
2021-07-03 07:50:45,1,0,0,1
2021-07-03 07:50:46,0,0,0,0
2021-07-03 07:50:47,0,0,0,0
2021-07-03 07:51:01,15,1,5,21
2021-07-03 07:51:04,2,0,0,2
2021-07-03 07:51:05,0,0,0,0
2021-07-03 07:51:09,23,0,8,31
2021-07-03 07:51:12,0,0,0,0
2021-07-03 07:51:15,1,0,0,1
2021-07-03 07:51:16,0,0,0,0
2021-07-03 07:51:17,0,0,0,0
2021-07-03 07:51:19,2,1,0,3
2021-07-03 07:51:20,0,0,0,0
2021-07-03 07:51:24,0,0,0,0
2021-07-03 07:51:26,0,0,0,0
2021-07-03 07:51:29,0,0,0,0
2021-07-03 07:51:32,2,2,0,4
2021-07-03 07:51:35,9,1,1,11
2021-07-03 07:51:38,0,0,0,0
2021-07-03 07:51:40,1,0,0,1
2021-07-03 07:51:41,1,1,0,2
2021-07-03 07:51:43,469,42,50,561
2021-07-03 07:51:45,4,2,2,8
2021-07-03 07:51:47,2,0,0,2
2021-07-03 07:51:49,1,0,0,1
2021-07-03 07:51:50,8,3,1,12
2021-07-03 07:51:53,3,0,0,3
2021-07-03 07:51:58,5,0,0,5
2021-07-03 07:52:00,2,0,0,2
2021-07-03 07:52:04,1,0,0,1
2021-07-03 07:52:07,2,0,0,2
2021-07-03 07:52:08,2,0,0,2
2021-07-03 07:52:13,2,0,0,2
2021-07-03 07:52:14,1,0,0,1
2021-07-03 07:52:20,2,0,0,2
2021-07-03 07:52:22,1,0,0,1
2021-07-03 07:52:25,2,1,0,3
2021-07-03 07:52:27,2,0,0,2
2021-07-03 07:52:28,2,0,0,2
2021-07-03 07:52:29,2,0,0,2
2021-07-03 07:52:33,1,0,0,1
2021-07-03 07:52:34,7,0,4,11
2021-07-03 07:52:41,1,0,0,1
2021-07-03 07:52:46,52,2,2,56
2021-07-03 07:52:47,3,1,0,4
2021-07-03 07:52:51,3,0,0,3
2021-07-03 07:52:55,1,1,0,2
2021-07-03 07:52:56,3,0,0,3
2021-07-03 07:52:59,1,0,0,1
2021-07-03 07:53:03,4,0,0,4
2021-07-03 07:53:04,0,0,0,0
2021-07-03 07:53:10,0,0,0,0
2021-07-03 07:53:12,1,0,0,1
2021-07-03 07:53:16,1131,19,247,1397
2021-07-03 07:53:17,0,0,0,0
2021-07-03 07:53:19,0,1,0,1
2021-07-03 07:53:21,1,0,0,1
2021-07-03 07:53:26,1,0,0,1
2021-07-03 07:53:28,1,0,0,1
2021-07-03 07:53:43,0,0,0,0
2021-07-03 07:53:44,1,0,0,1
2021-07-03 07:53:55,0,0,0,0
2021-07-03 07:53:57,1,0,0,1
2021-07-03 07:53:59,0,0,0,0
2021-07-03 07:54:07,0,0,0,0
2021-07-03 07:54:12,0,0,0,0
2021-07-03 07:54:18,0,0,0,0
2021-07-03 07:54:21,0,0,0,0
2021-07-03 07:54:23,0,1,0,1
2021-07-03 07:54:26,0,0,0,0
2021-07-03 07:54:28,0,1,0,1
2021-07-03 07:54:29,0,0,0,0
2021-07-03 07:54:30,1,0,0,1
2021-07-03 07:54:37,0,0,0,0
2021-07-03 07:54:39,5,0,0,5
2021-07-03 07:54:41,2413,79,445,2937
2021-07-03 07:54:50,1,0,0,1
2021-07-03 07:54:51,10,1,3,14
2021-07-03 07:54:52,0,0,0,0
2021-07-03 07:54:53,0,0,0,0
2021-07-03 07:54:55,1,0,0,1
2021-07-03 07:54:58,0,0,0,0
2021-07-03 07:55:02,39,5,12,56
2021-07-03 07:55:04,0,0,0,0
2021-07-03 07:55:06,9,0,2,11
2021-07-03 07:55:07,2,0,0,2
2021-07-03 07:55:14,17,1,8,26
2021-07-03 07:55:17,4,0,4,8
2021-07-03 07:55:21,16,1,4,21
2021-07-03 07:55:24,6,1,0,7
2021-07-03 07:55:25,859,17,187,1063
2021-07-03 07:55:26,1,0,0,1
2021-07-03 07:55:28,4,0,0,4
2021-07-03 07:55:30,25,0,5,30
2021-07-03 07:55:31,1,0,0,1
2021-07-03 07:55:32,2,0,0,2
2021-07-03 07:55:36,0,0,0,0
2021-07-03 07:55:38,0,0,0,0
2021-07-03 07:55:40,0,0,0,0
2021-07-03 07:55:41,19,1,6,26
2021-07-03 07:55:42,1,0,0,1
2021-07-03 07:55:44,175,22,54,251
2021-07-03 07:55:46,0,0,0,0
2021-07-03 07:55:51,3,0,0,3
2021-07-03 07:55:53,1,0,0,1
2021-07-03 07:55:55,38,2,14,54
2021-07-03 07:56:00,1,0,0,1
2021-07-03 07:56:01,2,0,4,6
2021-07-03 07:56:04,2,0,1,3
2021-07-03 07:56:07,11,1,3,15
2021-07-03 07:56:10,0,0,0,0
2021-07-03 07:56:15,2,0,4,6
2021-07-03 07:56:16,6,2,0,8
2021-07-03 07:56:17,1,0,0,1
2021-07-03 07:56:20,28,2,4,34
2021-07-03 07:56:22,2,0,1,3
2021-07-03 07:56:32,1,0,0,1
2021-07-03 07:56:33,6,1,1,8
2021-07-03 07:56:37,6,1,3,10
2021-07-03 07:56:40,37,0,5,42
2021-07-03 07:56:45,1,0,0,1
2021-07-03 07:56:48,12,0,0,12
2021-07-03 07:56:50,93,5,16,114
2021-07-03 07:56:52,0,1,0,1
2021-07-03 07:56:53,0,0,0,0
2021-07-03 07:56:57,0,0,0,0
2021-07-03 07:57:02,1,0,0,1
2021-07-03 07:57:03,27,0,4,31
2021-07-03 07:57:06,1,0,0,1
2021-07-03 07:57:10,0,0,0,0
2021-07-03 07:57:12,1214,28,248,1490
2021-07-03 07:57:17,2,0,0,2
2021-07-03 07:57:18,0,0,0,0
2021-07-03 07:57:19,2,0,0,2
2021-07-03 07:57:20,3,0,0,3
2021-07-03 07:57:21,6,0,1,7
2021-07-03 07:57:24,19,0,7,26
2021-07-03 07:57:29,1,0,0,1
2021-07-03 07:57:30,0,0,0,0
2021-07-03 07:57:33,0,0,0,0
2021-07-03 07:57:34,0,0,0,0
2021-07-03 07:57:36,1,1,0,2
2021-07-03 07:57:37,3,2,0,5
2021-07-03 07:57:40,0,0,0,0
2021-07-03 07:57:42,0,0,0,0
2021-07-03 07:57:43,9,0,0,9
2021-07-03 07:57:47,2,1,0,3
2021-07-03 07:57:50,2376,82,514,2972
2021-07-03 07:57:52,3,0,0,3
2021-07-03 07:57:53,0,0,0,0
2021-07-03 07:57:57,3930,68,830,4828
2021-07-03 07:58:00,0,0,0,0
2021-07-03 07:58:01,0,0,0,0
2021-07-03 07:58:02,0,0,0,0
2021-07-03 07:58:03,1,0,0,1
2021-07-03 07:58:08,0,0,0,0
2021-07-03 07:58:14,1,0,0,1
2021-07-03 07:58:15,2,0,0,2
2021-07-03 07:58:23,2,0,0,2
2021-07-03 07:58:26,0,0,0,0
2021-07-03 07:58:27,2,1,0,3
2021-07-03 07:58:28,2,0,0,2
2021-07-03 07:58:35,0,0,1,1
2021-07-03 07:58:36,0,0,0,0
2021-07-03 07:58:40,0,0,0,0
2021-07-03 07:58:42,1,0,0,1
2021-07-03 07:58:47,0,0,0,0
2021-07-03 07:58:48,1,0,0,1
2021-07-03 07:58:56,1,0,0,1
2021-07-03 07:58:58,25,4,9,38
2021-07-03 07:58:59,2,0,0,2
2021-07-03 07:59:00,0,0,0,0
2021-07-03 07:59:03,0,0,0,0
2021-07-03 07:59:05,1,0,0,1
2021-07-03 07:59:06,0,0,0,0
2021-07-03 07:59:07,2,0,0,2
2021-07-03 07:59:11,0,0,0,0
2021-07-03 07:59:13,7,0,2,9
2021-07-03 07:59:14,0,0,0,0
2021-07-03 07:59:19,0,0,0,0
2021-07-03 07:59:22,0,0,0,0
2021-07-03 07:59:23,2,0,0,2
2021-07-03 07:59:24,0,0,0,0
2021-07-03 07:59:25,2,0,0,2
2021-07-03 07:59:26,0,0,0,0
2021-07-03 07:59:28,2,0,0,2
2021-07-03 07:59:29,0,0,0,0
2021-07-03 07:59:31,3,0,0,3
2021-07-03 07:59:38,0,1,0,1
2021-07-03 07:59:40,0,0,0,0
2021-07-03 07:59:41,38,7,12,57
2021-07-03 07:59:42,0,0,0,0
2021-07-03 07:59:45,0,0,0,0
2021-07-03 07:59:46,3,0,0,3
2021-07-03 07:59:53,0,0,0,0
2021-07-03 07:59:55,8,0,0,8
2021-07-03 07:59:59,0,0,0,0
2021-07-03 08:00:00,2880,71,430,3381
2021-07-03 08:00:01,9,0,1,10
2021-07-03 08:00:02,1121,49,245,1415
2021-07-03 08:00:06,2,0,0,2
2021-07-03 08:00:10,5,1,0,6
2021-07-03 08:00:11,1,0,0,1
2021-07-03 08:00:15,2,0,0,2
2021-07-03 08:00:18,3,0,2,5
2021-07-03 08:00:19,8,1,1,10
2021-07-03 08:00:20,1,0,0,1
2021-07-03 08:00:22,14,0,4,18
2021-07-03 08:00:23,3,0,0,3
2021-07-03 08:00:25,2,0,1,3
2021-07-03 08:00:28,3,0,0,3
2021-07-03 08:00:29,0,0,0,0
2021-07-03 08:00:30,2,0,1,3
2021-07-03 08:00:33,1,1,1,3
2021-07-03 08:00:38,16,0,5,21
2021-07-03 08:00:39,2,0,1,3
2021-07-03 08:00:41,2,0,0,2
2021-07-03 08:00:42,1,0,0,1
2021-07-03 08:00:45,0,0,0,0
2021-07-03 08:00:46,2,0,0,2
2021-07-03 08:00:47,2,0,0,2
2021-07-03 08:00:48,8,1,5,14
2021-07-03 08:00:49,1,0,0,1
2021-07-03 08:00:57,3,0,0,3
2021-07-03 08:01:00,0,0,0,0
2021-07-03 08:01:01,0,0,0,0
2021-07-03 08:01:02,4,0,0,4
2021-07-03 08:01:03,14,0,1,15
2021-07-03 08:01:05,9,2,1,12
2021-07-03 08:01:07,0,0,0,0
2021-07-03 08:01:08,1,0,0,1
2021-07-03 08:01:10,1,0,0,1
2021-07-03 08:01:11,0,0,0,0
2021-07-03 08:01:14,0,0,0,0
2021-07-03 08:01:16,0,0,1,1
2021-07-03 08:01:19,0,0,0,0
2021-07-03 08:01:22,7,1,1,9
2021-07-03 08:01:23,1,0,0,1
2021-07-03 08:01:27,0,0,0,0
2021-07-03 08:01:30,0,0,0,0
2021-07-03 08:01:31,2,0,0,2
2021-07-03 08:01:32,2,0,0,2
2021-07-03 08:01:33,0,0,0,0
2021-07-03 08:01:34,0,1,0,1
2021-07-03 08:01:36,1,0,1,2
2021-07-03 08:01:39,1,0,1,2
2021-07-03 08:01:41,1,0,0,1
2021-07-03 08:01:43,1,0,1,2
2021-07-03 08:01:45,3,0,0,3
2021-07-03 08:01:46,4,0,0,4
2021-07-03 08:01:49,0,0,0,0
2021-07-03 08:01:53,0,0,0,0
2021-07-03 08:01:54,0,0,0,0
2021-07-03 08:01:57,24,0,5,29
2021-07-03 08:01:59,1,0,0,1
2021-07-03 08:02:02,0,0,0,0
2021-07-03 08:02:07,1,0,0,1
2021-07-03 08:02:08,0,0,0,0
2021-07-03 08:02:11,60,4,21,85
2021-07-03 08:02:12,0,0,0,0
2021-07-03 08:02:15,4,0,0,4
2021-07-03 08:02:18,3,0,0,3
2021-07-03 08:02:22,0,0,0,0
2021-07-03 08:02:23,42,1,13,56
2021-07-03 08:02:24,7,2,0,9
2021-07-03 08:02:25,0,0,0,0
2021-07-03 08:02:30,5,0,0,5
2021-07-03 08:02:32,5,0,2,7
2021-07-03 08:02:36,0,0,0,0
2021-07-03 08:02:42,0,0,0,0
2021-07-03 08:02:43,1,0,0,1
2021-07-03 08:02:44,0,0,0,0
2021-07-03 08:02:46,5,1,4,10
2021-07-03 08:02:47,0,0,1,1
2021-07-03 08:02:48,0,0,0,0
2021-07-03 08:02:51,0,0,0,0
2021-07-03 08:02:53,1,0,0,1
2021-07-03 08:02:54,0,0,0,0
2021-07-03 08:02:56,14,0,3,17
2021-07-03 08:02:57,369,17,118,504
2021-07-03 08:02:59,0,0,0,0
2021-07-03 08:03:02,0,0,0,0
2021-07-03 08:03:05,1,0,0,1
2021-07-03 08:03:07,5,0,1,6
2021-07-03 08:03:14,0,0,0,0
2021-07-03 08:03:16,0,0,0,0
2021-07-03 08:03:17,1,0,1,2
2021-07-03 08:03:21,0,0,0,0
2021-07-03 08:03:23,0,0,0,0
2021-07-03 08:03:25,6,0,2,8
2021-07-03 08:03:27,0,0,0,0
2021-07-03 08:03:30,1,0,0,1
2021-07-03 08:03:31,2,0,0,2
2021-07-03 08:03:32,0,0,0,0
2021-07-03 08:03:36,16,2,2,20
2021-07-03 08:03:50,0,0,0,0
2021-07-03 08:03:51,1964,62,358,2384
2021-07-03 08:03:56,1,0,0,1
2021-07-03 08:03:57,0,0,0,0
2021-07-03 08:03:59,3,0,1,4
2021-07-03 08:04:03,0,0,0,0
2021-07-03 08:04:05,1,0,0,1
2021-07-03 08:04:06,4,0,2,6
2021-07-03 08:04:07,1,0,0,1
2021-07-03 08:04:08,4,0,2,6
2021-07-03 08:04:10,2,0,1,3
2021-07-03 08:04:12,0,0,0,0
2021-07-03 08:04:13,7,0,0,7
2021-07-03 08:04:14,22,0,3,25
2021-07-03 08:04:17,3,0,1,4
2021-07-03 08:04:18,0,0,0,0
2021-07-03 08:04:20,0,0,0,0
2021-07-03 08:04:21,0,0,0,0
2021-07-03 08:04:22,2,0,0,2
2021-07-03 08:04:23,155,8,37,200
2021-07-03 08:04:25,2,0,0,2
2021-07-03 08:04:30,27,1,4,32
2021-07-03 08:04:31,0,0,0,0
2021-07-03 08:04:37,2,0,0,2
2021-07-03 08:04:40,3,1,0,4
2021-07-03 08:04:43,17,0,4,21
2021-07-03 08:04:44,0,0,0,0
2021-07-03 08:04:46,0,0,0,0
2021-07-03 08:04:48,3,1,0,4
2021-07-03 08:04:51,1,0,0,1
2021-07-03 08:04:54,0,0,0,0
2021-07-03 08:04:56,1,0,0,1
2021-07-03 08:04:57,8,0,0,8
2021-07-03 08:04:58,8,2,3,13
2021-07-03 08:05:00,34,1,9,44
2021-07-03 08:05:02,0,0,0,0
2021-07-03 08:05:05,1,1,0,2
2021-07-03 08:05:06,0,0,0,0
2021-07-03 08:05:09,3094,70,596,3760
2021-07-03 08:05:16,0,0,0,0
2021-07-03 08:05:17,1,0,0,1
2021-07-03 08:05:18,0,0,0,0
2021-07-03 08:05:19,0,0,0,0
2021-07-03 08:05:20,3,0,1,4
2021-07-03 08:05:21,0,0,0,0
2021-07-03 08:05:24,7,0,1,8
2021-07-03 08:05:27,0,0,0,0
2021-07-03 08:05:30,13,2,5,20
2021-07-03 08:05:33,0,0,0,0
2021-07-03 08:05:34,1,0,0,1
2021-07-03 08:05:36,7,2,3,12
2021-07-03 08:05:38,8,0,1,9
2021-07-03 08:05:40,0,0,0,0
2021-07-03 08:05:41,1,0,0,1
2021-07-03 08:05:48,61,1,6,68
2021-07-03 08:05:51,0,0,0,0
2021-07-03 08:05:55,0,0,0,0
2021-07-03 08:06:01,1,0,0,1
2021-07-03 08:06:05,0,0,0,0
2021-07-03 08:06:06,2,0,0,2
2021-07-03 08:06:08,1,0,0,1
2021-07-03 08:06:14,2,0,0,2
2021-07-03 08:06:18,27,2,3,32
2021-07-03 08:06:25,0,0,0,0
2021-07-03 08:06:35,1,0,1,2
2021-07-03 08:06:36,1,0,0,1
2021-07-03 08:06:39,59,5,4,68
2021-07-03 08:06:40,0,0,0,0
2021-07-03 08:06:42,15,0,3,18
2021-07-03 08:06:44,0,0,0,0
2021-07-03 08:06:45,18,0,8,26
2021-07-03 08:06:47,0,0,0,0
2021-07-03 08:06:50,3,0,1,4
2021-07-03 08:06:56,0,0,0,0
2021-07-03 08:06:57,1,0,0,1
2021-07-03 08:06:58,17,1,2,20
2021-07-03 08:07:00,1,0,0,1
2021-07-03 08:07:02,1,0,0,1
2021-07-03 08:07:09,1,0,0,1
2021-07-03 08:07:10,1,0,0,1
2021-07-03 08:07:13,0,0,0,0
2021-07-03 08:07:14,5,0,1,6
2021-07-03 08:07:15,1,0,0,1
2021-07-03 08:07:16,238,6,49,293
2021-07-03 08:07:19,0,0,0,0
2021-07-03 08:07:24,6,1,0,7
2021-07-03 08:07:25,4,0,1,5
2021-07-03 08:07:30,3,0,0,3
2021-07-03 08:07:36,4,1,1,6
2021-07-03 08:07:37,2,0,0,2
2021-07-03 08:07:38,2,0,0,2
2021-07-03 08:07:44,3,0,0,3
2021-07-03 08:07:46,1,0,0,1
2021-07-03 08:07:50,1,0,0,1
2021-07-03 08:07:53,2,0,0,2
2021-07-03 08:07:55,1,0,0,1
2021-07-03 08:07:56,3,0,1,4
2021-07-03 08:08:03,1,0,0,1
2021-07-03 08:08:06,0,0,0,0
2021-07-03 08:08:07,0,0,0,0
2021-07-03 08:08:10,1,0,0,1
2021-07-03 08:08:11,11,1,4,16
2021-07-03 08:08:16,0,0,0,0
2021-07-03 08:08:22,1,0,0,1
2021-07-03 08:08:27,0,0,0,0
2021-07-03 08:08:32,1,0,1,2
2021-07-03 08:08:36,0,0,0,0
2021-07-03 08:08:38,2,0,0,2
2021-07-03 08:08:39,0,0,0,0
2021-07-03 08:08:47,37,0,9,46
2021-07-03 08:08:55,10,2,0,12
2021-07-03 08:09:02,0,0,0,0
2021-07-03 08:09:09,0,0,0,0
2021-07-03 08:09:10,5,0,0,5
2021-07-03 08:09:11,0,0,0,0
2021-07-03 08:09:17,75,2,18,95
2021-07-03 08:09:20,44,2,22,68
2021-07-03 08:09:24,5,1,3,9
2021-07-03 08:09:26,3,0,1,4
2021-07-03 08:09:31,1,0,0,1
2021-07-03 08:09:33,0,0,0,0
2021-07-03 08:09:35,2,0,1,3
2021-07-03 08:09:36,2,0,0,2
2021-07-03 08:09:40,0,0,0,0
2021-07-03 08:09:46,0,0,0,0
2021-07-03 08:09:47,0,0,0,0
2021-07-03 08:09:50,1,0,0,1
2021-07-03 08:09:59,4,0,2,6
2021-07-03 08:10:02,13,1,3,17
2021-07-03 08:10:04,0,0,0,0
2021-07-03 08:10:05,0,0,0,0
2021-07-03 08:10:13,4,0,2,6
2021-07-03 08:10:14,1,0,0,1
2021-07-03 08:10:17,1,8,0,9
2021-07-03 08:10:19,0,0,0,0
2021-07-03 08:10:26,0,0,0,0
2021-07-03 08:10:27,33,2,8,43
2021-07-03 08:10:28,11,1,5,17
2021-07-03 08:10:36,2,0,0,2
2021-07-03 08:10:38,2,0,0,2
2021-07-03 08:10:39,0,0,0,0
2021-07-03 08:10:40,31,1,19,51
2021-07-03 08:10:42,7,0,5,12
2021-07-03 08:10:43,13,0,2,15
2021-07-03 08:10:44,0,0,0,0
2021-07-03 08:10:46,0,0,0,0
2021-07-03 08:10:47,38,0,19,57
2021-07-03 08:10:52,0,0,0,0
2021-07-03 08:10:54,1,0,0,1
2021-07-03 08:10:55,3,0,0,3
2021-07-03 08:10:56,0,0,0,0
2021-07-03 08:11:04,2712,80,588,3380
2021-07-03 08:11:05,2,0,0,2
2021-07-03 08:11:09,0,0,0,0
2021-07-03 08:11:10,1,0,0,1
2021-07-03 08:11:11,1,0,0,1
2021-07-03 08:11:18,0,0,0,0
2021-07-03 08:11:19,22,1,6,29
2021-07-03 08:11:23,2,0,2,4
2021-07-03 08:11:25,0,0,0,0
2021-07-03 08:11:27,0,0,0,0
2021-07-03 08:11:28,2,1,0,3
2021-07-03 08:11:31,105,1,14,120
2021-07-03 08:11:32,0,0,0,0
2021-07-03 08:11:34,0,0,0,0
2021-07-03 08:11:36,0,0,0,0
2021-07-03 08:11:39,0,0,0,0
2021-07-03 08:11:41,0,0,0,0
2021-07-03 08:11:47,16,5,8,29
2021-07-03 08:11:48,2,0,0,2
2021-07-03 08:11:51,0,0,0,0
2021-07-03 08:11:57,1,0,1,2
2021-07-03 08:11:59,0,1,0,1
2021-07-03 08:12:00,5,1,4,10
2021-07-03 08:12:01,1,1,0,2
2021-07-03 08:12:05,1,0,0,1
2021-07-03 08:12:08,1,0,0,1
2021-07-03 08:12:09,18,1,2,21
2021-07-03 08:12:11,0,0,0,0
2021-07-03 08:12:12,1,0,2,3
2021-07-03 08:12:13,14,2,4,20
2021-07-03 08:12:14,0,0,0,0
2021-07-03 08:12:15,0,0,0,0
2021-07-03 08:12:17,3,0,0,3
2021-07-03 08:12:19,4,0,2,6
2021-07-03 08:12:21,0,0,0,0
2021-07-03 08:12:26,0,0,0,0
2021-07-03 08:12:27,0,0,0,0
2021-07-03 08:12:30,0,0,0,0
2021-07-03 08:12:31,0,0,0,0
2021-07-03 08:12:36,0,0,0,0
2021-07-03 08:12:38,1,0,0,1
2021-07-03 08:12:44,0,0,0,0
2021-07-03 08:12:45,0,0,0,0
2021-07-03 08:12:49,19,0,2,21
2021-07-03 08:12:50,2,0,1,3
2021-07-03 08:12:52,12,1,0,13
2021-07-03 08:12:53,0,0,0,0
2021-07-03 08:12:57,0,0,0,0
2021-07-03 08:12:58,30,2,3,35
2021-07-03 08:13:00,200,6,50,256
2021-07-03 08:13:02,0,0,0,0
2021-07-03 08:13:04,0,0,0,0
2021-07-03 08:13:07,4,0,3,7
2021-07-03 08:13:12,5,2,2,9
2021-07-03 08:13:13,6,1,2,9
2021-07-03 08:13:15,9,0,3,12
2021-07-03 08:13:17,41,3,11,55
2021-07-03 08:13:21,17,1,6,24
2021-07-03 08:13:23,0,0,0,0
2021-07-03 08:13:25,1,0,0,1
2021-07-03 08:13:32,0,0,0,0
2021-07-03 08:13:38,0,0,0,0
2021-07-03 08:13:42,1,0,0,1
2021-07-03 08:13:45,0,0,0,0
2021-07-03 08:13:54,0,0,0,0
2021-07-03 08:13:57,21,0,5,26
2021-07-03 08:13:59,0,0,0,0
2021-07-03 08:14:00,139,1,26,166
2021-07-03 08:14:06,0,0,0,0
2021-07-03 08:14:08,0,0,0,0
2021-07-03 08:14:09,0,0,0,0
2021-07-03 08:14:12,1,0,0,1
2021-07-03 08:14:22,31,0,0,31
2021-07-03 08:14:24,0,0,0,0
2021-07-03 08:14:25,2,0,0,2
2021-07-03 08:14:28,0,0,0,0
2021-07-03 08:14:29,0,0,0,0
2021-07-03 08:14:30,4,0,0,4
2021-07-03 08:14:33,0,0,0,0
2021-07-03 08:14:34,6,0,2,8
2021-07-03 08:14:35,15,3,3,21
2021-07-03 08:14:38,1,0,0,1
2021-07-03 08:14:39,2,0,0,2
2021-07-03 08:14:40,1,0,0,1
2021-07-03 08:14:41,100,3,15,118
2021-07-03 08:14:42,3,0,0,3
2021-07-03 08:14:44,8,0,0,8
2021-07-03 08:14:45,5,0,1,6
2021-07-03 08:14:46,4,0,1,5
2021-07-03 08:14:47,1,0,0,1
2021-07-03 08:14:53,2,0,0,2
2021-07-03 08:14:54,23,0,11,34
2021-07-03 08:14:55,3,0,0,3
2021-07-03 08:15:01,1,0,0,1
2021-07-03 08:15:02,4,0,0,4
2021-07-03 08:15:03,14,2,2,18
2021-07-03 08:15:04,17,0,0,17
2021-07-03 08:15:11,12,0,0,12
2021-07-03 08:15:12,1,0,1,2
2021-07-03 08:15:13,1101,12,200,1313
2021-07-03 08:15:14,2,0,1,3
2021-07-03 08:15:15,2,1,0,3
2021-07-03 08:15:17,1,0,0,1
2021-07-03 08:15:18,3,0,0,3
2021-07-03 08:15:19,13,0,0,13
2021-07-03 08:15:20,2,0,0,2
2021-07-03 08:15:23,1,0,0,1
2021-07-03 08:15:25,3,0,0,3
2021-07-03 08:15:27,87,1,19,107
2021-07-03 08:15:28,7,0,4,11
2021-07-03 08:15:31,0,0,0,0
2021-07-03 08:15:39,4,0,0,4
2021-07-03 08:15:40,0,0,0,0
2021-07-03 08:15:41,0,0,0,0
2021-07-03 08:15:47,2555,531,133,3219
2021-07-03 08:15:49,91,17,19,127
2021-07-03 08:15:51,0,0,0,0
2021-07-03 08:15:54,0,0,0,0
2021-07-03 08:15:55,0,0,0,0
2021-07-03 08:15:57,4,0,2,6
2021-07-03 08:15:59,1,0,0,1
2021-07-03 08:16:01,1,0,0,1
2021-07-03 08:16:02,0,0,1,1
2021-07-03 08:16:03,0,0,1,1
2021-07-03 08:16:05,0,0,1,1
2021-07-03 08:16:06,0,0,1,1
2021-07-03 08:16:09,3,0,1,4
2021-07-03 08:16:12,2,0,2,4
2021-07-03 08:16:18,4,0,4,8
2021-07-03 08:16:20,0,1,1,2
2021-07-03 08:16:23,3,0,2,5
2021-07-03 08:16:28,0,0,1,1
2021-07-03 08:16:31,51,9,26,86
2021-07-03 08:16:32,0,0,0,0
2021-07-03 08:16:34,0,0,1,1
2021-07-03 08:16:36,12,1,7,20
2021-07-03 08:16:38,1,0,2,3
2021-07-03 08:16:39,12,1,5,18
2021-07-03 08:16:41,12,1,6,19
2021-07-03 08:16:42,1,0,1,2
2021-07-03 08:16:43,9,0,3,12
2021-07-03 08:16:44,0,0,1,1
2021-07-03 08:16:45,0,0,2,2
2021-07-03 08:16:53,0,0,2,2
2021-07-03 08:16:56,0,0,1,1
2021-07-03 08:16:57,3,0,2,5
2021-07-03 08:17:03,12,2,3,17
2021-07-03 08:17:04,0,0,0,0
2021-07-03 08:17:07,0,0,0,0
2021-07-03 08:17:09,5,0,2,7
2021-07-03 08:17:15,2,1,0,3
2021-07-03 08:17:19,14,2,0,16
2021-07-03 08:17:24,4,0,0,4
2021-07-03 08:17:27,1,0,1,2
2021-07-03 08:17:29,1,0,1,2
2021-07-03 08:17:30,11,2,2,15
2021-07-03 08:17:32,7,1,4,12
2021-07-03 08:17:33,36,2,12,50
2021-07-03 08:17:34,4,0,2,6
2021-07-03 08:17:35,114,14,12,140
2021-07-03 08:17:36,1,0,1,2
2021-07-03 08:17:42,1,0,0,1
2021-07-03 08:17:53,1,0,1,2
2021-07-03 08:17:56,26,0,4,30
2021-07-03 08:17:59,2,0,1,3
2021-07-03 08:18:00,3,1,1,5
2021-07-03 08:18:01,18,0,3,21
2021-07-03 08:18:07,0,0,1,1
2021-07-03 08:18:10,3,0,1,4
2021-07-03 08:18:11,1,0,1,2
2021-07-03 08:18:13,7,0,2,9
2021-07-03 08:18:15,21,1,10,32
2021-07-03 08:18:17,5,0,4,9
2021-07-03 08:18:20,1,0,0,1
2021-07-03 08:18:24,1,0,0,1
2021-07-03 08:18:25,8,0,2,10
2021-07-03 08:18:26,0,0,0,0
2021-07-03 08:18:27,0,0,1,1
2021-07-03 08:18:29,0,0,0,0
2021-07-03 08:18:30,0,0,1,1
2021-07-03 08:18:31,1,0,1,2
2021-07-03 08:18:32,0,0,1,1
2021-07-03 08:18:34,7,1,3,11
2021-07-03 08:18:35,29,1,7,37
2021-07-03 08:18:37,5,0,5,10
2021-07-03 08:18:41,2,0,1,3
2021-07-03 08:18:45,25,1,14,40
2021-07-03 08:18:46,10,2,5,17
2021-07-03 08:18:50,1,0,1,2
2021-07-03 08:18:51,2,0,1,3
2021-07-03 08:18:53,4,0,4,8
2021-07-03 08:18:58,1,0,1,2
2021-07-03 08:18:59,0,0,0,0
2021-07-03 08:19:01,1,0,0,1
2021-07-03 08:19:02,0,0,0,0
2021-07-03 08:19:03,3,0,3,6
2021-07-03 08:19:07,0,0,1,1
2021-07-03 08:19:08,16,0,6,22
2021-07-03 08:19:10,0,0,1,1
2021-07-03 08:19:11,0,0,1,1
2021-07-03 08:19:13,10,0,1,11
2021-07-03 08:19:17,1,0,1,2
2021-07-03 08:19:19,9,2,1,12
2021-07-03 08:19:22,7,0,3,10
2021-07-03 08:19:28,12,6,4,22
2021-07-03 08:19:29,2,0,1,3
2021-07-03 08:19:30,9,0,4,13
2021-07-03 08:19:32,591,17,146,754
2021-07-03 08:19:34,14,1,4,19
2021-07-03 08:19:35,0,0,2,2
2021-07-03 08:19:36,12,3,6,21
2021-07-03 08:19:37,3,0,3,6
2021-07-03 08:19:38,14,1,3,18
2021-07-03 08:19:40,1,0,2,3
2021-07-03 08:19:43,5,0,0,5
2021-07-03 08:19:45,2,0,3,5
2021-07-03 08:19:48,0,0,0,0
2021-07-03 08:19:51,0,0,0,0
2021-07-03 08:19:52,7,0,3,10
2021-07-03 08:20:01,29,1,4,34
2021-07-03 08:20:03,1,0,0,1
2021-07-03 08:20:06,1,0,0,1
2021-07-03 08:20:16,1,1,0,2
2021-07-03 08:20:18,2,1,1,4
2021-07-03 08:20:20,1,0,1,2
2021-07-03 08:20:21,2,0,5,7
2021-07-03 08:20:22,17,0,4,21
2021-07-03 08:20:24,0,0,1,1
2021-07-03 08:20:25,3,0,1,4
2021-07-03 08:20:27,0,0,1,1
2021-07-03 08:20:28,13,1,6,20
2021-07-03 08:20:29,0,0,1,1
2021-07-03 08:20:31,1,0,2,3
2021-07-03 08:20:34,1,0,1,2
2021-07-03 08:20:40,0,0,1,1
2021-07-03 08:20:41,2,0,1,3
2021-07-03 08:20:42,0,0,1,1
2021-07-03 08:20:45,0,0,2,2
2021-07-03 08:20:49,0,0,0,0
2021-07-03 08:20:52,1,0,0,1
2021-07-03 08:20:53,3,0,0,3
2021-07-03 08:20:56,12,4,3,19
2021-07-03 08:20:57,8,1,3,12
2021-07-03 08:21:03,0,0,1,1
2021-07-03 08:21:08,9,2,3,14
2021-07-03 08:21:09,1,0,1,2
2021-07-03 08:21:11,0,0,1,1
2021-07-03 08:21:12,4,1,2,7
2021-07-03 08:21:17,0,0,1,1
2021-07-03 08:21:19,12,0,2,14
2021-07-03 08:21:22,0,0,1,1
2021-07-03 08:21:23,2,0,1,3
2021-07-03 08:21:26,4,0,0,4
2021-07-03 08:21:34,1,0,0,1
2021-07-03 08:21:35,0,0,0,0
2021-07-03 08:21:39,18,1,3,22
2021-07-03 08:21:40,0,0,1,1
2021-07-03 08:21:42,0,0,1,1
2021-07-03 08:21:44,1,0,1,2
2021-07-03 08:21:47,0,0,1,1
2021-07-03 08:21:50,0,0,1,1
2021-07-03 08:21:51,645,50,136,831
2021-07-03 08:21:54,0,0,1,1
2021-07-03 08:21:55,3,0,3,6
2021-07-03 08:21:57,0,0,1,1
2021-07-03 08:21:59,26,1,5,32
2021-07-03 08:22:00,0,0,2,2
2021-07-03 08:22:01,1,0,2,3
2021-07-03 08:22:04,13,0,5,18
2021-07-03 08:22:08,1,0,1,2
2021-07-03 08:22:15,2,0,1,3
2021-07-03 08:22:18,257,9,48,314
2021-07-03 08:22:20,1,0,1,2
2021-07-03 08:22:21,3,0,1,4
2021-07-03 08:22:23,14,0,8,22
2021-07-03 08:22:28,19,0,6,25
2021-07-03 08:22:30,3,0,1,4
2021-07-03 08:22:31,1,0,0,1
2021-07-03 08:22:37,12,0,7,19
2021-07-03 08:22:39,2,0,2,4
2021-07-03 08:22:40,20,5,5,30
2021-07-03 08:22:41,3,0,1,4
2021-07-03 08:22:42,7,1,2,10
2021-07-03 08:22:44,3,0,1,4
2021-07-03 08:22:47,1,0,1,2
2021-07-03 08:22:50,2,0,2,4
2021-07-03 08:22:51,11,0,1,12
2021-07-03 08:22:54,2,0,2,4
2021-07-03 08:23:01,0,0,0,0
2021-07-03 08:23:02,2,0,0,2
2021-07-03 08:23:10,9,0,3,12
2021-07-03 08:23:11,0,0,0,0
2021-07-03 08:23:13,2,1,0,3
2021-07-03 08:23:14,241,4,61,306
2021-07-03 08:23:15,1,0,0,1
2021-07-03 08:23:23,1,0,0,1
2021-07-03 08:23:24,27,0,10,37
2021-07-03 08:23:27,0,0,0,0
2021-07-03 08:23:28,1,0,0,1
2021-07-03 08:23:30,0,0,0,0
2021-07-03 08:23:32,227,4,57,288
2021-07-03 08:23:33,100,5,20,125
2021-07-03 08:23:34,20,2,5,27
2021-07-03 08:23:36,6,0,1,7
2021-07-03 08:23:37,0,0,0,0
2021-07-03 08:23:47,2,0,2,4
2021-07-03 08:23:49,9,0,4,13
2021-07-03 08:23:55,1,0,0,1
2021-07-03 08:23:56,0,0,0,0
2021-07-03 08:23:57,2,0,0,2
2021-07-03 08:23:58,5,0,1,6
2021-07-03 08:24:02,0,0,0,0
2021-07-03 08:24:03,5,1,4,10
2021-07-03 08:24:04,1,0,0,1
2021-07-03 08:24:09,1,0,1,2
2021-07-03 08:24:12,3,0,1,4
2021-07-03 08:24:15,1,0,1,2
2021-07-03 08:24:17,1,0,3,4
2021-07-03 08:24:18,1,0,1,2
2021-07-03 08:24:21,18162,351,1506,20019
2021-07-03 08:24:22,0,0,1,1
2021-07-03 08:24:23,2,0,1,3
2021-07-03 08:24:25,6,0,2,8
2021-07-03 08:24:27,21,3,4,28
2021-07-03 08:24:30,5,0,2,7
2021-07-03 08:24:33,10,0,5,15
2021-07-03 08:24:36,54,1,18,73
2021-07-03 08:24:38,2,0,1,3
2021-07-03 08:24:39,23,2,3,28
2021-07-03 08:24:42,2,0,1,3
2021-07-03 08:24:46,5,0,0,5
2021-07-03 08:24:48,0,0,0,0
2021-07-03 08:24:55,0,0,0,0
2021-07-03 08:24:57,0,0,0,0
2021-07-03 08:25:01,5,1,0,6
2021-07-03 08:25:02,0,0,0,0
2021-07-03 08:25:04,3,1,2,6
2021-07-03 08:25:06,4,1,0,5
2021-07-03 08:25:08,30,1,8,39
2021-07-03 08:25:10,1,0,0,1
2021-07-03 08:25:11,1,0,0,1
2021-07-03 08:25:14,6,1,2,9
2021-07-03 08:25:15,2,0,0,2
2021-07-03 08:25:16,1,0,0,1
2021-07-03 08:25:17,0,0,0,0
2021-07-03 08:25:21,46,2,6,54
2021-07-03 08:25:22,0,0,0,0
2021-07-03 08:25:25,1,0,0,1
2021-07-03 08:25:26,2,0,0,2
2021-07-03 08:25:27,0,0,0,0
2021-07-03 08:25:31,22,0,4,26
2021-07-03 08:25:32,1,0,0,1
2021-07-03 08:25:34,28,0,0,28
2021-07-03 08:25:35,0,0,0,0
2021-07-03 08:25:36,0,0,0,0
2021-07-03 08:25:37,2,0,0,2
2021-07-03 08:25:39,1,1,0,2
2021-07-03 08:25:43,2,1,0,3
2021-07-03 08:25:44,9,1,2,12
2021-07-03 08:25:45,1,0,0,1
2021-07-03 08:25:52,9,1,1,11
2021-07-03 08:25:56,2,0,0,2
2021-07-03 08:25:58,1,0,0,1
2021-07-03 08:25:59,8,2,2,12
2021-07-03 08:26:05,2,0,0,2
2021-07-03 08:26:07,1,0,0,1
2021-07-03 08:26:08,0,0,0,0
2021-07-03 08:26:09,1,0,0,1
2021-07-03 08:26:10,0,0,0,0
2021-07-03 08:26:11,10,2,2,14
2021-07-03 08:26:12,14,1,2,17
2021-07-03 08:26:13,11,0,0,11
2021-07-03 08:26:14,0,0,0,0
2021-07-03 08:26:15,0,0,0,0
2021-07-03 08:26:16,46,6,12,64
2021-07-03 08:26:22,2,0,0,2
2021-07-03 08:26:26,0,0,0,0
2021-07-03 08:26:27,1272,50,374,1696
2021-07-03 08:26:29,7,1,1,9
2021-07-03 08:26:31,0,0,0,0
2021-07-03 08:26:33,0,0,0,0
2021-07-03 08:26:35,0,0,0,0
2021-07-03 08:26:36,1,0,0,1
2021-07-03 08:26:37,0,0,0,0
2021-07-03 08:26:43,2128,43,392,2563
2021-07-03 08:26:44,1,0,0,1
2021-07-03 08:26:48,13,0,4,17
2021-07-03 08:26:49,2,0,0,2
2021-07-03 08:26:51,0,0,0,0
2021-07-03 08:26:52,41,0,9,50
2021-07-03 08:26:56,24,0,13,37
2021-07-03 08:26:57,2,1,0,3
2021-07-03 08:26:59,2,1,0,3
2021-07-03 08:27:01,2,1,0,3
2021-07-03 08:27:04,0,0,0,0
2021-07-03 08:27:05,2,2,0,4
2021-07-03 08:27:07,0,0,0,0
2021-07-03 08:27:11,19,1,1,21
2021-07-03 08:27:13,1972,15,159,2146
2021-07-03 08:27:14,7,0,6,13
2021-07-03 08:27:18,4,0,0,4
2021-07-03 08:27:19,2,0,0,2
2021-07-03 08:27:21,3,0,0,3
2021-07-03 08:27:22,1,0,0,1
2021-07-03 08:27:25,3,0,0,3
2021-07-03 08:27:32,4,0,2,6
2021-07-03 08:27:33,6,1,1,8
2021-07-03 08:27:35,0,0,0,0
2021-07-03 08:27:38,76,20,5,101
2021-07-03 08:27:39,1,0,0,1
2021-07-03 08:27:41,1,0,0,1
2021-07-03 08:27:46,9,0,3,12
2021-07-03 08:27:47,1,0,0,1
2021-07-03 08:27:48,6,0,3,9
2021-07-03 08:27:50,102,3,15,120
2021-07-03 08:27:55,255,3,40,298
2021-07-03 08:27:56,1,0,0,1
2021-07-03 08:27:58,0,0,0,0
2021-07-03 08:28:01,2,0,0,2
2021-07-03 08:28:02,1,0,0,1
2021-07-03 08:28:05,1,0,0,1
2021-07-03 08:28:06,2,0,0,2
2021-07-03 08:28:07,3,0,0,3
2021-07-03 08:28:10,64,4,13,81
2021-07-03 08:28:11,49,1,10,60
2021-07-03 08:28:12,0,0,0,0
2021-07-03 08:28:13,10,0,3,13
2021-07-03 08:28:16,3,0,0,3
2021-07-03 08:28:17,3,0,0,3
2021-07-03 08:28:20,12,0,0,12
2021-07-03 08:28:24,55,4,11,70
2021-07-03 08:28:25,7,1,3,11
2021-07-03 08:28:26,0,0,0,0
2021-07-03 08:28:30,4,0,1,5
2021-07-03 08:28:31,1,0,0,1
2021-07-03 08:28:33,19,1,6,26
2021-07-03 08:28:34,1,0,0,1
2021-07-03 08:28:35,102,8,26,136
2021-07-03 08:28:36,2,0,0,2
2021-07-03 08:28:37,14,1,6,21
2021-07-03 08:28:38,0,0,0,0
2021-07-03 08:28:43,1,0,0,1
2021-07-03 08:28:44,6,0,1,7
2021-07-03 08:28:45,1,0,1,2
2021-07-03 08:28:50,2,0,0,2
2021-07-03 08:28:52,2,0,1,3
2021-07-03 08:28:53,2,0,2,4
2021-07-03 08:28:56,0,0,0,0
2021-07-03 08:29:00,1575,58,216,1849
2021-07-03 08:29:02,0,0,0,0
2021-07-03 08:29:03,7,0,3,10
2021-07-03 08:29:05,0,0,0,0
2021-07-03 08:29:06,0,0,0,0
2021-07-03 08:29:09,3,0,0,3
2021-07-03 08:29:12,3,0,2,5
2021-07-03 08:29:15,0,0,0,0
2021-07-03 08:29:17,2,0,0,2
2021-07-03 08:29:21,2,0,0,2
2021-07-03 08:29:23,4,1,1,6
2021-07-03 08:29:24,0,0,0,0
2021-07-03 08:29:27,13,1,0,14
2021-07-03 08:29:33,2,0,1,3
2021-07-03 08:29:39,1,0,0,1
2021-07-03 08:29:42,2,0,1,3
2021-07-03 08:29:50,4,0,10,14
2021-07-03 08:29:54,0,0,0,0
2021-07-03 08:29:56,6,0,1,7
2021-07-03 08:29:59,2,0,0,2
2021-07-03 08:30:00,20,4,12,36
2021-07-03 08:30:02,1,0,0,1
2021-07-03 08:30:04,1,1,0,2
2021-07-03 08:30:05,1,1,0,2
2021-07-03 08:30:06,0,0,0,0
2021-07-03 08:30:10,11,0,1,12
2021-07-03 08:30:13,3,0,0,3
2021-07-03 08:30:15,0,0,0,0
2021-07-03 08:30:16,0,0,0,0
2021-07-03 08:30:17,2,0,0,2
2021-07-03 08:30:20,0,0,0,0
2021-07-03 08:30:21,0,0,0,0
2021-07-03 08:30:23,1,0,1,2
2021-07-03 08:30:25,0,0,0,0
2021-07-03 08:30:26,0,0,0,0
2021-07-03 08:30:27,15,1,3,19
2021-07-03 08:30:28,0,0,0,0
2021-07-03 08:30:30,0,0,0,0
2021-07-03 08:30:33,0,0,0,0
2021-07-03 08:30:34,3,0,0,3
2021-07-03 08:30:36,1,0,0,1
2021-07-03 08:30:37,1,0,0,1
2021-07-03 08:30:38,1,0,0,1
2021-07-03 08:30:39,1,0,0,1
2021-07-03 08:30:42,1,0,0,1
2021-07-03 08:30:43,1,0,0,1
2021-07-03 08:30:46,198,12,18,228
2021-07-03 08:30:49,3,0,0,3
2021-07-03 08:30:53,1,0,0,1
2021-07-03 08:30:54,1,0,0,1
2021-07-03 08:30:55,0,0,0,0
2021-07-03 08:31:00,5,0,0,5
2021-07-03 08:31:01,1,0,0,1
2021-07-03 08:31:02,0,0,0,0
2021-07-03 08:31:05,1,0,1,2
2021-07-03 08:31:07,4,0,1,5
2021-07-03 08:31:12,0,0,0,0
2021-07-03 08:31:14,1,0,0,1
2021-07-03 08:31:17,133,7,41,181
2021-07-03 08:31:18,1,0,0,1
2021-07-03 08:31:20,518,5,64,587
2021-07-03 08:31:21,1,0,2,3
2021-07-03 08:31:22,0,0,0,0
2021-07-03 08:31:23,0,1,0,1
2021-07-03 08:31:24,0,0,0,0
2021-07-03 08:31:28,0,0,0,0
2021-07-03 08:31:31,1,0,1,2
2021-07-03 08:31:33,0,0,0,0
2021-07-03 08:31:40,279,15,102,396
2021-07-03 08:31:41,0,0,0,0
2021-07-03 08:31:44,0,0,0,0
2021-07-03 08:31:45,4,0,0,4
2021-07-03 08:31:47,0,0,0,0
2021-07-03 08:31:48,1,1,0,2
2021-07-03 08:31:49,0,0,0,0
2021-07-03 08:31:50,7,0,6,13
2021-07-03 08:31:51,0,0,0,0
2021-07-03 08:31:52,2,0,0,2
2021-07-03 08:31:54,0,0,0,0
2021-07-03 08:31:57,7,0,0,7
2021-07-03 08:31:59,3,1,0,4
2021-07-03 08:32:00,0,2,0,2
2021-07-03 08:32:02,0,0,0,0
2021-07-03 08:32:03,2,0,0,2
2021-07-03 08:32:04,790,59,193,1042
2021-07-03 08:32:05,0,0,0,0
2021-07-03 08:32:07,25,5,2,32
2021-07-03 08:32:11,1,2,0,3
2021-07-03 08:32:12,0,0,0,0
2021-07-03 08:32:13,0,0,0,0
2021-07-03 08:32:15,52,0,34,86
2021-07-03 08:32:16,1,0,0,1
2021-07-03 08:32:17,0,0,0,0
2021-07-03 08:32:21,19,1,4,24
2021-07-03 08:32:22,0,0,0,0
2021-07-03 08:32:25,4,0,0,4
2021-07-03 08:32:26,0,0,0,0
2021-07-03 08:32:27,5,0,3,8
2021-07-03 08:32:28,43,6,8,57
2021-07-03 08:32:32,0,0,0,0
2021-07-03 08:32:34,0,0,0,0
2021-07-03 08:32:37,2,0,0,2
2021-07-03 08:32:39,1,0,0,1
2021-07-03 08:32:40,1,0,0,1
2021-07-03 08:32:41,12,0,4,16
2021-07-03 08:32:44,0,0,0,0
2021-07-03 08:32:45,0,0,0,0
2021-07-03 08:32:46,10,0,5,15
2021-07-03 08:32:47,29,1,10,40
2021-07-03 08:32:48,1,0,0,1
2021-07-03 08:32:50,0,1,0,1
2021-07-03 08:32:52,0,0,0,0
2021-07-03 08:32:53,1,0,0,1
2021-07-03 08:32:54,1,0,0,1
2021-07-03 08:32:55,0,0,0,0
2021-07-03 08:32:57,6,2,0,8
2021-07-03 08:32:58,5,0,0,5
2021-07-03 08:32:59,0,0,0,0
2021-07-03 08:33:01,0,0,0,0
2021-07-03 08:33:07,0,0,0,0
2021-07-03 08:33:12,1,2,0,3
2021-07-03 08:33:13,2,0,0,2
2021-07-03 08:33:14,1,0,1,2
2021-07-03 08:33:16,1,1,0,2
2021-07-03 08:33:17,612,15,126,753
2021-07-03 08:33:18,878,28,134,1040
2021-07-03 08:33:19,0,0,0,0
2021-07-03 08:33:23,1,0,0,1
2021-07-03 08:33:24,2,0,2,4
2021-07-03 08:33:25,0,0,2,2
2021-07-03 08:33:28,7,0,0,7
2021-07-03 08:33:29,0,0,0,0
2021-07-03 08:33:31,1,0,0,1
2021-07-03 08:33:32,0,0,0,0
2021-07-03 08:33:34,8,1,1,10
2021-07-03 08:33:36,1,0,1,2
2021-07-03 08:33:37,0,0,0,0
2021-07-03 08:33:38,2,0,0,2
2021-07-03 08:33:40,1,1,0,2
2021-07-03 08:33:41,0,0,0,0
2021-07-03 08:33:42,1,1,0,2
2021-07-03 08:33:43,0,0,0,0
2021-07-03 08:33:50,0,0,0,0
2021-07-03 08:33:51,2,0,0,2
2021-07-03 08:33:53,0,0,0,0
2021-07-03 08:33:54,1,0,0,1
2021-07-03 08:34:00,4,0,0,4
2021-07-03 08:34:01,1,0,0,1
2021-07-03 08:34:02,0,0,1,1
2021-07-03 08:34:06,2,0,0,2
2021-07-03 08:34:09,1,0,0,1
2021-07-03 08:34:10,28,2,4,34
2021-07-03 08:34:11,0,0,0,0
2021-07-03 08:34:17,0,0,0,0
2021-07-03 08:34:18,4,0,1,5
2021-07-03 08:34:22,1,0,0,1
2021-07-03 08:34:24,4,0,0,4
2021-07-03 08:34:25,1,0,0,1
2021-07-03 08:34:26,0,0,0,0
2021-07-03 08:34:27,6,0,4,10
2021-07-03 08:34:28,0,0,0,0
2021-07-03 08:34:32,0,0,0,0
2021-07-03 08:34:34,0,0,0,0
2021-07-03 08:34:35,31,0,8,39
2021-07-03 08:34:36,1,0,0,1
2021-07-03 08:34:37,0,0,0,0
2021-07-03 08:34:41,2,0,0,2
2021-07-03 08:34:43,2,1,0,3
2021-07-03 08:34:46,2,0,0,2
2021-07-03 08:34:47,0,0,0,0
2021-07-03 08:34:48,0,0,0,0
2021-07-03 08:34:49,4,0,0,4
2021-07-03 08:34:52,1,0,0,1
2021-07-03 08:34:54,15,2,3,20
2021-07-03 08:34:55,3,0,2,5
2021-07-03 08:34:58,2,0,1,3
2021-07-03 08:35:00,2226,65,186,2477
2021-07-03 08:35:01,1,0,0,1
2021-07-03 08:35:03,3,0,0,3
2021-07-03 08:35:05,9,2,1,12
2021-07-03 08:35:06,0,0,0,0
2021-07-03 08:35:10,0,0,0,0
2021-07-03 08:35:11,0,0,0,0
2021-07-03 08:35:12,2,0,0,2
2021-07-03 08:35:13,34,10,13,57
2021-07-03 08:35:15,0,0,0,0
2021-07-03 08:35:16,1,0,0,1
2021-07-03 08:35:17,7,2,1,10
2021-07-03 08:35:18,9,1,5,15
2021-07-03 08:35:19,1,0,0,1
2021-07-03 08:35:21,1,0,1,2
2021-07-03 08:35:25,0,0,0,0
2021-07-03 08:35:27,1,1,0,2
2021-07-03 08:35:30,0,0,0,0
2021-07-03 08:35:35,0,0,0,0
2021-07-03 08:35:36,1,0,0,1
2021-07-03 08:35:37,2,0,0,2
2021-07-03 08:35:38,1,1,0,2
2021-07-03 08:35:39,7,1,3,11
2021-07-03 08:35:40,0,0,0,0
2021-07-03 08:35:41,0,0,0,0
2021-07-03 08:35:42,0,0,0,0
2021-07-03 08:35:43,4,0,1,5
2021-07-03 08:35:44,2,0,0,2
2021-07-03 08:35:45,0,0,0,0
2021-07-03 08:35:46,1,0,0,1
2021-07-03 08:35:47,2,1,1,4
2021-07-03 08:35:48,4,0,0,4
2021-07-03 08:35:49,5,0,0,5
2021-07-03 08:35:50,4,0,1,5
2021-07-03 08:35:52,3,0,0,3
2021-07-03 08:35:54,1,0,0,1
2021-07-03 08:35:55,59,0,11,70
2021-07-03 08:35:59,1,0,0,1
2021-07-03 08:36:02,2,0,1,3
2021-07-03 08:36:03,5,0,1,6
2021-07-03 08:36:08,4,0,0,4
2021-07-03 08:36:10,0,0,0,0
2021-07-03 08:36:12,1,0,0,1
2021-07-03 08:36:14,5,0,0,5
2021-07-03 08:36:15,5,0,1,6
2021-07-03 08:36:16,0,0,0,0
2021-07-03 08:36:18,0,0,0,0
2021-07-03 08:36:23,0,0,0,0
2021-07-03 08:36:24,0,0,0,0
2021-07-03 08:36:25,15,2,4,21
2021-07-03 08:36:26,1,0,0,1
2021-07-03 08:36:30,0,0,0,0
2021-07-03 08:36:31,0,0,0,0
2021-07-03 08:36:34,1,0,0,1
2021-07-03 08:36:35,0,0,0,0
2021-07-03 08:36:36,2,0,0,2
2021-07-03 08:36:38,1,1,0,2
2021-07-03 08:36:41,1,0,0,1
2021-07-03 08:36:42,1,1,0,2
2021-07-03 08:36:44,1,0,0,1
2021-07-03 08:36:46,20,2,12,34
2021-07-03 08:36:49,1,0,0,1
2021-07-03 08:36:50,0,0,0,0
2021-07-03 08:36:57,1,1,1,3
2021-07-03 08:36:58,0,0,1,1
2021-07-03 08:37:01,0,0,0,0
2021-07-03 08:37:03,0,0,0,0
2021-07-03 08:37:04,2,0,0,2
2021-07-03 08:37:07,7,0,3,10
2021-07-03 08:37:08,1,0,0,1
2021-07-03 08:37:11,1,0,0,1
2021-07-03 08:37:13,2,0,0,2
2021-07-03 08:37:16,0,0,0,0
2021-07-03 08:37:19,0,0,0,0
2021-07-03 08:37:20,9,2,0,11
2021-07-03 08:37:23,19,4,5,28
2021-07-03 08:37:24,7,0,0,7
2021-07-03 08:37:26,14,0,6,20
2021-07-03 08:37:29,0,0,0,0
2021-07-03 08:37:30,1,0,1,2
2021-07-03 08:37:31,816,20,160,996
2021-07-03 08:37:38,23,2,11,36
2021-07-03 08:37:40,0,0,0,0
2021-07-03 08:37:41,3,2,0,5
2021-07-03 08:37:42,12,0,2,14
2021-07-03 08:37:46,1,1,0,2
2021-07-03 08:37:49,1,0,0,1
2021-07-03 08:37:51,1,0,0,1
2021-07-03 08:37:52,1,2,0,3
2021-07-03 08:37:54,0,0,0,0
2021-07-03 08:37:55,4,0,0,4
2021-07-03 08:37:56,1,0,0,1
2021-07-03 08:37:59,1,0,0,1
2021-07-03 08:38:01,1,0,0,1
2021-07-03 08:38:04,3,0,1,4
2021-07-03 08:38:05,1,0,0,1
2021-07-03 08:38:07,0,0,0,0
2021-07-03 08:38:10,8637,77,2175,10889
2021-07-03 08:38:15,0,0,0,0
2021-07-03 08:38:16,0,0,0,0
2021-07-03 08:38:17,1283,14,180,1477
2021-07-03 08:38:18,0,0,0,0
2021-07-03 08:38:19,45,1,5,51
2021-07-03 08:38:22,11,1,4,16
2021-07-03 08:38:26,0,0,0,0
2021-07-03 08:38:29,1,0,0,1
2021-07-03 08:38:31,17,0,3,20
2021-07-03 08:38:32,1,0,0,1
2021-07-03 08:38:33,0,0,0,0
2021-07-03 08:38:35,11,1,0,12
2021-07-03 08:38:37,0,0,0,0
2021-07-03 08:38:39,0,0,0,0
2021-07-03 08:38:41,2,0,0,2
2021-07-03 08:38:42,1,0,0,1
2021-07-03 08:38:45,13,2,3,18
2021-07-03 08:38:49,0,0,0,0
2021-07-03 08:38:58,18,1,7,26
2021-07-03 08:39:00,15,0,0,15
2021-07-03 08:39:01,2416,52,456,2924
2021-07-03 08:39:06,1,0,0,1
2021-07-03 08:39:07,1,0,0,1
2021-07-03 08:39:10,0,0,0,0
2021-07-03 08:39:11,2,0,0,2
2021-07-03 08:39:13,0,0,1,1
2021-07-03 08:39:14,2,0,0,2
2021-07-03 08:39:15,9,0,2,11
2021-07-03 08:39:19,2,1,0,3
2021-07-03 08:39:22,3,0,2,5
2021-07-03 08:39:24,21,1,8,30
2021-07-03 08:39:27,3771,133,613,4517
2021-07-03 08:39:28,8,3,0,11
2021-07-03 08:39:31,4,0,0,4
2021-07-03 08:39:33,7,0,0,7
2021-07-03 08:39:37,0,0,0,0
2021-07-03 08:39:39,3,0,4,7
2021-07-03 08:39:40,1,0,0,1
2021-07-03 08:39:41,0,0,0,0
2021-07-03 08:39:43,0,0,0,0
2021-07-03 08:39:45,2,0,0,2
2021-07-03 08:39:50,286,3,83,372
2021-07-03 08:39:51,0,0,0,0
2021-07-03 08:39:53,156,34,16,206
2021-07-03 08:39:54,101,2,24,127
2021-07-03 08:39:55,2,0,0,2
2021-07-03 08:39:58,0,0,0,0
2021-07-03 08:40:01,2,0,1,3
2021-07-03 08:40:02,0,0,0,0
2021-07-03 08:40:03,2,0,0,2
2021-07-03 08:40:05,0,0,0,0
2021-07-03 08:40:07,7,0,0,7
2021-07-03 08:40:09,0,0,0,0
2021-07-03 08:40:12,16,0,1,17
2021-07-03 08:40:13,0,0,0,0
2021-07-03 08:40:17,0,0,0,0
2021-07-03 08:40:19,0,0,0,0
2021-07-03 08:40:20,0,0,0,0
2021-07-03 08:40:21,20,1,8,29
2021-07-03 08:40:22,1,0,0,1
2021-07-03 08:40:23,2,0,0,2
2021-07-03 08:40:24,1,0,0,1
2021-07-03 08:40:25,0,0,0,0
2021-07-03 08:40:27,0,0,0,0
2021-07-03 08:40:28,2,0,0,2
2021-07-03 08:40:32,2,0,0,2
2021-07-03 08:40:38,0,0,0,0
2021-07-03 08:40:39,6061,262,1516,7839
2021-07-03 08:40:41,0,1,0,1
2021-07-03 08:40:43,6,0,5,11
2021-07-03 08:40:45,1,0,0,1
2021-07-03 08:40:47,1,0,0,1
2021-07-03 08:40:52,0,0,0,0
2021-07-03 08:40:53,0,0,0,0
2021-07-03 08:40:54,0,0,0,0
2021-07-03 08:40:56,1,0,0,1
2021-07-03 08:40:57,0,0,0,0
2021-07-03 08:40:59,0,0,0,0
2021-07-03 08:41:00,0,0,0,0
2021-07-03 08:41:01,0,0,0,0
2021-07-03 08:41:03,0,0,0,0
2021-07-03 08:41:06,0,0,0,0
2021-07-03 08:41:09,9,0,4,13
2021-07-03 08:41:11,1,0,0,1
2021-07-03 08:41:13,5,0,0,5
2021-07-03 08:41:15,0,0,0,0
2021-07-03 08:41:19,1,0,0,1
2021-07-03 08:41:22,3,0,0,3
2021-07-03 08:41:23,0,0,0,0
2021-07-03 08:41:25,1,0,1,2
2021-07-03 08:41:27,0,0,0,0
2021-07-03 08:41:29,0,0,0,0
2021-07-03 08:41:30,7,0,1,8
2021-07-03 08:41:31,0,0,0,0
2021-07-03 08:41:32,0,0,0,0
2021-07-03 08:41:39,2,1,0,3
2021-07-03 08:41:40,0,0,0,0
2021-07-03 08:41:41,50,0,5,55
2021-07-03 08:41:44,0,0,0,0
2021-07-03 08:41:46,0,0,0,0
2021-07-03 08:41:47,9,0,1,10
2021-07-03 08:41:48,0,0,0,0
2021-07-03 08:41:49,0,0,0,0
2021-07-03 08:41:54,1,0,0,1
2021-07-03 08:41:57,11,0,2,13
2021-07-03 08:41:59,1,1,1,3
2021-07-03 08:42:01,1,0,0,1
2021-07-03 08:42:02,0,0,0,0
2021-07-03 08:42:03,9,1,2,12
2021-07-03 08:42:04,0,0,0,0
2021-07-03 08:42:07,0,0,0,0
2021-07-03 08:42:11,1,0,0,1
2021-07-03 08:42:12,1,0,0,1
2021-07-03 08:42:17,1,0,1,2
2021-07-03 08:42:19,9,0,0,9
2021-07-03 08:42:20,0,0,0,0
2021-07-03 08:42:22,9,0,0,9
2021-07-03 08:42:23,3,0,0,3
2021-07-03 08:42:24,1,0,0,1
2021-07-03 08:42:28,238,12,48,298
2021-07-03 08:42:31,0,0,0,0
2021-07-03 08:42:32,12,0,0,12
2021-07-03 08:42:33,7,0,1,8
2021-07-03 08:42:35,15,0,3,18
2021-07-03 08:42:37,0,0,0,0
2021-07-03 08:42:39,0,0,0,0
2021-07-03 08:42:40,1,0,0,1
2021-07-03 08:42:46,1,0,0,1
2021-07-03 08:42:48,0,0,0,0
2021-07-03 08:42:49,6,1,1,8
2021-07-03 08:42:54,30,2,10,42
2021-07-03 08:42:55,2,0,0,2
2021-07-03 08:42:58,1,0,0,1
2021-07-03 08:42:59,0,0,0,0
2021-07-03 08:43:01,4,0,0,4
2021-07-03 08:43:04,0,0,0,0
2021-07-03 08:43:06,1,0,0,1
2021-07-03 08:43:07,3,1,0,4
2021-07-03 08:43:09,21,1,8,30
2021-07-03 08:43:10,0,0,0,0
2021-07-03 08:43:11,0,0,0,0
2021-07-03 08:43:12,0,0,0,0
2021-07-03 08:43:13,1,0,0,1
2021-07-03 08:43:14,1,0,0,1
2021-07-03 08:43:15,0,0,0,0
2021-07-03 08:43:17,1,0,0,1
2021-07-03 08:43:19,1,0,0,1
2021-07-03 08:43:20,3,0,1,4
2021-07-03 08:43:23,0,0,0,0
2021-07-03 08:43:24,0,0,0,0
2021-07-03 08:43:28,1,0,1,2
2021-07-03 08:43:30,3,0,0,3
2021-07-03 08:43:35,2,2,1,5
2021-07-03 08:43:36,0,0,0,0
2021-07-03 08:43:39,0,0,0,0
2021-07-03 08:43:40,0,0,0,0
2021-07-03 08:43:42,1,0,1,2
2021-07-03 08:43:43,0,0,0,0
2021-07-03 08:43:44,4,0,1,5
2021-07-03 08:43:46,1,0,0,1
2021-07-03 08:43:47,2,0,1,3
2021-07-03 08:43:49,2,0,0,2
2021-07-03 08:43:50,0,0,0,0
2021-07-03 08:43:53,1,0,0,1
2021-07-03 08:43:56,0,0,0,0
2021-07-03 08:43:58,2,1,0,3
2021-07-03 08:43:59,14,1,3,18
2021-07-03 08:44:03,0,0,1,1
2021-07-03 08:44:07,7,0,1,8
2021-07-03 08:44:10,1,0,1,2
2021-07-03 08:44:14,1,1,0,2
2021-07-03 08:44:15,3,0,2,5
2021-07-03 08:44:17,0,0,0,0
2021-07-03 08:44:19,870,19,117,1006
2021-07-03 08:44:20,0,0,0,0
2021-07-03 08:44:21,0,0,0,0
2021-07-03 08:44:23,2136,112,388,2636
2021-07-03 08:44:27,1,0,0,1
2021-07-03 08:44:28,1,0,1,2
2021-07-03 08:44:29,0,0,0,0
2021-07-03 08:44:30,6,0,2,8
2021-07-03 08:44:33,12,0,7,19
2021-07-03 08:44:35,2,0,1,3
2021-07-03 08:44:36,0,0,0,0
2021-07-03 08:44:38,0,0,1,1
2021-07-03 08:44:39,0,0,0,0
2021-07-03 08:44:40,0,0,1,1
2021-07-03 08:44:45,1,0,0,1
2021-07-03 08:44:48,4,0,0,4
2021-07-03 08:44:49,0,0,0,0
2021-07-03 08:44:52,4,0,0,4
2021-07-03 08:44:53,1,0,0,1
2021-07-03 08:44:56,3,0,3,6
2021-07-03 08:44:58,97,0,18,115
2021-07-03 08:45:00,12,4,14,30
2021-07-03 08:45:02,3,0,1,4
2021-07-03 08:45:04,2,0,1,3
2021-07-03 08:45:07,6,0,4,10
2021-07-03 08:45:08,1,0,2,3
2021-07-03 08:45:13,2,0,0,2
2021-07-03 08:45:14,7,0,1,8
2021-07-03 08:45:17,1,0,0,1
2021-07-03 08:45:18,3,0,1,4
2021-07-03 08:45:20,1,0,0,1
2021-07-03 08:45:21,6,0,1,7
2021-07-03 08:45:23,0,0,0,0
2021-07-03 08:45:24,7,0,1,8
2021-07-03 08:45:25,2,0,0,2
2021-07-03 08:45:26,0,0,1,1
2021-07-03 08:45:28,1,0,0,1
2021-07-03 08:45:31,88,4,23,115
2021-07-03 08:45:32,7,0,3,10
2021-07-03 08:45:33,0,0,0,0
2021-07-03 08:45:34,29,2,8,39
2021-07-03 08:45:37,3,0,1,4
2021-07-03 08:45:39,16,0,0,16
2021-07-03 08:45:42,245,4,55,304
2021-07-03 08:45:43,4,0,0,4
2021-07-03 08:45:44,1,0,0,1
2021-07-03 08:45:46,0,0,0,0
2021-07-03 08:45:47,1,0,0,1
2021-07-03 08:45:49,8,3,2,13
2021-07-03 08:45:50,5,1,2,8
2021-07-03 08:45:51,207,24,40,271
2021-07-03 08:45:52,0,0,1,1
2021-07-03 08:45:53,8,2,0,10
2021-07-03 08:45:55,0,0,0,0
2021-07-03 08:45:57,1,0,0,1
2021-07-03 08:45:58,3,0,0,3
2021-07-03 08:45:59,1,0,1,2
2021-07-03 08:46:00,11,1,8,20
2021-07-03 08:46:02,2,0,1,3
2021-07-03 08:46:03,63,2,13,78
2021-07-03 08:46:04,5,0,0,5
2021-07-03 08:46:05,3,1,1,5
2021-07-03 08:46:06,0,0,0,0
2021-07-03 08:46:07,2106,42,349,2497
2021-07-03 08:46:11,1,0,1,2
2021-07-03 08:46:12,1,0,1,2
2021-07-03 08:46:14,16,0,7,23
2021-07-03 08:46:15,0,0,0,0
2021-07-03 08:46:16,6,0,0,6
2021-07-03 08:46:17,0,0,0,0
2021-07-03 08:46:18,2,0,0,2
2021-07-03 08:46:22,0,0,1,1
2021-07-03 08:46:23,6,0,0,6
2021-07-03 08:46:25,4,0,1,5
2021-07-03 08:46:26,0,0,0,0
2021-07-03 08:46:27,1,0,0,1
2021-07-03 08:46:29,4,0,0,4
2021-07-03 08:46:30,30,0,11,41
2021-07-03 08:46:31,0,0,0,0
2021-07-03 08:46:32,1,0,0,1
2021-07-03 08:46:34,2,0,0,2
2021-07-03 08:46:38,0,0,1,1
2021-07-03 08:46:39,16,0,2,18
2021-07-03 08:46:40,1,1,0,2
2021-07-03 08:46:41,11,2,3,16
2021-07-03 08:46:46,9,1,0,10
2021-07-03 08:46:47,1,0,0,1
2021-07-03 08:46:49,2,0,0,2
2021-07-03 08:46:50,51,3,38,92
2021-07-03 08:46:51,0,0,0,0
2021-07-03 08:46:52,0,0,0,0
2021-07-03 08:46:54,1,0,0,1
2021-07-03 08:46:57,0,0,0,0
2021-07-03 08:46:58,19,0,7,26
2021-07-03 08:46:59,1,0,1,2
2021-07-03 08:47:00,0,0,0,0
2021-07-03 08:47:01,0,1,0,1
2021-07-03 08:47:02,1,0,0,1
2021-07-03 08:47:04,0,0,0,0
2021-07-03 08:47:06,0,0,0,0
2021-07-03 08:47:07,1,0,0,1
2021-07-03 08:47:08,0,2,0,2
2021-07-03 08:47:09,0,1,0,1
2021-07-03 08:47:10,2,2,0,4
2021-07-03 08:47:13,1,1,0,2
2021-07-03 08:47:14,2,0,0,2
2021-07-03 08:47:16,3,0,0,3
2021-07-03 08:47:18,2,0,0,2
2021-07-03 08:47:19,0,0,0,0
2021-07-03 08:47:20,2,0,1,3
2021-07-03 08:47:21,1,0,0,1
2021-07-03 08:47:22,12,1,0,13
2021-07-03 08:47:23,4,0,2,6
2021-07-03 08:47:24,8,0,0,8
2021-07-03 08:47:26,1,0,0,1
2021-07-03 08:47:29,0,0,0,0
2021-07-03 08:47:30,6,0,1,7
2021-07-03 08:47:31,3,1,0,4
2021-07-03 08:47:32,96,3,18,117
2021-07-03 08:47:35,11,0,2,13
2021-07-03 08:47:36,1,0,0,1
2021-07-03 08:47:37,1,0,0,1
2021-07-03 08:47:38,1,0,0,1
2021-07-03 08:47:43,81,1,15,97
2021-07-03 08:47:45,51,1,5,57
2021-07-03 08:47:48,0,0,0,0
2021-07-03 08:47:49,10,0,6,16
2021-07-03 08:47:50,1,0,0,1
2021-07-03 08:47:53,0,0,0,0
2021-07-03 08:47:56,0,0,0,0
2021-07-03 08:47:57,0,0,0,0
2021-07-03 08:47:58,292,28,62,382
2021-07-03 08:48:00,4,0,0,4
2021-07-03 08:48:02,17,0,13,30
2021-07-03 08:48:04,0,0,0,0
2021-07-03 08:48:06,2,0,0,2
2021-07-03 08:48:07,0,0,0,0
2021-07-03 08:48:08,6,1,0,7
2021-07-03 08:48:09,0,0,0,0
2021-07-03 08:48:10,5,0,2,7
2021-07-03 08:48:11,1,0,0,1
2021-07-03 08:48:14,4,0,0,4
2021-07-03 08:48:17,0,0,0,0
2021-07-03 08:48:18,0,0,0,0
2021-07-03 08:48:19,2,0,0,2
2021-07-03 08:48:20,33,2,13,48
2021-07-03 08:48:23,4,0,2,6
2021-07-03 08:48:24,2,0,2,4
2021-07-03 08:48:27,0,0,0,0
2021-07-03 08:48:31,1,0,0,1
2021-07-03 08:48:32,0,0,0,0
2021-07-03 08:48:33,0,0,0,0
2021-07-03 08:48:36,0,0,0,0
2021-07-03 08:48:41,1,0,0,1
2021-07-03 08:48:42,0,0,0,0
2021-07-03 08:48:43,387,10,84,481
2021-07-03 08:48:44,5,0,1,6
2021-07-03 08:48:45,0,0,0,0
2021-07-03 08:48:47,5,0,0,5
2021-07-03 08:48:49,0,0,0,0
2021-07-03 08:48:50,0,0,0,0
2021-07-03 08:48:52,16,2,1,19
2021-07-03 08:48:54,0,0,0,0
2021-07-03 08:48:58,9,0,8,17
2021-07-03 08:48:59,0,0,0,0
2021-07-03 08:49:00,12,0,3,15
2021-07-03 08:49:03,9,0,3,12
2021-07-03 08:49:04,2,0,1,3
2021-07-03 08:49:05,5,1,2,8
2021-07-03 08:49:08,2,0,0,2
2021-07-03 08:49:09,2,0,3,5
2021-07-03 08:49:10,1,0,0,1
2021-07-03 08:49:11,1,0,1,2
2021-07-03 08:49:12,0,0,0,0
2021-07-03 08:49:13,2,1,1,4
2021-07-03 08:49:16,0,0,0,0
2021-07-03 08:49:18,0,0,0,0
2021-07-03 08:49:19,0,0,0,0
2021-07-03 08:49:20,1,0,1,2
2021-07-03 08:49:23,5,1,2,8
2021-07-03 08:49:24,0,0,0,0
2021-07-03 08:49:27,7,2,1,10
2021-07-03 08:49:28,4,0,2,6
2021-07-03 08:49:29,1,0,0,1
2021-07-03 08:49:31,36,4,15,55
2021-07-03 08:49:32,0,0,0,0
2021-07-03 08:49:33,10,0,0,10
2021-07-03 08:49:38,0,0,0,0
2021-07-03 08:49:39,2,0,0,2
2021-07-03 08:49:40,3,0,0,3
2021-07-03 08:49:41,2,0,1,3
2021-07-03 08:49:43,1,0,1,2
2021-07-03 08:49:44,8,0,1,9
2021-07-03 08:49:47,0,0,0,0
2021-07-03 08:49:49,1,0,0,1
2021-07-03 08:49:51,0,0,0,0
2021-07-03 08:49:55,1,0,0,1
2021-07-03 08:49:56,0,0,0,0
2021-07-03 08:49:59,0,0,0,0
2021-07-03 08:50:00,4,0,2,6
2021-07-03 08:50:03,1,0,1,2
2021-07-03 08:50:04,0,0,0,0
2021-07-03 08:50:05,18,0,2,20
2021-07-03 08:50:06,0,0,0,0
2021-07-03 08:50:08,16,0,9,25
2021-07-03 08:50:09,2,0,4,6
2021-07-03 08:50:11,288,4,76,368
2021-07-03 08:50:12,4,1,1,6
2021-07-03 08:50:13,0,0,0,0
2021-07-03 08:50:16,10,0,7,17
2021-07-03 08:50:19,1,0,1,2
2021-07-03 08:50:21,1,0,1,2
2021-07-03 08:50:24,12,0,7,19
2021-07-03 08:50:25,1,0,0,1
2021-07-03 08:50:28,1,0,0,1
2021-07-03 08:50:30,3,0,2,5
2021-07-03 08:50:31,5,0,2,7
2021-07-03 08:50:32,67,3,21,91
2021-07-03 08:50:33,1,0,1,2
2021-07-03 08:50:36,0,0,0,0
2021-07-03 08:50:37,6,1,5,12
2021-07-03 08:50:39,0,0,0,0
2021-07-03 08:50:41,7,0,4,11
2021-07-03 08:50:42,4,0,1,5
2021-07-03 08:50:43,0,0,0,0
2021-07-03 08:50:45,484,86,95,665
2021-07-03 08:50:50,26,10,0,36
2021-07-03 08:50:51,23,0,14,37
2021-07-03 08:50:52,0,0,0,0
2021-07-03 08:50:55,0,0,0,0
2021-07-03 08:51:00,1,0,0,1
2021-07-03 08:51:03,10,2,1,13
2021-07-03 08:51:04,6,0,2,8
2021-07-03 08:51:05,24,1,7,32
2021-07-03 08:51:06,2,0,1,3
2021-07-03 08:51:07,0,0,0,0
2021-07-03 08:51:08,1,0,0,1
2021-07-03 08:51:13,2,0,1,3
2021-07-03 08:51:15,1,0,0,1
2021-07-03 08:51:16,3,0,2,5
2021-07-03 08:51:18,2,0,1,3
2021-07-03 08:51:19,0,0,0,0
2021-07-03 08:51:20,2,0,1,3
2021-07-03 08:51:21,1,0,0,1
2021-07-03 08:51:23,0,0,0,0
2021-07-03 08:51:25,0,0,0,0
2021-07-03 08:51:26,0,0,0,0
2021-07-03 08:51:27,0,0,0,0
2021-07-03 08:51:28,4,1,0,5
2021-07-03 08:51:31,0,0,0,0
2021-07-03 08:51:33,23,3,9,35
2021-07-03 08:51:36,1,0,0,1
2021-07-03 08:51:37,6,0,1,7
2021-07-03 08:51:39,26,0,4,30
2021-07-03 08:51:40,6,0,1,7
2021-07-03 08:51:42,3,2,0,5
2021-07-03 08:51:43,16,0,4,20
2021-07-03 08:51:46,5,0,0,5
2021-07-03 08:51:51,13,0,9,22
2021-07-03 08:51:53,0,0,0,0
2021-07-03 08:51:55,11,0,2,13
2021-07-03 08:51:58,32,2,10,44
2021-07-03 08:51:59,1,0,1,2
2021-07-03 08:52:01,10,0,3,13
2021-07-03 08:52:02,0,0,0,0
2021-07-03 08:52:04,0,0,0,0
2021-07-03 08:52:05,1,0,0,1
2021-07-03 08:52:07,2,0,2,4
2021-07-03 08:52:10,1,0,0,1
2021-07-03 08:52:11,0,0,0,0
2021-07-03 08:52:13,0,0,0,0
2021-07-03 08:52:14,544,7,157,708
2021-07-03 08:52:16,1,0,0,1
2021-07-03 08:52:21,0,0,0,0
2021-07-03 08:52:22,0,0,0,0
2021-07-03 08:52:23,20,0,4,24
2021-07-03 08:52:24,1,1,0,2
2021-07-03 08:52:25,5,1,3,9
2021-07-03 08:52:28,0,0,0,0
2021-07-03 08:52:32,68,1,3,72
2021-07-03 08:52:34,0,0,0,0
2021-07-03 08:52:35,2,0,2,4
2021-07-03 08:52:37,1,0,0,1
2021-07-03 08:52:39,338,13,68,419
2021-07-03 08:52:40,6,0,1,7
2021-07-03 08:52:41,1,0,2,3
2021-07-03 08:52:42,23,1,10,34
2021-07-03 08:52:43,17,0,8,25
2021-07-03 08:52:44,0,0,0,0
2021-07-03 08:52:45,3,1,2,6
2021-07-03 08:52:47,0,0,0,0
2021-07-03 08:52:49,0,0,0,0
2021-07-03 08:52:50,0,0,0,0
2021-07-03 08:52:52,2,0,1,3
2021-07-03 08:52:53,10,0,5,15
2021-07-03 08:52:54,2,0,0,2
2021-07-03 08:52:57,2,0,0,2
2021-07-03 08:52:59,1,0,1,2
2021-07-03 08:53:00,0,0,0,0
2021-07-03 08:53:03,55,8,4,67
2021-07-03 08:53:07,35,0,4,39
2021-07-03 08:53:12,1,0,0,1
2021-07-03 08:53:16,8,1,2,11
2021-07-03 08:53:17,47,2,0,49
2021-07-03 08:53:19,16,0,0,16
2021-07-03 08:53:20,0,0,0,0
2021-07-03 08:53:23,0,0,0,0
2021-07-03 08:53:25,1,0,0,1
2021-07-03 08:53:26,0,0,0,0
2021-07-03 08:53:27,0,0,0,0
2021-07-03 08:53:30,3,0,1,4
2021-07-03 08:53:34,0,0,0,0
2021-07-03 08:53:35,1,1,0,2
2021-07-03 08:53:37,0,0,0,0
2021-07-03 08:53:39,17,0,9,26
2021-07-03 08:53:40,1,1,0,2
2021-07-03 08:53:42,1,0,0,1
2021-07-03 08:53:45,0,0,0,0
2021-07-03 08:53:46,1,0,0,1
2021-07-03 08:53:47,6,0,3,9
2021-07-03 08:53:48,2,0,1,3
2021-07-03 08:53:49,6,0,1,7
2021-07-03 08:53:51,5,2,0,7
2021-07-03 08:53:52,1,0,0,1
2021-07-03 08:53:57,0,0,0,0
2021-07-03 08:53:59,201,9,55,265
2021-07-03 08:54:02,34,3,10,47
2021-07-03 08:54:06,0,0,0,0
2021-07-03 08:54:09,0,0,0,0
2021-07-03 08:54:12,0,0,0,0
2021-07-03 08:54:13,1,0,0,1
2021-07-03 08:54:14,2,0,1,3
2021-07-03 08:54:15,0,0,0,0
2021-07-03 08:54:16,2,0,1,3
2021-07-03 08:54:18,0,0,0,0
2021-07-03 08:54:19,1,0,1,2
2021-07-03 08:54:21,2,0,1,3
2021-07-03 08:54:25,0,0,0,0
2021-07-03 08:54:27,0,0,0,0
2021-07-03 08:54:31,10,1,4,15
2021-07-03 08:54:33,0,0,0,0
2021-07-03 08:54:36,2,0,2,4
2021-07-03 08:54:38,9,3,0,12
2021-07-03 08:54:39,0,0,0,0
2021-07-03 08:54:41,2,0,0,2
2021-07-03 08:54:42,1,0,0,1
2021-07-03 08:54:43,0,0,0,0
2021-07-03 08:54:45,26,1,15,42
2021-07-03 08:54:46,1,0,0,1
2021-07-03 08:54:48,0,0,0,0
2021-07-03 08:54:50,1,1,0,2
2021-07-03 08:54:51,0,0,0,0
2021-07-03 08:54:52,1,0,0,1
2021-07-03 08:54:54,2,1,0,3
2021-07-03 08:54:55,1,0,0,1
2021-07-03 08:54:56,1,0,0,1
2021-07-03 08:54:57,7,0,0,7
2021-07-03 08:54:59,46,0,7,53
2021-07-03 08:55:01,3,0,2,5
2021-07-03 08:55:08,0,0,0,0
2021-07-03 08:55:10,0,0,0,0
2021-07-03 08:55:11,40,1,7,48
2021-07-03 08:55:12,3,0,0,3
2021-07-03 08:55:13,3,0,0,3
2021-07-03 08:55:14,2,0,0,2
2021-07-03 08:55:15,0,0,0,0
2021-07-03 08:55:16,1,0,0,1
2021-07-03 08:55:17,1,0,0,1
2021-07-03 08:55:18,2,0,0,2
2021-07-03 08:55:19,2,0,0,2
2021-07-03 08:55:20,0,0,0,0
2021-07-03 08:55:23,17,3,3,23
2021-07-03 08:55:24,0,0,0,0
2021-07-03 08:55:26,0,0,0,0
2021-07-03 08:55:30,0,0,0,0
2021-07-03 08:55:31,1,0,0,1
2021-07-03 08:55:33,1,0,0,1
2021-07-03 08:55:35,76,2,14,92
2021-07-03 08:55:37,0,0,0,0
2021-07-03 08:55:38,0,0,0,0
2021-07-03 08:55:39,0,0,0,0
2021-07-03 08:55:40,0,0,0,0
2021-07-03 08:55:41,147,1,16,164
2021-07-03 08:55:42,0,0,0,0
2021-07-03 08:55:43,1,1,0,2
2021-07-03 08:55:44,2,1,0,3
2021-07-03 08:55:47,0,0,0,0
2021-07-03 08:55:49,0,0,0,0
2021-07-03 08:55:51,0,0,0,0
2021-07-03 08:55:53,206,1,25,232
2021-07-03 08:55:54,0,0,0,0
2021-07-03 08:55:55,2,0,1,3
2021-07-03 08:55:57,2,0,0,2
2021-07-03 08:56:00,39,1,19,59
2021-07-03 08:56:01,0,0,0,0
2021-07-03 08:56:03,0,0,0,0
2021-07-03 08:56:04,1,0,0,1
2021-07-03 08:56:06,0,0,0,0
2021-07-03 08:56:07,1,0,0,1
2021-07-03 08:56:10,0,0,0,0
2021-07-03 08:56:17,23,0,2,25
2021-07-03 08:56:18,0,0,0,0
2021-07-03 08:56:19,155,2,30,187
2021-07-03 08:56:20,6,0,0,6
2021-07-03 08:56:21,0,0,0,0
2021-07-03 08:56:24,1,0,0,1
2021-07-03 08:56:27,0,0,0,0
2021-07-03 08:56:28,0,0,0,0
2021-07-03 08:56:30,0,0,0,0
2021-07-03 08:56:31,15,2,1,18
2021-07-03 08:56:33,0,0,0,0
2021-07-03 08:56:34,0,0,0,0
2021-07-03 08:56:35,1,1,0,2
2021-07-03 08:56:38,0,0,0,0
2021-07-03 08:56:39,13,0,10,23
2021-07-03 08:56:40,0,0,0,0
2021-07-03 08:56:41,10,0,0,10
2021-07-03 08:56:42,0,0,0,0
2021-07-03 08:56:44,0,0,0,0
2021-07-03 08:56:45,1,0,0,1
2021-07-03 08:56:46,2,0,0,2
2021-07-03 08:56:47,0,0,0,0
2021-07-03 08:56:49,6,0,3,9
2021-07-03 08:56:50,0,0,0,0
2021-07-03 08:56:52,19,0,1,20
2021-07-03 08:56:53,0,0,0,0
2021-07-03 08:56:54,3,1,1,5
2021-07-03 08:56:55,0,0,0,0
2021-07-03 08:56:58,0,0,0,0
2021-07-03 08:57:01,0,0,0,0
2021-07-03 08:57:02,1,0,0,1
2021-07-03 08:57:03,4,0,0,4
2021-07-03 08:57:04,1,0,0,1
2021-07-03 08:57:05,2,0,0,2
2021-07-03 08:57:06,6,0,2,8
2021-07-03 08:57:08,13,7,0,20
2021-07-03 08:57:10,3,0,0,3
2021-07-03 08:57:11,2,0,0,2
2021-07-03 08:57:12,15,0,6,21
2021-07-03 08:57:15,2,0,1,3
2021-07-03 08:57:16,11,1,4,16
2021-07-03 08:57:17,1,0,0,1
2021-07-03 08:57:18,0,0,0,0
2021-07-03 08:57:19,0,0,0,0
2021-07-03 08:57:21,2,1,1,4
2021-07-03 08:57:22,0,0,0,0
2021-07-03 08:57:24,0,0,0,0
2021-07-03 08:57:25,0,0,0,0
2021-07-03 08:57:26,15,4,6,25
2021-07-03 08:57:27,7,0,5,12
2021-07-03 08:57:29,2,1,1,4
2021-07-03 08:57:31,0,0,0,0
2021-07-03 08:57:32,1,1,0,2
2021-07-03 08:57:35,0,0,0,0
2021-07-03 08:57:36,1,0,3,4
2021-07-03 08:57:37,5,0,2,7
2021-07-03 08:57:38,1,0,2,3
2021-07-03 08:57:39,1,0,0,1
2021-07-03 08:57:41,0,0,0,0
2021-07-03 08:57:42,0,0,0,0
2021-07-03 08:57:44,6,2,2,10
2021-07-03 08:57:45,1,0,1,2
2021-07-03 08:57:46,34,0,15,49
2021-07-03 08:57:48,2,0,0,2
2021-07-03 08:57:49,2,0,0,2
2021-07-03 08:57:51,4,0,2,6
2021-07-03 08:57:53,2,0,0,2
2021-07-03 08:57:54,3,0,1,4
2021-07-03 08:57:55,1,0,0,1
2021-07-03 08:57:56,1,0,0,1
2021-07-03 08:57:57,1,0,0,1
2021-07-03 08:57:59,7,0,2,9
2021-07-03 08:58:02,1,0,1,2
2021-07-03 08:58:03,10,1,2,13
2021-07-03 08:58:06,1,0,0,1
2021-07-03 08:58:07,2,1,0,3
2021-07-03 08:58:08,2,0,0,2
2021-07-03 08:58:09,1,0,0,1
2021-07-03 08:58:10,3,0,1,4
2021-07-03 08:58:13,1,1,0,2
2021-07-03 08:58:15,27,0,8,35
2021-07-03 08:58:16,0,0,0,0
2021-07-03 08:58:17,7,0,1,8
2021-07-03 08:58:19,24,1,6,31
2021-07-03 08:58:21,3,0,2,5
2021-07-03 08:58:25,4,0,0,4
2021-07-03 08:58:26,14,0,10,24
2021-07-03 08:58:27,0,0,0,0
2021-07-03 08:58:28,0,0,0,0
2021-07-03 08:58:29,10,0,0,10
2021-07-03 08:58:31,3,0,1,4
2021-07-03 08:58:33,2,0,0,2
2021-07-03 08:58:35,3,0,1,4
2021-07-03 08:58:36,1,0,0,1
2021-07-03 08:58:38,1,0,0,1
2021-07-03 08:58:39,2,0,1,3
2021-07-03 08:58:42,2,1,1,4
2021-07-03 08:58:43,12,0,2,14
2021-07-03 08:58:45,12,0,4,16
2021-07-03 08:58:46,1,0,0,1
2021-07-03 08:58:47,1,0,0,1
2021-07-03 08:58:48,1,0,0,1
2021-07-03 08:58:49,1,0,0,1
2021-07-03 08:58:50,0,0,0,0
2021-07-03 08:58:51,0,0,1,1
2021-07-03 08:58:53,11,1,3,15
2021-07-03 08:58:54,1,0,0,1
2021-07-03 08:58:55,3,0,1,4
2021-07-03 08:58:57,9,0,2,11
2021-07-03 08:58:59,5,0,3,8
2021-07-03 08:59:02,9,0,3,12
2021-07-03 08:59:03,6,0,3,9
2021-07-03 08:59:05,19,0,1,20
2021-07-03 08:59:06,0,0,0,0
2021-07-03 08:59:08,0,0,0,0
2021-07-03 08:59:09,282,10,58,350
2021-07-03 08:59:10,1,0,0,1
2021-07-03 08:59:12,1,0,0,1
2021-07-03 08:59:14,1,0,0,1
2021-07-03 08:59:15,2,0,0,2
2021-07-03 08:59:17,2,0,0,2
2021-07-03 08:59:18,0,0,0,0
2021-07-03 08:59:19,1,0,1,2
2021-07-03 08:59:20,3,0,0,3
2021-07-03 08:59:21,0,0,0,0
2021-07-03 08:59:22,5,1,2,8
2021-07-03 08:59:23,7,0,4,11
2021-07-03 08:59:28,23,3,2,28
2021-07-03 08:59:29,4,0,1,5
2021-07-03 08:59:31,9,2,3,14
2021-07-03 08:59:32,20,1,6,27
2021-07-03 08:59:35,6,1,2,9
2021-07-03 08:59:36,3,0,1,4
2021-07-03 08:59:39,3,0,1,4
2021-07-03 08:59:40,2,0,1,3
2021-07-03 08:59:41,7,0,2,9
2021-07-03 08:59:44,1,0,1,2
2021-07-03 08:59:47,2,0,0,2
2021-07-03 08:59:48,1,0,0,1
2021-07-03 08:59:49,2,0,0,2
2021-07-03 08:59:50,0,0,0,0
2021-07-03 08:59:51,46,2,7,55
2021-07-03 08:59:53,1,0,1,2
2021-07-03 08:59:58,0,0,0,0
2021-07-03 08:59:59,5,0,2,7
2021-07-03 09:00:00,534,16,128,678
2021-07-03 09:00:01,14,2,2,18
2021-07-03 09:00:03,2,0,0,2
2021-07-03 09:00:04,0,0,0,0
2021-07-03 09:00:06,0,0,0,0
2021-07-03 09:00:10,0,0,0,0
2021-07-03 09:00:11,2,0,1,3
2021-07-03 09:00:14,2,0,1,3
2021-07-03 09:00:17,50,1,14,65
2021-07-03 09:00:19,2,0,0,2
2021-07-03 09:00:20,23,0,5,28
2021-07-03 09:00:21,1,1,0,2
2021-07-03 09:00:22,1,0,0,1
2021-07-03 09:00:23,5,0,4,9
2021-07-03 09:00:24,1,0,0,1
2021-07-03 09:00:28,2,0,0,2
2021-07-03 09:00:29,0,0,0,0
2021-07-03 09:00:30,0,0,0,0
2021-07-03 09:00:31,0,0,0,0
2021-07-03 09:00:34,1,0,0,1
2021-07-03 09:00:36,10,0,5,15
2021-07-03 09:00:37,0,0,0,0
2021-07-03 09:00:38,0,0,0,0
2021-07-03 09:00:42,0,0,0,0
2021-07-03 09:00:43,0,0,0,0
2021-07-03 09:00:44,1,0,0,1
2021-07-03 09:00:47,2,0,1,3
2021-07-03 09:00:48,0,1,0,1
2021-07-03 09:00:49,2,0,0,2
2021-07-03 09:00:51,0,0,0,0
2021-07-03 09:00:52,2,0,1,3
2021-07-03 09:00:54,0,0,0,0
2021-07-03 09:00:57,2,0,0,2
2021-07-03 09:00:58,0,0,0,0
2021-07-03 09:01:00,31,1,11,43
2021-07-03 09:01:01,0,0,0,0
2021-07-03 09:01:03,0,0,0,0
2021-07-03 09:01:06,4,1,0,5
2021-07-03 09:01:09,0,0,0,0
2021-07-03 09:01:10,0,0,0,0
2021-07-03 09:01:11,0,0,0,0
2021-07-03 09:01:14,1177,42,123,1342
2021-07-03 09:01:16,2,0,0,2
2021-07-03 09:01:22,0,0,0,0
2021-07-03 09:01:23,0,0,0,0
2021-07-03 09:01:26,0,1,0,1
2021-07-03 09:01:27,25,2,5,32
2021-07-03 09:01:29,0,0,0,0
2021-07-03 09:01:30,0,0,0,0
2021-07-03 09:01:33,0,0,0,0
2021-07-03 09:01:34,27,1,3,31
2021-07-03 09:01:35,1,0,1,2
2021-07-03 09:01:36,3,0,0,3
2021-07-03 09:01:37,66,0,4,70
2021-07-03 09:01:38,104,8,8,120
2021-07-03 09:01:41,2,1,0,3
2021-07-03 09:01:43,1,1,0,2
2021-07-03 09:01:44,10,0,1,11
2021-07-03 09:01:45,1,0,1,2
2021-07-03 09:01:47,0,0,0,0
2021-07-03 09:01:52,1,0,0,1
2021-07-03 09:01:53,6,0,0,6
2021-07-03 09:01:54,2,0,0,2
2021-07-03 09:01:55,0,0,0,0
2021-07-03 09:01:58,2,1,0,3
2021-07-03 09:02:00,14,0,10,24
2021-07-03 09:02:01,0,0,0,0
2021-07-03 09:02:03,3,0,0,3
2021-07-03 09:02:04,1,0,0,1
2021-07-03 09:02:05,2,0,0,2
2021-07-03 09:02:06,1,0,0,1
2021-07-03 09:02:07,0,0,0,0
2021-07-03 09:02:08,2,1,0,3
2021-07-03 09:02:09,10,3,0,13
2021-07-03 09:02:12,0,0,1,1
2021-07-03 09:02:14,6,0,0,6
2021-07-03 09:02:15,0,0,1,1
2021-07-03 09:02:16,654,36,77,767
2021-07-03 09:02:17,0,0,0,0
2021-07-03 09:02:19,1,0,0,1
2021-07-03 09:02:20,1,0,0,1
2021-07-03 09:02:21,1,0,0,1
2021-07-03 09:02:22,5,0,2,7
2021-07-03 09:02:23,7,0,0,7
2021-07-03 09:02:24,0,0,0,0
2021-07-03 09:02:26,0,0,0,0
2021-07-03 09:02:28,0,0,0,0
2021-07-03 09:02:30,0,0,0,0
2021-07-03 09:02:32,393,10,50,453
2021-07-03 09:02:33,0,0,0,0
2021-07-03 09:02:34,3,0,5,8
2021-07-03 09:02:36,0,0,0,0
2021-07-03 09:02:37,0,0,0,0
2021-07-03 09:02:38,0,0,0,0
2021-07-03 09:02:40,0,0,0,0
2021-07-03 09:02:43,1,1,0,2
2021-07-03 09:02:44,1,1,0,2
2021-07-03 09:02:45,3666,52,522,4240
2021-07-03 09:02:46,0,0,0,0
2021-07-03 09:02:47,1,0,0,1
2021-07-03 09:02:48,3,0,0,3
2021-07-03 09:02:49,0,0,0,0
2021-07-03 09:02:52,16,1,7,24
2021-07-03 09:02:54,0,0,0,0
2021-07-03 09:02:55,2,0,0,2
2021-07-03 09:02:56,72,2,16,90
2021-07-03 09:02:57,0,0,0,0
2021-07-03 09:02:58,14,2,8,24
2021-07-03 09:02:59,0,0,0,0
2021-07-03 09:03:00,10,0,6,16
2021-07-03 09:03:01,0,0,0,0
2021-07-03 09:03:03,1,0,0,1
2021-07-03 09:03:05,5,1,3,9
2021-07-03 09:03:08,2,0,3,5
2021-07-03 09:03:10,2,0,1,3
2021-07-03 09:03:11,2,0,2,4
2021-07-03 09:03:12,5,0,3,8
2021-07-03 09:03:13,2,0,2,4
2021-07-03 09:03:14,1,0,1,2
2021-07-03 09:03:16,4,0,3,7
2021-07-03 09:03:17,5,0,2,7
2021-07-03 09:03:18,1,0,1,2
2021-07-03 09:03:21,3,1,0,4
2021-07-03 09:03:22,1,0,1,2
2021-07-03 09:03:23,160,12,31,203
2021-07-03 09:03:24,0,0,0,0
2021-07-03 09:03:26,0,0,0,0
2021-07-03 09:03:27,1,0,0,1
2021-07-03 09:03:28,127,0,10,137
2021-07-03 09:03:31,2,0,2,4
2021-07-03 09:03:34,25,1,5,31
2021-07-03 09:03:35,2,0,2,4
2021-07-03 09:03:36,15,1,6,22
2021-07-03 09:03:37,5,1,1,7
2021-07-03 09:03:39,27,3,9,39
2021-07-03 09:03:44,0,0,0,0
2021-07-03 09:03:45,6,0,4,10
2021-07-03 09:03:46,4,0,0,4
2021-07-03 09:03:47,547,37,105,689
2021-07-03 09:03:50,2,0,4,6
2021-07-03 09:03:55,1,0,0,1
2021-07-03 09:03:57,13,0,5,18
2021-07-03 09:03:58,0,0,0,0
2021-07-03 09:03:59,1,0,0,1
2021-07-03 09:04:00,6,0,8,14
2021-07-03 09:04:02,14,0,5,19
2021-07-03 09:04:03,4,2,2,8
2021-07-03 09:04:04,0,0,0,0
2021-07-03 09:04:06,3,0,0,3
2021-07-03 09:04:08,0,0,0,0
2021-07-03 09:04:10,0,0,0,0
2021-07-03 09:04:12,743,60,202,1005
2021-07-03 09:04:13,138,2,27,167
2021-07-03 09:04:16,1,0,3,4
2021-07-03 09:04:17,0,0,0,0
2021-07-03 09:04:18,0,0,0,0
2021-07-03 09:04:19,1,0,0,1
2021-07-03 09:04:20,4,1,0,5
2021-07-03 09:04:21,1,0,0,1
2021-07-03 09:04:22,0,0,0,0
2021-07-03 09:04:23,0,0,0,0
2021-07-03 09:04:25,48,3,4,55
2021-07-03 09:04:27,10,0,3,13
2021-07-03 09:04:29,10,1,1,12
2021-07-03 09:04:32,0,0,0,0
2021-07-03 09:04:33,0,0,0,0
2021-07-03 09:04:34,6,0,3,9
2021-07-03 09:04:36,0,0,1,1
2021-07-03 09:04:39,0,0,0,0
2021-07-03 09:04:40,0,0,0,0
2021-07-03 09:04:43,0,0,0,0
2021-07-03 09:04:46,0,0,0,0
2021-07-03 09:04:47,0,0,0,0
2021-07-03 09:04:49,0,0,0,0
2021-07-03 09:04:50,1,0,0,1
2021-07-03 09:04:51,39,1,11,51
2021-07-03 09:04:55,1,0,0,1
2021-07-03 09:04:56,21,4,6,31
2021-07-03 09:04:57,0,0,0,0
2021-07-03 09:04:58,1,0,0,1
2021-07-03 09:04:59,0,0,0,0
2021-07-03 09:05:00,18,0,16,34
2021-07-03 09:05:01,6,1,4,11
2021-07-03 09:05:02,9,1,3,13
2021-07-03 09:05:03,24,0,9,33
2021-07-03 09:05:04,2,0,0,2
2021-07-03 09:05:05,23,1,15,39
2021-07-03 09:05:10,7,0,4,11
2021-07-03 09:05:13,1,0,0,1
2021-07-03 09:05:14,0,0,0,0
2021-07-03 09:05:15,2,0,0,2
2021-07-03 09:05:16,1,0,3,4
2021-07-03 09:05:17,0,1,0,1
2021-07-03 09:05:18,0,0,0,0
2021-07-03 09:05:26,0,0,0,0
2021-07-03 09:05:28,1,0,0,1
2021-07-03 09:05:29,2,0,0,2
2021-07-03 09:05:30,1,0,0,1
2021-07-03 09:05:31,3,0,0,3
2021-07-03 09:05:34,0,0,0,0
2021-07-03 09:05:35,0,0,0,0
2021-07-03 09:05:36,2,0,1,3
2021-07-03 09:05:37,2,0,1,3
2021-07-03 09:05:38,7,0,2,9
2021-07-03 09:05:40,0,0,0,0
2021-07-03 09:05:41,0,0,0,0
2021-07-03 09:05:43,20,0,6,26
2021-07-03 09:05:44,5,0,4,9
2021-07-03 09:05:45,2,1,0,3
2021-07-03 09:05:46,0,0,0,0
2021-07-03 09:05:47,1,1,0,2
2021-07-03 09:05:49,3,0,3,6
2021-07-03 09:05:51,3,1,0,4
2021-07-03 09:05:52,43,5,12,60
2021-07-03 09:05:53,1,0,1,2
2021-07-03 09:05:54,3,0,2,5
2021-07-03 09:05:55,4,0,3,7
2021-07-03 09:05:56,20,2,7,29
2021-07-03 09:05:57,1893,87,378,2358
2021-07-03 09:05:58,4,0,4,8
2021-07-03 09:05:59,0,0,0,0
2021-07-03 09:06:01,2,0,2,4
2021-07-03 09:06:02,3,0,2,5
2021-07-03 09:06:03,172,2,30,204
2021-07-03 09:06:04,0,0,0,0
2021-07-03 09:06:05,0,0,0,0
2021-07-03 09:06:07,121,1,27,149
2021-07-03 09:06:08,2,0,2,4
2021-07-03 09:06:09,6,0,0,6
2021-07-03 09:06:10,2,0,0,2
2021-07-03 09:06:13,0,0,0,0
2021-07-03 09:06:14,0,0,0,0
2021-07-03 09:06:15,0,0,0,0
2021-07-03 09:06:16,3,1,0,4
2021-07-03 09:06:18,1,0,0,1
2021-07-03 09:06:20,0,0,0,0
2021-07-03 09:06:22,2,0,0,2
2021-07-03 09:06:24,2,0,0,2
2021-07-03 09:06:26,1,0,1,2
2021-07-03 09:06:27,5,0,3,8
2021-07-03 09:06:28,4,0,4,8
2021-07-03 09:06:33,3,0,4,7
2021-07-03 09:06:34,2,0,2,4
2021-07-03 09:06:35,44,1,13,58
2021-07-03 09:06:36,3,0,3,6
2021-07-03 09:06:37,1,0,1,2
2021-07-03 09:06:38,36,0,8,44
2021-07-03 09:06:39,7,1,4,12
2021-07-03 09:06:40,13,1,9,23
2021-07-03 09:06:41,2,0,2,4
2021-07-03 09:06:42,3,0,2,5
2021-07-03 09:06:43,10,0,8,18
2021-07-03 09:06:44,12,1,7,20
2021-07-03 09:06:47,2,0,2,4
2021-07-03 09:06:50,0,0,0,0
2021-07-03 09:06:52,3,0,4,7
2021-07-03 09:06:54,2,1,3,6
2021-07-03 09:06:55,1,0,1,2
2021-07-03 09:06:56,0,0,1,1
2021-07-03 09:06:58,0,0,1,1
2021-07-03 09:07:00,1,0,4,5
2021-07-03 09:07:01,1,0,2,3
2021-07-03 09:07:02,13,3,7,23
2021-07-03 09:07:04,1,0,1,2
2021-07-03 09:07:05,2,1,1,4
2021-07-03 09:07:06,1,0,2,3
2021-07-03 09:07:10,7,1,2,10
2021-07-03 09:07:11,2,0,1,3
2021-07-03 09:07:12,5,1,3,9
2021-07-03 09:07:13,0,0,2,2
2021-07-03 09:07:14,0,0,1,1
2021-07-03 09:07:15,0,0,2,2
2021-07-03 09:07:16,3,0,4,7
2021-07-03 09:07:17,3,0,4,7
2021-07-03 09:07:18,1,0,0,1
2021-07-03 09:07:19,3,0,1,4
2021-07-03 09:07:21,1,0,0,1
2021-07-03 09:07:25,4,0,0,4
2021-07-03 09:07:26,2,0,0,2
2021-07-03 09:07:27,3,0,1,4
2021-07-03 09:07:28,1,0,0,1
2021-07-03 09:07:29,9,0,3,12
2021-07-03 09:07:30,2,0,2,4
2021-07-03 09:07:31,2,0,0,2
2021-07-03 09:07:32,411,8,94,513
2021-07-03 09:07:34,0,0,0,0
2021-07-03 09:07:35,0,0,0,0
2021-07-03 09:07:36,0,0,0,0
2021-07-03 09:07:38,0,0,0,0
2021-07-03 09:07:39,1,0,0,1
2021-07-03 09:07:40,19,0,0,19
2021-07-03 09:07:44,2,0,1,3
2021-07-03 09:07:45,1,0,0,1
2021-07-03 09:07:46,0,0,0,0
2021-07-03 09:07:48,0,0,0,0
2021-07-03 09:07:49,2,1,2,5
2021-07-03 09:07:50,1164,29,210,1403
2021-07-03 09:07:51,1,0,0,1
2021-07-03 09:07:52,3,0,1,4
2021-07-03 09:07:54,0,0,0,0
2021-07-03 09:07:55,0,0,1,1
2021-07-03 09:07:56,1,0,0,1
2021-07-03 09:07:58,0,0,0,0
2021-07-03 09:07:59,1,0,0,1
2021-07-03 09:08:02,0,0,0,0
2021-07-03 09:08:03,6,0,2,8
2021-07-03 09:08:04,6,0,0,6
2021-07-03 09:08:05,94,4,16,114
2021-07-03 09:08:06,1,0,1,2
2021-07-03 09:08:07,0,0,0,0
2021-07-03 09:08:08,2442,32,218,2692
2021-07-03 09:08:11,0,0,0,0
2021-07-03 09:08:14,2,0,0,2
2021-07-03 09:08:15,1,0,0,1
2021-07-03 09:08:18,4,0,0,4
2021-07-03 09:08:20,0,0,0,0
2021-07-03 09:08:21,1,0,0,1
2021-07-03 09:08:23,3,0,1,4
2021-07-03 09:08:25,0,0,0,0
2021-07-03 09:08:26,4,0,0,4
2021-07-03 09:08:27,1,0,0,1
2021-07-03 09:08:28,7,0,5,12
2021-07-03 09:08:29,5,0,4,9
2021-07-03 09:08:30,3,0,0,3
2021-07-03 09:08:32,2,2,0,4
2021-07-03 09:08:35,1,0,0,1
2021-07-03 09:08:36,5,1,0,6
2021-07-03 09:08:37,8,0,3,11
2021-07-03 09:08:38,4,2,0,6
2021-07-03 09:08:39,69,2,1,72
2021-07-03 09:08:40,5,1,0,6
2021-07-03 09:08:43,0,1,0,1
2021-07-03 09:08:44,0,0,0,0
2021-07-03 09:08:45,0,0,0,0
2021-07-03 09:08:47,0,0,0,0
2021-07-03 09:08:48,13,0,6,19
2021-07-03 09:08:50,0,0,0,0
2021-07-03 09:08:53,0,0,0,0
2021-07-03 09:08:54,6,0,6,12
2021-07-03 09:08:55,0,0,0,0
2021-07-03 09:08:59,18,4,5,27
2021-07-03 09:09:00,3,0,2,5
2021-07-03 09:09:02,24,3,6,33
2021-07-03 09:09:03,10,0,0,10
2021-07-03 09:09:05,474,25,112,611
2021-07-03 09:09:06,48,20,10,78
2021-07-03 09:09:07,0,0,2,2
2021-07-03 09:09:09,11,2,7,20
2021-07-03 09:09:10,2,2,0,4
2021-07-03 09:09:11,0,1,0,1
2021-07-03 09:09:16,28,0,18,46
2021-07-03 09:09:18,0,0,0,0
2021-07-03 09:09:19,5,0,4,9
2021-07-03 09:09:20,0,0,0,0
2021-07-03 09:09:22,0,0,1,1
2021-07-03 09:09:24,7,0,0,7
2021-07-03 09:09:26,1,0,2,3
2021-07-03 09:09:29,5,0,0,5
2021-07-03 09:09:31,4,1,3,8
2021-07-03 09:09:32,1,1,0,2
2021-07-03 09:09:33,1,0,0,1
2021-07-03 09:09:34,5,0,0,5
2021-07-03 09:09:35,0,0,0,0
2021-07-03 09:09:37,0,0,0,0
2021-07-03 09:09:38,10,0,1,11
2021-07-03 09:09:39,0,0,1,1
2021-07-03 09:09:40,16,2,2,20
2021-07-03 09:09:41,0,0,0,0
2021-07-03 09:09:45,1,1,0,2
2021-07-03 09:09:48,0,0,0,0
2021-07-03 09:09:49,0,0,0,0
2021-07-03 09:09:50,5,1,1,7
2021-07-03 09:09:51,0,0,1,1
2021-07-03 09:09:52,0,0,0,0
2021-07-03 09:09:54,0,0,0,0
2021-07-03 09:09:55,1,0,0,1
2021-07-03 09:09:57,0,0,0,0
2021-07-03 09:09:58,1,0,0,1
2021-07-03 09:09:59,21,0,2,23
2021-07-03 09:10:00,15,0,13,28
2021-07-03 09:10:01,756,19,164,939
2021-07-03 09:10:02,1,0,1,2
2021-07-03 09:10:03,0,0,0,0
2021-07-03 09:10:05,16,3,1,20
2021-07-03 09:10:06,24,1,2,27
2021-07-03 09:10:10,0,0,0,0
2021-07-03 09:10:13,2,2,0,4
2021-07-03 09:10:14,6,0,3,9
2021-07-03 09:10:15,8,0,0,8
2021-07-03 09:10:16,1,0,0,1
2021-07-03 09:10:18,2,0,1,3
2021-07-03 09:10:19,5,0,5,10
2021-07-03 09:10:20,4,0,1,5
2021-07-03 09:10:21,1,0,0,1
2021-07-03 09:10:22,1,0,0,1
2021-07-03 09:10:24,21,2,11,34
2021-07-03 09:10:27,0,0,0,0
2021-07-03 09:10:28,59,2,12,73
2021-07-03 09:10:29,9,2,5,16
2021-07-03 09:10:30,0,0,0,0
2021-07-03 09:10:31,0,0,0,0
2021-07-03 09:10:32,0,0,0,0
2021-07-03 09:10:33,0,0,0,0
2021-07-03 09:10:34,0,0,0,0
2021-07-03 09:10:35,0,0,0,0
2021-07-03 09:10:37,2,0,1,3
2021-07-03 09:10:38,3,0,2,5
2021-07-03 09:10:39,3,0,1,4
2021-07-03 09:10:40,3,0,0,3
2021-07-03 09:10:42,2,1,1,4
2021-07-03 09:10:43,1,0,0,1
2021-07-03 09:10:44,2,0,0,2
2021-07-03 09:10:45,2,1,0,3
2021-07-03 09:10:47,0,0,0,0
2021-07-03 09:10:48,353,9,77,439
2021-07-03 09:10:49,1,0,0,1
2021-07-03 09:10:51,2,0,2,4
2021-07-03 09:10:52,2,2,0,4
2021-07-03 09:10:53,1,0,1,2
2021-07-03 09:10:54,8,2,0,10
2021-07-03 09:10:55,2,0,1,3
2021-07-03 09:10:56,4,0,1,5
2021-07-03 09:10:58,2,0,0,2
2021-07-03 09:10:59,2,0,0,2
2021-07-03 09:11:00,1,0,1,2
2021-07-03 09:11:01,2,0,0,2
2021-07-03 09:11:02,3,0,3,6
2021-07-03 09:11:03,1,0,1,2
2021-07-03 09:11:04,2,0,0,2
2021-07-03 09:11:07,2,0,0,2
2021-07-03 09:11:09,0,0,0,0
2021-07-03 09:11:10,3,0,0,3
2021-07-03 09:11:12,0,0,0,0
2021-07-03 09:11:14,2,0,0,2
2021-07-03 09:11:16,0,0,0,0
2021-07-03 09:11:17,0,0,0,0
2021-07-03 09:11:18,11,2,6,19
2021-07-03 09:11:19,0,0,0,0
2021-07-03 09:11:20,41,1,3,45
2021-07-03 09:11:21,0,0,0,0
2021-07-03 09:11:23,0,0,0,0
2021-07-03 09:11:24,0,0,0,0
2021-07-03 09:11:25,20,0,12,32
2021-07-03 09:11:26,1,0,0,1
2021-07-03 09:11:27,5,1,2,8
2021-07-03 09:11:28,3,0,0,3
2021-07-03 09:11:29,2,0,1,3
2021-07-03 09:11:30,0,0,0,0
2021-07-03 09:11:31,7,0,1,8
2021-07-03 09:11:33,2,0,1,3
2021-07-03 09:11:34,0,0,0,0
2021-07-03 09:11:36,9,1,1,11
2021-07-03 09:11:39,1,0,0,1
2021-07-03 09:11:40,4,0,0,4
2021-07-03 09:11:41,22,1,5,28
2021-07-03 09:11:42,10,0,3,13
2021-07-03 09:11:43,8,0,1,9
2021-07-03 09:11:44,5,0,4,9
2021-07-03 09:11:46,2,1,0,3
2021-07-03 09:11:47,2,1,1,4
2021-07-03 09:11:48,1,0,0,1
2021-07-03 09:11:49,0,0,0,0
2021-07-03 09:11:50,1,0,0,1
2021-07-03 09:11:52,1,0,2,3
2021-07-03 09:11:53,1,0,0,1
2021-07-03 09:11:54,0,0,0,0
2021-07-03 09:11:55,4,1,0,5
2021-07-03 09:11:56,9,0,3,12
2021-07-03 09:11:57,1,0,0,1
2021-07-03 09:11:58,11,1,3,15
2021-07-03 09:11:59,6,0,1,7
2021-07-03 09:12:00,7,0,3,10
2021-07-03 09:12:01,1,0,0,1
2021-07-03 09:12:03,0,0,0,0
2021-07-03 09:12:04,0,0,0,0
2021-07-03 09:12:05,1,0,0,1
2021-07-03 09:12:06,0,0,0,0
2021-07-03 09:12:07,1,0,1,2
2021-07-03 09:12:08,2,0,1,3
2021-07-03 09:12:10,1,0,0,1
2021-07-03 09:12:12,6,1,2,9
2021-07-03 09:12:13,0,0,1,1
2021-07-03 09:12:15,0,0,0,0
2021-07-03 09:12:17,77,2,11,90
2021-07-03 09:12:18,0,0,0,0
2021-07-03 09:12:21,1,0,0,1
2021-07-03 09:12:22,1,0,0,1
2021-07-03 09:12:24,7,0,2,9
2021-07-03 09:12:25,0,0,0,0
2021-07-03 09:12:26,1,0,1,2
2021-07-03 09:12:28,0,0,1,1
2021-07-03 09:12:30,1,0,0,1
2021-07-03 09:12:31,5,2,2,9
2021-07-03 09:12:33,1912,63,408,2383
2021-07-03 09:12:34,0,0,0,0
2021-07-03 09:12:37,2,0,1,3
2021-07-03 09:12:41,1,0,0,1
2021-07-03 09:12:42,33,0,10,43
2021-07-03 09:12:43,0,0,0,0
2021-07-03 09:12:44,3,1,2,6
2021-07-03 09:12:45,6,1,3,10
2021-07-03 09:12:46,6,1,3,10
2021-07-03 09:12:47,2,0,1,3
2021-07-03 09:12:48,4622,132,788,5542
2021-07-03 09:12:49,0,0,0,0
2021-07-03 09:12:50,2,0,0,2
2021-07-03 09:12:51,0,0,0,0
2021-07-03 09:12:52,0,0,0,0
2021-07-03 09:12:55,0,0,0,0
2021-07-03 09:12:56,8,0,2,10
2021-07-03 09:12:57,0,0,0,0
2021-07-03 09:12:58,1,0,0,1
2021-07-03 09:12:59,27,2,7,36
2021-07-03 09:13:01,1,0,0,1
2021-07-03 09:13:02,0,0,0,0
2021-07-03 09:13:04,0,0,0,0
2021-07-03 09:13:06,5,0,4,9
2021-07-03 09:13:07,0,0,0,0
2021-07-03 09:13:09,28,2,18,48
2021-07-03 09:13:13,8,0,3,11
2021-07-03 09:13:14,2,0,3,5
2021-07-03 09:13:15,3,1,4,8
2021-07-03 09:13:16,0,0,1,1
2021-07-03 09:13:17,9,0,0,9
2021-07-03 09:13:18,1,0,0,1
2021-07-03 09:13:19,1,0,0,1
2021-07-03 09:13:21,0,0,0,0
2021-07-03 09:13:22,168,6,32,206
2021-07-03 09:13:23,2,0,0,2
2021-07-03 09:13:24,1,0,0,1
2021-07-03 09:13:27,0,0,0,0
2021-07-03 09:13:28,24,0,0,24
2021-07-03 09:13:29,8,0,0,8
2021-07-03 09:13:30,0,0,0,0
2021-07-03 09:13:31,7,1,0,8
2021-07-03 09:13:32,1,0,0,1
2021-07-03 09:13:33,7,0,3,10
2021-07-03 09:13:35,3,1,2,6
2021-07-03 09:13:38,81,6,11,98
2021-07-03 09:13:40,6,4,0,10
2021-07-03 09:13:41,1,0,0,1
2021-07-03 09:13:43,3,1,1,5
2021-07-03 09:13:44,0,0,0,0
2021-07-03 09:13:45,0,0,0,0
2021-07-03 09:13:47,26,0,4,30
2021-07-03 09:13:48,0,0,0,0
2021-07-03 09:13:49,4,0,1,5
2021-07-03 09:13:50,1,0,1,2
2021-07-03 09:13:51,3,0,0,3
2021-07-03 09:13:52,9,2,3,14
2021-07-03 09:13:54,2,0,6,8
2021-07-03 09:13:55,0,0,0,0
2021-07-03 09:13:58,0,0,0,0
2021-07-03 09:13:59,0,0,1,1
2021-07-03 09:14:01,9,1,1,11
2021-07-03 09:14:03,0,0,0,0
2021-07-03 09:14:04,40,4,9,53
2021-07-03 09:14:05,3,0,0,3
2021-07-03 09:14:07,1,0,1,2
2021-07-03 09:14:08,5,1,3,9
2021-07-03 09:14:11,3,0,0,3
2021-07-03 09:14:13,23,1,4,28
2021-07-03 09:14:14,0,0,0,0
2021-07-03 09:14:15,1,0,0,1
2021-07-03 09:14:16,0,0,0,0
2021-07-03 09:14:17,9,0,5,14
2021-07-03 09:14:18,4,0,1,5
2021-07-03 09:14:19,112,4,12,128
2021-07-03 09:14:21,0,0,0,0
2021-07-03 09:14:22,1,0,0,1
2021-07-03 09:14:25,2,0,0,2
2021-07-03 09:14:26,1,0,0,1
2021-07-03 09:14:27,1,0,0,1
2021-07-03 09:14:29,1,0,0,1
2021-07-03 09:14:30,1,0,0,1
2021-07-03 09:14:32,0,0,0,0
2021-07-03 09:14:33,7,3,3,13
2021-07-03 09:14:34,2,0,0,2
2021-07-03 09:14:36,0,0,0,0
2021-07-03 09:14:38,0,0,0,0
2021-07-03 09:14:39,0,0,0,0
2021-07-03 09:14:42,113,0,26,139
2021-07-03 09:14:45,4,0,0,4
2021-07-03 09:14:46,3,1,3,7
2021-07-03 09:14:47,2,2,0,4
2021-07-03 09:14:48,10,0,3,13
2021-07-03 09:14:49,109,2,53,164
2021-07-03 09:14:50,0,0,0,0
2021-07-03 09:14:51,1,0,0,1
2021-07-03 09:14:52,0,0,0,0
2021-07-03 09:14:53,1,0,2,3
2021-07-03 09:14:54,4,0,0,4
2021-07-03 09:14:55,0,0,0,0
2021-07-03 09:14:56,7,1,2,10
2021-07-03 09:14:59,0,0,0,0
2021-07-03 09:15:00,1449,39,320,1808
2021-07-03 09:15:01,18,0,3,21
2021-07-03 09:15:03,2,0,1,3
2021-07-03 09:15:05,1,0,0,1
2021-07-03 09:15:09,15,1,6,22
2021-07-03 09:15:11,1,1,0,2
2021-07-03 09:15:12,6,1,3,10
2021-07-03 09:15:13,0,0,0,0
2021-07-03 09:15:16,1,1,0,2
2021-07-03 09:15:20,70,6,2,78
2021-07-03 09:15:22,5,1,0,6
2021-07-03 09:15:23,1,0,0,1
2021-07-03 09:15:24,5,1,2,8
2021-07-03 09:15:25,0,0,0,0
2021-07-03 09:15:27,8,0,4,12
2021-07-03 09:15:28,0,0,0,0
2021-07-03 09:15:30,2,0,3,5
2021-07-03 09:15:31,0,0,0,0
2021-07-03 09:15:32,8,0,1,9
2021-07-03 09:15:33,2,0,0,2
2021-07-03 09:15:35,23,0,1,24
2021-07-03 09:15:36,0,0,0,0
2021-07-03 09:15:37,31,3,14,48
2021-07-03 09:15:38,4,0,0,4
2021-07-03 09:15:40,1,0,0,1
2021-07-03 09:15:41,1,0,0,1
2021-07-03 09:15:42,2,0,1,3
2021-07-03 09:15:43,2,0,0,2
2021-07-03 09:15:44,1,0,0,1
2021-07-03 09:15:45,5,0,0,5
2021-07-03 09:15:46,0,0,0,0
2021-07-03 09:15:48,0,0,0,0
2021-07-03 09:15:49,3,0,1,4
2021-07-03 09:15:50,0,1,0,1
2021-07-03 09:15:51,0,0,0,0
2021-07-03 09:15:52,0,0,0,0
2021-07-03 09:15:57,0,0,0,0
2021-07-03 09:15:58,0,0,0,0
2021-07-03 09:15:59,2,0,0,2
2021-07-03 09:16:03,0,0,0,0
2021-07-03 09:16:04,11,0,4,15
2021-07-03 09:16:05,5,1,1,7
2021-07-03 09:16:06,0,0,0,0
2021-07-03 09:16:07,6,0,0,6
2021-07-03 09:16:08,11,2,5,18
2021-07-03 09:16:09,0,0,0,0
2021-07-03 09:16:10,13,2,2,17
2021-07-03 09:16:15,82,1,1,84
2021-07-03 09:16:17,2,0,0,2
2021-07-03 09:16:18,0,0,0,0
2021-07-03 09:16:19,1,0,0,1
2021-07-03 09:16:20,193,6,50,249
2021-07-03 09:16:21,2,0,0,2
2021-07-03 09:16:23,0,0,0,0
2021-07-03 09:16:25,9,1,2,12
2021-07-03 09:16:26,0,0,0,0
2021-07-03 09:16:27,8,0,2,10
2021-07-03 09:16:28,1,0,0,1
2021-07-03 09:16:29,0,0,0,0
2021-07-03 09:16:30,18,3,7,28
2021-07-03 09:16:31,0,0,0,0
2021-07-03 09:16:32,4,0,0,4
2021-07-03 09:16:35,0,0,0,0
2021-07-03 09:16:36,2,0,0,2
2021-07-03 09:16:37,0,0,0,0
2021-07-03 09:16:38,2,0,0,2
2021-07-03 09:16:39,1,0,0,1
2021-07-03 09:16:40,1,0,1,2
2021-07-03 09:16:41,10,1,2,13
2021-07-03 09:16:43,3,0,0,3
2021-07-03 09:16:44,72,3,24,99
2021-07-03 09:16:46,0,0,0,0
2021-07-03 09:16:47,0,0,0,0
2021-07-03 09:16:48,0,0,0,0
2021-07-03 09:16:49,1,0,0,1
2021-07-03 09:16:50,0,0,0,0
2021-07-03 09:16:52,1,1,0,2
2021-07-03 09:16:53,3,0,3,6
2021-07-03 09:16:56,1,0,0,1
2021-07-03 09:16:57,0,0,0,0
2021-07-03 09:16:58,3,0,1,4
2021-07-03 09:17:00,5,0,1,6
2021-07-03 09:17:02,0,0,0,0
2021-07-03 09:17:03,0,0,0,0
2021-07-03 09:17:04,0,0,0,0
2021-07-03 09:17:05,1,0,0,1
2021-07-03 09:17:06,0,0,0,0
2021-07-03 09:17:07,40,0,18,58
2021-07-03 09:17:08,0,0,0,0
2021-07-03 09:17:09,0,0,0,0
2021-07-03 09:17:11,0,0,0,0
2021-07-03 09:17:12,3,0,1,4
2021-07-03 09:17:15,157,3,33,193
2021-07-03 09:17:19,0,0,0,0
2021-07-03 09:17:20,1,0,0,1
2021-07-03 09:17:21,0,0,0,0
2021-07-03 09:17:23,0,0,0,0
2021-07-03 09:17:25,0,0,0,0
2021-07-03 09:17:26,57,0,8,65
2021-07-03 09:17:27,0,0,0,0
2021-07-03 09:17:28,1,1,0,2
2021-07-03 09:17:29,1,0,0,1
2021-07-03 09:17:30,7,0,1,8
2021-07-03 09:17:31,4,0,3,7
2021-07-03 09:17:32,4,0,2,6
2021-07-03 09:17:34,40,4,14,58
2021-07-03 09:17:35,1,0,0,1
2021-07-03 09:17:37,0,0,0,0
2021-07-03 09:17:38,19,1,6,26
2021-07-03 09:17:39,1,0,0,1
2021-07-03 09:17:40,6,1,0,7
2021-07-03 09:17:42,65,0,22,87
2021-07-03 09:17:43,1,0,0,1
2021-07-03 09:17:44,48,0,6,54
2021-07-03 09:17:45,0,0,0,0
2021-07-03 09:17:48,0,0,1,1
2021-07-03 09:17:50,2,1,1,4
2021-07-03 09:17:51,0,0,0,0
2021-07-03 09:17:52,2,0,0,2
2021-07-03 09:17:53,5,0,2,7
2021-07-03 09:17:54,0,0,0,0
2021-07-03 09:17:55,0,1,0,1
2021-07-03 09:17:56,0,0,0,0
2021-07-03 09:17:58,1,0,0,1
2021-07-03 09:17:59,821,34,177,1032
2021-07-03 09:18:00,15,0,6,21
2021-07-03 09:18:01,0,0,0,0
2021-07-03 09:18:02,1,0,0,1
2021-07-03 09:18:04,3,0,3,6
2021-07-03 09:18:06,68,4,6,78
2021-07-03 09:18:07,1,0,0,1
2021-07-03 09:18:08,13,2,8,23
2021-07-03 09:18:10,6,0,5,11
2021-07-03 09:18:11,1,0,0,1
2021-07-03 09:18:12,4,0,2,6
2021-07-03 09:18:14,0,0,0,0
2021-07-03 09:18:15,10,1,2,13
2021-07-03 09:18:16,3,0,1,4
2021-07-03 09:18:17,0,0,0,0
2021-07-03 09:18:21,2,0,2,4
2021-07-03 09:18:22,191,5,47,243
2021-07-03 09:18:23,0,0,0,0
2021-07-03 09:18:25,2,0,0,2
2021-07-03 09:18:26,0,0,0,0
2021-07-03 09:18:27,17,0,1,18
2021-07-03 09:18:29,7,1,0,8
2021-07-03 09:18:30,5,0,3,8
2021-07-03 09:18:31,79,2,21,102
2021-07-03 09:18:32,0,0,0,0
2021-07-03 09:18:33,0,0,0,0
2021-07-03 09:18:34,1,0,2,3
2021-07-03 09:18:35,0,0,0,0
2021-07-03 09:18:36,3,0,3,6
2021-07-03 09:18:38,3,0,0,3
2021-07-03 09:18:41,1,0,0,1
2021-07-03 09:18:42,0,0,0,0
2021-07-03 09:18:44,6,0,0,6
2021-07-03 09:18:47,1,0,0,1
2021-07-03 09:18:49,4,0,0,4
2021-07-03 09:18:51,6,0,3,9
2021-07-03 09:18:52,233,4,57,294
2021-07-03 09:18:54,1,0,0,1
2021-07-03 09:18:55,1,0,0,1
2021-07-03 09:18:56,0,0,0,0
2021-07-03 09:18:57,0,0,0,0
2021-07-03 09:18:58,11,3,1,15
2021-07-03 09:19:00,14,3,5,22
2021-07-03 09:19:01,0,0,0,0
2021-07-03 09:19:04,0,0,0,0
2021-07-03 09:19:07,4,0,2,6
2021-07-03 09:19:08,1,0,1,2
2021-07-03 09:19:09,5,0,3,8
2021-07-03 09:19:10,0,0,0,0
2021-07-03 09:19:11,0,0,0,0
2021-07-03 09:19:12,0,0,0,0
2021-07-03 09:19:14,2,0,0,2
2021-07-03 09:19:15,4,0,0,4
2021-07-03 09:19:17,0,0,0,0
2021-07-03 09:19:18,1,0,0,1
2021-07-03 09:19:19,0,0,0,0
2021-07-03 09:19:21,0,0,0,0
2021-07-03 09:19:22,0,0,0,0
2021-07-03 09:19:23,0,0,0,0
2021-07-03 09:19:25,0,0,1,1
2021-07-03 09:19:26,0,0,0,0
2021-07-03 09:19:27,1,1,0,2
2021-07-03 09:19:28,127,4,23,154
2021-07-03 09:19:29,0,0,0,0
2021-07-03 09:19:31,0,0,0,0
2021-07-03 09:19:32,0,0,0,0
2021-07-03 09:19:33,6,0,0,6
2021-07-03 09:19:35,0,0,0,0
2021-07-03 09:19:36,0,0,0,0
2021-07-03 09:19:38,11,1,0,12
2021-07-03 09:19:40,3,0,0,3
2021-07-03 09:19:42,0,0,1,1
2021-07-03 09:19:43,0,0,0,0
2021-07-03 09:19:44,0,0,0,0
2021-07-03 09:19:46,0,0,0,0
2021-07-03 09:19:48,0,0,0,0
2021-07-03 09:19:51,0,0,0,0
2021-07-03 09:19:53,6,1,3,10
2021-07-03 09:19:55,0,0,0,0
2021-07-03 09:19:56,0,0,0,0
2021-07-03 09:19:57,0,0,0,0
2021-07-03 09:19:58,0,0,0,0
2021-07-03 09:19:59,0,0,0,0
2021-07-03 09:20:00,27,1,13,41
2021-07-03 09:20:01,1,0,0,1
2021-07-03 09:20:02,0,0,0,0
2021-07-03 09:20:03,21,4,6,31
2021-07-03 09:20:04,0,0,0,0
2021-07-03 09:20:07,1,0,0,1
2021-07-03 09:20:08,0,0,0,0
2021-07-03 09:20:09,0,0,0,0
2021-07-03 09:20:10,0,0,0,0
2021-07-03 09:20:11,1,0,1,2
2021-07-03 09:20:12,6,0,0,6
2021-07-03 09:20:14,1,2,0,3
2021-07-03 09:20:17,5,0,4,9
2021-07-03 09:20:19,2,1,0,3
2021-07-03 09:20:20,24,1,7,32
2021-07-03 09:20:21,2,0,0,2
2021-07-03 09:20:22,0,0,0,0
2021-07-03 09:20:23,41,31,15,87
2021-07-03 09:20:24,0,0,0,0
2021-07-03 09:20:25,502,19,125,646
2021-07-03 09:20:26,1,0,0,1
2021-07-03 09:20:28,49,9,2,60
2021-07-03 09:20:29,0,0,0,0
2021-07-03 09:20:31,1,1,0,2
2021-07-03 09:20:32,136,4,46,186
2021-07-03 09:20:34,4,0,0,4
2021-07-03 09:20:35,0,0,1,1
2021-07-03 09:20:36,0,0,0,0
2021-07-03 09:20:37,1,0,1,2
2021-07-03 09:20:39,0,0,0,0
2021-07-03 09:20:40,0,0,0,0
2021-07-03 09:20:41,0,0,0,0
2021-07-03 09:20:42,1,0,0,1
2021-07-03 09:20:43,0,0,0,0
2021-07-03 09:20:45,0,0,0,0
2021-07-03 09:20:46,0,0,0,0
2021-07-03 09:20:47,2,0,0,2
2021-07-03 09:20:48,1,0,0,1
2021-07-03 09:20:49,86,4,14,104
2021-07-03 09:20:50,1306,48,370,1724
2021-07-03 09:20:51,3,0,0,3
2021-07-03 09:20:53,0,0,0,0
2021-07-03 09:20:54,9937,238,725,10900
2021-07-03 09:20:58,0,0,0,0
2021-07-03 09:20:59,4,0,3,7
2021-07-03 09:21:00,2,0,0,2
2021-07-03 09:21:01,71,0,14,85
2021-07-03 09:21:02,0,0,0,0
2021-07-03 09:21:04,1,0,1,2
2021-07-03 09:21:05,10,2,2,14
2021-07-03 09:21:07,0,0,0,0
2021-07-03 09:21:08,1,0,0,1
2021-07-03 09:21:10,3,0,3,6
2021-07-03 09:21:11,0,0,0,0
2021-07-03 09:21:12,0,0,0,0
2021-07-03 09:21:13,1,1,0,2
2021-07-03 09:21:14,0,1,0,1
2021-07-03 09:21:15,0,0,0,0
2021-07-03 09:21:16,0,2,0,2
2021-07-03 09:21:17,2,1,0,3
2021-07-03 09:21:18,2,2,0,4
2021-07-03 09:21:19,0,0,0,0
2021-07-03 09:21:20,3,2,2,7
2021-07-03 09:21:21,0,0,0,0
2021-07-03 09:21:22,12,0,0,12
2021-07-03 09:21:23,0,0,0,0
2021-07-03 09:21:24,1,0,0,1
2021-07-03 09:21:25,3,0,3,6
2021-07-03 09:21:27,1,0,0,1
2021-07-03 09:21:29,5,0,0,5
2021-07-03 09:21:30,1,0,1,2
2021-07-03 09:21:31,18,0,3,21
2021-07-03 09:21:32,9710,477,693,10880
2021-07-03 09:21:33,1,0,0,1
2021-07-03 09:21:34,14,2,3,19
2021-07-03 09:21:35,3,0,2,5
2021-07-03 09:21:36,0,0,0,0
2021-07-03 09:21:37,9,2,4,15
2021-07-03 09:21:38,0,0,0,0
2021-07-03 09:21:39,4,0,0,4
2021-07-03 09:21:40,0,0,0,0
2021-07-03 09:21:41,4,0,6,10
2021-07-03 09:21:42,115,6,27,148
2021-07-03 09:21:43,36,0,9,45
2021-07-03 09:21:44,5,0,5,10
2021-07-03 09:21:45,3,0,3,6
2021-07-03 09:21:46,1,0,2,3
2021-07-03 09:21:47,3,0,10,13
2021-07-03 09:21:48,1,0,0,1
2021-07-03 09:21:49,0,0,8,8
2021-07-03 09:21:50,0,0,5,5
2021-07-03 09:21:51,0,0,0,0
2021-07-03 09:21:54,0,0,0,0
2021-07-03 09:21:55,2,0,2,4
2021-07-03 09:21:56,3,0,1,4
2021-07-03 09:21:57,7,0,1,8
2021-07-03 09:22:01,0,0,0,0
2021-07-03 09:22:02,0,0,0,0
2021-07-03 09:22:03,0,0,0,0
2021-07-03 09:22:07,3,0,1,4
2021-07-03 09:22:08,9,0,2,11
2021-07-03 09:22:10,2,0,0,2
2021-07-03 09:22:11,0,0,0,0
2021-07-03 09:22:12,3,0,0,3
2021-07-03 09:22:16,1,0,1,2
2021-07-03 09:22:17,0,0,0,0
2021-07-03 09:22:18,264,8,56,328
2021-07-03 09:22:19,0,0,0,0
2021-07-03 09:22:20,0,0,0,0
2021-07-03 09:22:21,1,1,0,2
2021-07-03 09:22:22,2,0,1,3
2021-07-03 09:22:25,2,0,0,2
2021-07-03 09:22:28,0,0,0,0
2021-07-03 09:22:29,0,0,0,0
2021-07-03 09:22:31,14,4,4,22
2021-07-03 09:22:32,1285,40,260,1585
2021-07-03 09:22:34,1,0,0,1
2021-07-03 09:22:35,33,0,2,35
2021-07-03 09:22:36,2,0,0,2
2021-07-03 09:22:37,3,0,0,3
2021-07-03 09:22:38,0,0,0,0
2021-07-03 09:22:39,389,5,35,429
2021-07-03 09:22:40,81,8,17,106
2021-07-03 09:22:42,5,0,2,7
2021-07-03 09:22:44,39,5,17,61
2021-07-03 09:22:45,3,0,1,4
2021-07-03 09:22:46,0,0,0,0
2021-07-03 09:22:47,0,0,0,0
2021-07-03 09:22:49,0,0,0,0
2021-07-03 09:22:51,0,0,0,0
2021-07-03 09:22:52,2,0,1,3
2021-07-03 09:22:53,0,0,0,0
2021-07-03 09:22:54,0,0,0,0
2021-07-03 09:22:56,12,0,11,23
2021-07-03 09:22:57,10201,216,812,11229
2021-07-03 09:22:59,28,1,21,50
2021-07-03 09:23:00,2,0,1,3
2021-07-03 09:23:01,0,0,0,0
2021-07-03 09:23:02,1,1,0,2
2021-07-03 09:23:03,1,0,0,1
2021-07-03 09:23:05,2,0,0,2
2021-07-03 09:23:06,1,0,1,2
2021-07-03 09:23:07,0,0,0,0
2021-07-03 09:23:08,1,0,1,2
2021-07-03 09:23:10,2,0,0,2
2021-07-03 09:23:11,0,0,0,0
2021-07-03 09:23:12,2,0,1,3
2021-07-03 09:23:13,0,0,0,0
2021-07-03 09:23:14,3,0,1,4
2021-07-03 09:23:15,2,0,2,4
2021-07-03 09:23:17,0,0,0,0
2021-07-03 09:23:19,2,0,0,2
2021-07-03 09:23:20,0,0,0,0
2021-07-03 09:23:21,72,1,8,81
2021-07-03 09:23:22,0,0,0,0
2021-07-03 09:23:24,2,0,1,3
2021-07-03 09:23:25,1,0,0,1
2021-07-03 09:23:26,2,0,1,3
2021-07-03 09:23:27,0,0,0,0
2021-07-03 09:23:28,2,1,0,3
2021-07-03 09:23:29,5,0,1,6
2021-07-03 09:23:30,8,2,1,11
2021-07-03 09:23:31,6,0,2,8
2021-07-03 09:23:32,1,0,0,1
2021-07-03 09:23:33,339,8,30,377
2021-07-03 09:23:34,2,0,2,4
2021-07-03 09:23:35,0,0,0,0
2021-07-03 09:23:39,9,0,3,12
2021-07-03 09:23:40,2,0,0,2
2021-07-03 09:23:41,0,0,0,0
2021-07-03 09:23:42,0,0,0,0
2021-07-03 09:23:43,0,0,0,0
2021-07-03 09:23:44,1,0,0,1
2021-07-03 09:23:46,2,0,2,4
2021-07-03 09:23:55,1,0,1,2
2021-07-03 09:23:57,2,0,1,3
2021-07-03 09:23:58,6,1,3,10
2021-07-03 09:23:59,8,2,1,11
2021-07-03 09:24:00,550,20,43,613
2021-07-03 09:24:01,17,1,10,28
2021-07-03 09:24:02,1,0,1,2
2021-07-03 09:24:04,0,0,0,0
2021-07-03 09:24:05,1,0,0,1
2021-07-03 09:24:06,66,2,8,76
2021-07-03 09:24:07,0,0,0,0
2021-07-03 09:24:08,0,0,0,0
2021-07-03 09:24:09,0,0,0,0
2021-07-03 09:24:10,0,0,0,0
2021-07-03 09:24:12,194,12,56,262
2021-07-03 09:24:13,11,2,3,16
2021-07-03 09:24:15,0,0,0,0
2021-07-03 09:24:16,0,0,0,0
2021-07-03 09:24:18,0,0,0,0
2021-07-03 09:24:19,0,0,0,0
2021-07-03 09:24:20,0,0,0,0
2021-07-03 09:24:22,1,0,0,1
2021-07-03 09:24:25,2,0,1,3
2021-07-03 09:24:26,0,0,0,0
2021-07-03 09:24:27,1,0,0,1
2021-07-03 09:24:28,1,0,1,2
2021-07-03 09:24:29,1,0,0,1
2021-07-03 09:24:32,1314,73,231,1618
2021-07-03 09:24:34,0,0,0,0
2021-07-03 09:24:35,2,0,2,4
2021-07-03 09:24:36,1,0,0,1
2021-07-03 09:24:39,2,0,1,3
2021-07-03 09:24:41,0,0,0,0
2021-07-03 09:24:42,1,0,0,1
2021-07-03 09:24:43,38,5,13,56
2021-07-03 09:24:44,10,3,1,14
2021-07-03 09:24:45,15,1,1,17
2021-07-03 09:24:46,12,5,6,23
2021-07-03 09:24:47,4,1,1,6
2021-07-03 09:24:48,4,1,1,6
2021-07-03 09:24:50,65,0,24,89
2021-07-03 09:24:52,4,0,1,5
2021-07-03 09:24:53,0,0,0,0
2021-07-03 09:24:54,0,0,0,0
2021-07-03 09:24:55,0,0,0,0
2021-07-03 09:24:56,0,0,0,0
2021-07-03 09:24:57,26,0,9,35
2021-07-03 09:24:58,32,0,0,32
2021-07-03 09:25:00,19,1,12,32
2021-07-03 09:25:04,238,4,28,270
2021-07-03 09:25:05,3,0,0,3
2021-07-03 09:25:06,1,0,1,2
2021-07-03 09:25:08,1,0,1,2
2021-07-03 09:25:09,1,1,0,2
2021-07-03 09:25:12,11,0,0,11
2021-07-03 09:25:13,0,0,0,0
2021-07-03 09:25:14,4,0,0,4
2021-07-03 09:25:16,2,0,1,3
2021-07-03 09:25:20,8,1,3,12
2021-07-03 09:25:21,2,0,1,3
2021-07-03 09:25:22,0,0,0,0
2021-07-03 09:25:23,0,0,0,0
2021-07-03 09:25:24,133,3,46,182
2021-07-03 09:25:25,2,0,0,2
2021-07-03 09:25:26,1,0,0,1
2021-07-03 09:25:28,0,0,0,0
2021-07-03 09:25:29,1,0,0,1
2021-07-03 09:25:30,89,4,19,112
2021-07-03 09:25:31,0,0,0,0
2021-07-03 09:25:32,4,1,2,7
2021-07-03 09:25:33,0,0,0,0
2021-07-03 09:25:34,0,0,0,0
2021-07-03 09:25:35,0,0,0,0
2021-07-03 09:25:36,0,0,0,0
2021-07-03 09:25:37,386,5,104,495
2021-07-03 09:25:39,0,1,0,1
2021-07-03 09:25:40,689,11,129,829
2021-07-03 09:25:41,0,0,0,0
2021-07-03 09:25:42,2,0,2,4
2021-07-03 09:25:43,1,0,0,1
2021-07-03 09:25:45,1,0,0,1
2021-07-03 09:25:46,2,0,0,2
2021-07-03 09:25:47,3,0,1,4
2021-07-03 09:25:50,3,0,0,3
2021-07-03 09:25:51,1,0,0,1
2021-07-03 09:25:52,0,0,0,0
2021-07-03 09:25:53,2,1,1,4
2021-07-03 09:25:54,16,0,4,20
2021-07-03 09:25:56,2,0,2,4
2021-07-03 09:25:57,1264,16,236,1516
2021-07-03 09:25:58,2,0,1,3
2021-07-03 09:25:59,0,0,0,0
2021-07-03 09:26:01,0,0,0,0
2021-07-03 09:26:02,0,0,0,0
2021-07-03 09:26:05,10,2,0,12
2021-07-03 09:26:06,2,1,1,4
2021-07-03 09:26:07,0,0,0,0
2021-07-03 09:26:09,0,0,0,0
2021-07-03 09:26:10,0,0,0,0
2021-07-03 09:26:11,1,0,0,1
2021-07-03 09:26:12,0,0,0,0
2021-07-03 09:26:13,1,1,0,2
2021-07-03 09:26:14,0,0,0,0
2021-07-03 09:26:15,4,1,2,7
2021-07-03 09:26:16,1,1,0,2
2021-07-03 09:26:18,5,0,2,7
2021-07-03 09:26:21,2,0,1,3
2021-07-03 09:26:23,32,3,3,38
2021-07-03 09:26:24,1,0,1,2
2021-07-03 09:26:25,4,2,3,9
2021-07-03 09:26:27,17,4,4,25
2021-07-03 09:26:29,1,0,0,1
2021-07-03 09:26:30,7,1,3,11
2021-07-03 09:26:31,1,0,0,1
2021-07-03 09:26:33,0,0,0,0
2021-07-03 09:26:35,21,4,7,32
2021-07-03 09:26:36,0,0,0,0
2021-07-03 09:26:39,0,0,0,0
2021-07-03 09:26:43,6,0,0,6
2021-07-03 09:26:44,2,1,1,4
2021-07-03 09:26:45,2,1,0,3
2021-07-03 09:26:46,0,0,0,0
2021-07-03 09:26:47,3,1,0,4
2021-07-03 09:26:49,1,0,0,1
2021-07-03 09:26:50,0,0,0,0
2021-07-03 09:26:51,0,0,0,0
2021-07-03 09:26:53,0,2,0,2
2021-07-03 09:26:54,217,7,7,231
2021-07-03 09:26:55,3,1,1,5
2021-07-03 09:26:56,0,0,0,0
2021-07-03 09:26:57,3,0,0,3
2021-07-03 09:26:58,8,0,3,11
2021-07-03 09:27:00,6,0,7,13
2021-07-03 09:27:02,0,0,0,0
2021-07-03 09:27:03,0,0,0,0
2021-07-03 09:27:06,1,0,0,1
2021-07-03 09:27:07,21,0,4,25
2021-07-03 09:27:08,1,0,0,1
2021-07-03 09:27:09,0,0,0,0
2021-07-03 09:27:10,27,1,19,47
2021-07-03 09:27:11,5,0,0,5
2021-07-03 09:27:12,0,0,0,0
2021-07-03 09:27:14,1065,19,104,1188
2021-07-03 09:27:16,2,0,0,2
2021-07-03 09:27:18,2,0,0,2
2021-07-03 09:27:19,33,1,2,36
2021-07-03 09:27:21,0,0,0,0
2021-07-03 09:27:22,3,0,0,3
2021-07-03 09:27:23,3,0,1,4
2021-07-03 09:27:24,3,0,1,4
2021-07-03 09:27:25,0,0,0,0
2021-07-03 09:27:26,1,0,0,1
2021-07-03 09:27:28,0,0,0,0
2021-07-03 09:27:29,14,3,2,19
2021-07-03 09:27:30,0,0,0,0
2021-07-03 09:27:32,0,0,0,0
2021-07-03 09:27:33,1,0,0,1
2021-07-03 09:27:34,34,0,1,35
2021-07-03 09:27:35,0,1,0,1
2021-07-03 09:27:36,17,3,8,28
2021-07-03 09:27:37,0,0,0,0
2021-07-03 09:27:39,1,0,0,1
2021-07-03 09:27:41,0,0,0,0
2021-07-03 09:27:42,0,0,0,0
2021-07-03 09:27:43,12,0,2,14
2021-07-03 09:27:44,1,0,0,1
2021-07-03 09:27:45,9,0,3,12
2021-07-03 09:27:46,0,0,0,0
2021-07-03 09:27:47,1,0,0,1
2021-07-03 09:27:49,17,2,4,23
2021-07-03 09:27:52,1,0,0,1
2021-07-03 09:27:53,1,0,0,1
2021-07-03 09:27:54,1,0,0,1
2021-07-03 09:27:55,24,3,0,27
2021-07-03 09:27:56,3,0,0,3
2021-07-03 09:27:57,14,4,4,22
2021-07-03 09:27:58,0,0,0,0
2021-07-03 09:27:59,16465,736,1661,18862
2021-07-03 09:28:00,9,1,1,11
2021-07-03 09:28:01,5,2,3,10
2021-07-03 09:28:02,160,3,16,179
2021-07-03 09:28:03,0,0,0,0
2021-07-03 09:28:04,0,0,0,0
2021-07-03 09:28:06,1,0,0,1
2021-07-03 09:28:08,3,0,0,3
2021-07-03 09:28:10,0,0,1,1
2021-07-03 09:28:11,2,0,1,3
2021-07-03 09:28:12,1,0,0,1
2021-07-03 09:28:14,0,0,0,0
2021-07-03 09:28:16,75,5,40,120
2021-07-03 09:28:17,1,0,0,1
2021-07-03 09:28:18,0,0,0,0
2021-07-03 09:28:19,1,0,0,1
2021-07-03 09:28:21,16,1,2,19
2021-07-03 09:28:23,0,0,0,0
2021-07-03 09:28:25,2,0,0,2
2021-07-03 09:28:27,1,1,0,2
2021-07-03 09:28:28,10,1,2,13
2021-07-03 09:28:29,22,0,3,25
2021-07-03 09:28:31,34,0,13,47
2021-07-03 09:28:32,0,0,0,0
2021-07-03 09:28:34,0,0,0,0
2021-07-03 09:28:35,5,1,3,9
2021-07-03 09:28:36,2,1,2,5
2021-07-03 09:28:37,10,2,3,15
2021-07-03 09:28:39,15,4,3,22
2021-07-03 09:28:40,2,1,0,3
2021-07-03 09:28:42,14,0,2,16
2021-07-03 09:28:44,2,0,0,2
2021-07-03 09:28:45,16,2,6,24
2021-07-03 09:28:46,3,0,1,4
2021-07-03 09:28:47,52,2,8,62
2021-07-03 09:28:48,17,1,3,21
2021-07-03 09:28:50,0,0,0,0
2021-07-03 09:28:51,2,1,0,3
2021-07-03 09:28:52,6,1,0,7
2021-07-03 09:28:53,4,1,4,9
2021-07-03 09:28:54,0,0,0,0
2021-07-03 09:28:56,8,0,2,10
2021-07-03 09:28:58,5,1,1,7
2021-07-03 09:28:59,0,0,0,0
2021-07-03 09:29:00,1,0,0,1
2021-07-03 09:29:01,1,0,0,1
2021-07-03 09:29:02,0,0,0,0
2021-07-03 09:29:03,3,0,1,4
2021-07-03 09:29:04,3,0,3,6
2021-07-03 09:29:07,0,0,0,0
2021-07-03 09:29:09,44,0,8,52
2021-07-03 09:29:10,0,0,0,0
2021-07-03 09:29:11,1,0,1,2
2021-07-03 09:29:12,5,1,2,8
2021-07-03 09:29:13,11,0,5,16
2021-07-03 09:29:14,873,32,206,1111
2021-07-03 09:29:16,0,0,0,0
2021-07-03 09:29:17,1,0,0,1
2021-07-03 09:29:18,26,3,8,37
2021-07-03 09:29:19,0,0,0,0
2021-07-03 09:29:20,2,0,0,2
2021-07-03 09:29:21,0,0,0,0
2021-07-03 09:29:22,11,2,9,22
2021-07-03 09:29:24,0,0,0,0
2021-07-03 09:29:26,1,0,2,3
2021-07-03 09:29:27,1,0,1,2
2021-07-03 09:29:28,1,0,0,1
2021-07-03 09:29:29,0,0,0,0
2021-07-03 09:29:31,0,0,0,0
2021-07-03 09:29:32,1,0,0,1
2021-07-03 09:29:34,0,0,0,0
2021-07-03 09:29:35,11,0,2,13
2021-07-03 09:29:36,2184,145,267,2596
2021-07-03 09:29:40,1,0,0,1
2021-07-03 09:29:41,1,1,0,2
2021-07-03 09:29:43,5,0,1,6
2021-07-03 09:29:44,1,0,0,1
2021-07-03 09:29:45,0,0,0,0
2021-07-03 09:29:46,0,1,0,1
2021-07-03 09:29:47,2,0,0,2
2021-07-03 09:29:48,0,0,0,0
2021-07-03 09:29:49,33,0,10,43
2021-07-03 09:29:50,0,0,0,0
2021-07-03 09:29:51,0,0,0,0
2021-07-03 09:29:52,1,0,0,1
2021-07-03 09:29:56,0,0,0,0
2021-07-03 09:29:58,0,0,0,0
2021-07-03 09:30:00,470,8,113,591
2021-07-03 09:30:01,20,5,7,32
2021-07-03 09:30:02,5,0,2,7
2021-07-03 09:30:03,131,5,22,158
2021-07-03 09:30:04,0,0,0,0
2021-07-03 09:30:06,0,0,0,0
2021-07-03 09:30:07,0,0,0,0
2021-07-03 09:30:08,3,0,0,3
2021-07-03 09:30:09,2,0,0,2
2021-07-03 09:30:10,2,0,0,2
2021-07-03 09:30:11,0,0,0,0
2021-07-03 09:30:12,4255,98,501,4854
2021-07-03 09:30:13,0,0,0,0
2021-07-03 09:30:14,53,1,13,67
2021-07-03 09:30:15,605,16,168,789
2021-07-03 09:30:16,3,0,1,4
2021-07-03 09:30:17,7,0,0,7
2021-07-03 09:30:19,34,3,5,42
2021-07-03 09:30:20,1,0,0,1
2021-07-03 09:30:21,3,0,0,3
2021-07-03 09:30:22,3,1,0,4
2021-07-03 09:30:23,0,0,0,0
2021-07-03 09:30:24,0,0,0,0
2021-07-03 09:30:25,2,0,0,2
2021-07-03 09:30:26,66,4,16,86
2021-07-03 09:30:27,0,0,0,0
2021-07-03 09:30:28,2,0,0,2
2021-07-03 09:30:29,1,0,0,1
2021-07-03 09:30:31,0,0,0,0
2021-07-03 09:30:32,2,1,1,4
2021-07-03 09:30:33,89,2,23,114
2021-07-03 09:30:35,3,0,1,4
2021-07-03 09:30:36,0,0,0,0
2021-07-03 09:30:37,1,0,0,1
2021-07-03 09:30:39,0,0,0,0
2021-07-03 09:30:40,7,0,0,7
2021-07-03 09:30:41,12,2,3,17
2021-07-03 09:30:42,1,0,0,1
2021-07-03 09:30:44,2,0,1,3
2021-07-03 09:30:45,0,1,0,1
2021-07-03 09:30:46,125,3,42,170
2021-07-03 09:30:47,0,0,0,0
2021-07-03 09:30:48,2,1,1,4
2021-07-03 09:30:49,4,0,0,4
2021-07-03 09:30:50,2,0,1,3
2021-07-03 09:30:51,1,0,0,1
2021-07-03 09:30:52,0,0,0,0
2021-07-03 09:30:54,0,0,0,0
2021-07-03 09:30:55,1,0,2,3
2021-07-03 09:30:56,2,0,0,2
2021-07-03 09:30:57,234,6,37,277
2021-07-03 09:30:59,24,3,15,42
2021-07-03 09:31:01,0,0,0,0
2021-07-03 09:31:02,4,0,3,7
2021-07-03 09:31:03,0,0,0,0
2021-07-03 09:31:04,7,0,2,9
2021-07-03 09:31:05,6,0,2,8
2021-07-03 09:31:06,0,0,0,0
2021-07-03 09:31:07,24,1,3,28
2021-07-03 09:31:08,1,0,0,1
2021-07-03 09:31:09,0,0,0,0
2021-07-03 09:31:10,2,0,0,2
2021-07-03 09:31:11,0,0,0,0
2021-07-03 09:31:12,1,0,0,1
2021-07-03 09:31:13,83,8,34,125
2021-07-03 09:31:14,3032,50,760,3842
2021-07-03 09:31:16,1,0,0,1
2021-07-03 09:31:18,0,0,0,0
2021-07-03 09:31:20,1,0,0,1
2021-07-03 09:31:21,1,0,0,1
2021-07-03 09:31:24,0,0,0,0
2021-07-03 09:31:26,0,0,0,0
2021-07-03 09:31:27,0,0,0,0
2021-07-03 09:31:28,2,0,2,4
2021-07-03 09:31:29,3,0,2,5
2021-07-03 09:31:30,0,0,0,0
2021-07-03 09:31:31,1,0,0,1
2021-07-03 09:31:32,96,5,27,128
2021-07-03 09:31:34,1,0,1,2
2021-07-03 09:31:36,15,1,6,22
2021-07-03 09:31:37,55,0,27,82
2021-07-03 09:31:38,0,0,0,0
2021-07-03 09:31:39,0,0,0,0
2021-07-03 09:31:41,0,0,0,0
2021-07-03 09:31:42,0,0,0,0
2021-07-03 09:31:43,12,2,3,17
2021-07-03 09:31:44,6,0,3,9
2021-07-03 09:31:45,0,0,0,0
2021-07-03 09:31:46,3,1,1,5
2021-07-03 09:31:47,1,1,0,2
2021-07-03 09:31:48,22,0,7,29
2021-07-03 09:31:49,7,0,0,7
2021-07-03 09:31:50,0,0,1,1
2021-07-03 09:31:51,0,0,0,0
2021-07-03 09:31:52,22,1,5,28
2021-07-03 09:31:53,9,0,4,13
2021-07-03 09:31:54,0,0,0,0
2021-07-03 09:31:55,2,0,0,2
2021-07-03 09:31:56,41,2,4,47
2021-07-03 09:31:57,1,0,0,1
2021-07-03 09:31:58,1,0,1,2
2021-07-03 09:32:00,9,1,1,11
2021-07-03 09:32:01,1,0,1,2
2021-07-03 09:32:02,3,0,2,5
2021-07-03 09:32:03,0,0,0,0
2021-07-03 09:32:04,6,0,0,6
2021-07-03 09:32:05,0,0,0,0
2021-07-03 09:32:06,0,0,0,0
2021-07-03 09:32:08,0,0,0,0
2021-07-03 09:32:10,14,3,2,19
2021-07-03 09:32:11,33,3,5,41
2021-07-03 09:32:12,2,0,1,3
2021-07-03 09:32:13,4,1,2,7
2021-07-03 09:32:14,1,0,0,1
2021-07-03 09:32:15,18,0,11,29
2021-07-03 09:32:16,0,0,0,0
2021-07-03 09:32:17,6,0,3,9
2021-07-03 09:32:18,0,0,0,0
2021-07-03 09:32:19,2,0,1,3
2021-07-03 09:32:20,1,1,0,2
2021-07-03 09:32:21,0,0,0,0
2021-07-03 09:32:22,0,0,0,0
2021-07-03 09:32:23,0,0,0,0
2021-07-03 09:32:24,1,0,0,1
2021-07-03 09:32:25,0,0,0,0
2021-07-03 09:32:26,0,0,0,0
2021-07-03 09:32:27,0,0,0,0
2021-07-03 09:32:30,32,0,1,33
2021-07-03 09:32:32,4,0,0,4
2021-07-03 09:32:33,17,3,4,24
2021-07-03 09:32:34,2,0,2,4
2021-07-03 09:32:35,0,0,0,0
2021-07-03 09:32:36,0,0,0,0
2021-07-03 09:32:37,2,0,1,3
2021-07-03 09:32:38,3,0,1,4
2021-07-03 09:32:40,8,0,1,9
2021-07-03 09:32:41,61,1,5,67
2021-07-03 09:32:43,15,0,9,24
2021-07-03 09:32:44,0,0,0,0
2021-07-03 09:32:47,358,5,34,397
2021-07-03 09:32:49,6,1,1,8
2021-07-03 09:32:51,0,0,1,1
2021-07-03 09:32:52,0,0,0,0
2021-07-03 09:32:53,14,3,2,19
2021-07-03 09:32:54,0,0,0,0
2021-07-03 09:32:55,1,0,0,1
2021-07-03 09:32:57,15,3,2,20
2021-07-03 09:32:58,0,0,0,0
2021-07-03 09:32:59,1,0,0,1
2021-07-03 09:33:00,19,4,7,30
2021-07-03 09:33:01,22,2,5,29
2021-07-03 09:33:02,1,0,0,1
2021-07-03 09:33:03,0,0,0,0
2021-07-03 09:33:04,7,0,0,7
2021-07-03 09:33:05,1,0,0,1
2021-07-03 09:33:06,1,0,0,1
2021-07-03 09:33:07,17,1,3,21
2021-07-03 09:33:08,5,1,2,8
2021-07-03 09:33:09,0,0,0,0
2021-07-03 09:33:10,2,0,1,3
2021-07-03 09:33:11,0,0,0,0
2021-07-03 09:33:12,14,4,3,21
2021-07-03 09:33:13,0,0,0,0
2021-07-03 09:33:14,20,0,3,23
2021-07-03 09:33:16,0,0,0,0
2021-07-03 09:33:17,1,0,0,1
2021-07-03 09:33:23,1,0,0,1
2021-07-03 09:33:24,0,0,0,0
2021-07-03 09:33:25,963,18,70,1051
2021-07-03 09:33:26,12,4,2,18
2021-07-03 09:33:27,0,0,0,0
2021-07-03 09:33:28,1,0,0,1
2021-07-03 09:33:29,12,3,1,16
2021-07-03 09:33:30,2,0,0,2
2021-07-03 09:33:31,1,0,0,1
2021-07-03 09:33:32,10,0,2,12
2021-07-03 09:33:33,4,0,2,6
2021-07-03 09:33:34,4,0,1,5
2021-07-03 09:33:35,2,0,1,3
2021-07-03 09:33:36,7,0,5,12
2021-07-03 09:33:40,0,0,0,0
2021-07-03 09:33:41,3,0,1,4
2021-07-03 09:33:42,11,1,3,15
2021-07-03 09:33:44,0,0,0,0
2021-07-03 09:33:45,0,0,0,0
2021-07-03 09:33:46,23,2,6,31
2021-07-03 09:33:47,1,0,0,1
2021-07-03 09:33:48,1,1,0,2
2021-07-03 09:33:49,66,2,16,84
2021-07-03 09:33:50,0,0,0,0
2021-07-03 09:33:51,454,11,120,585
2021-07-03 09:33:52,3,1,3,7
2021-07-03 09:33:55,0,0,0,0
2021-07-03 09:33:56,1,0,0,1
2021-07-03 09:33:57,1,0,0,1
2021-07-03 09:33:59,1,0,0,1
2021-07-03 09:34:00,2,1,2,5
2021-07-03 09:34:02,10,0,4,14
2021-07-03 09:34:03,4,0,3,7
2021-07-03 09:34:04,10,0,2,12
2021-07-03 09:34:05,62,1,20,83
2021-07-03 09:34:06,1,0,0,1
2021-07-03 09:34:08,2,0,0,2
2021-07-03 09:34:09,13,0,7,20
2021-07-03 09:34:10,1,0,0,1
2021-07-03 09:34:11,3,0,4,7
2021-07-03 09:34:13,0,0,0,0
2021-07-03 09:34:15,1,1,0,2
2021-07-03 09:34:16,3,0,1,4
2021-07-03 09:34:17,5,0,1,6
2021-07-03 09:34:18,0,1,0,1
2021-07-03 09:34:20,1,0,3,4
2021-07-03 09:34:21,1,1,0,2
2021-07-03 09:34:22,1,0,0,1
2021-07-03 09:34:23,1,0,0,1
2021-07-03 09:34:24,6,0,0,6
2021-07-03 09:34:26,64,1,2,67
2021-07-03 09:34:27,8,0,3,11
2021-07-03 09:34:29,2,0,3,5
2021-07-03 09:34:30,18,0,6,24
2021-07-03 09:34:31,3,0,2,5
2021-07-03 09:34:32,6,0,3,9
2021-07-03 09:34:33,3,0,3,6
2021-07-03 09:34:34,4,0,3,7
2021-07-03 09:34:36,2,0,0,2
2021-07-03 09:34:38,2,0,2,4
2021-07-03 09:34:39,260,14,30,304
2021-07-03 09:34:40,0,0,0,0
2021-07-03 09:34:42,0,0,0,0
2021-07-03 09:34:43,227,3,20,250
2021-07-03 09:34:44,5,0,1,6
2021-07-03 09:34:45,1,0,2,3
2021-07-03 09:34:46,3,0,0,3
2021-07-03 09:34:47,8,1,4,13
2021-07-03 09:34:48,0,0,0,0
2021-07-03 09:34:49,2,0,0,2
2021-07-03 09:34:50,0,0,0,0
2021-07-03 09:34:51,5,2,2,9
2021-07-03 09:34:52,146,2,19,167
2021-07-03 09:34:53,208,6,55,269
2021-07-03 09:34:54,2,0,0,2
2021-07-03 09:34:56,3,0,0,3
2021-07-03 09:34:58,0,0,1,1
2021-07-03 09:35:00,384,10,97,491
2021-07-03 09:35:01,1927,24,394,2345
2021-07-03 09:35:02,1,0,0,1
2021-07-03 09:35:03,1,0,0,1
2021-07-03 09:35:05,0,0,1,1
2021-07-03 09:35:08,3090,80,680,3850
2021-07-03 09:35:09,2,0,2,4
2021-07-03 09:35:10,1,0,0,1
2021-07-03 09:35:11,0,0,0,0
2021-07-03 09:35:12,4,0,2,6
2021-07-03 09:35:13,2,0,0,2
2021-07-03 09:35:15,16,5,6,27
2021-07-03 09:35:19,0,0,0,0
2021-07-03 09:35:20,0,0,0,0
2021-07-03 09:35:22,1,0,0,1
2021-07-03 09:35:23,0,0,0,0
2021-07-03 09:35:26,1,0,0,1
2021-07-03 09:35:27,1,1,0,2
2021-07-03 09:35:28,1,0,0,1
2021-07-03 09:35:29,1,1,1,3
2021-07-03 09:35:30,13,0,3,16
2021-07-03 09:35:31,101,2,23,126
2021-07-03 09:35:32,16,0,2,18
2021-07-03 09:35:33,0,0,0,0
2021-07-03 09:35:34,0,0,1,1
2021-07-03 09:35:35,14,3,11,28
2021-07-03 09:35:36,3,0,0,3
2021-07-03 09:35:37,20,1,4,25
2021-07-03 09:35:38,0,0,0,0
2021-07-03 09:35:39,0,0,0,0
2021-07-03 09:35:42,0,0,0,0
2021-07-03 09:35:43,2,0,0,2
2021-07-03 09:35:45,0,0,0,0
2021-07-03 09:35:46,4,0,3,7
2021-07-03 09:35:47,8,1,1,10
2021-07-03 09:35:48,0,0,0,0
2021-07-03 09:35:49,0,1,0,1
2021-07-03 09:35:50,2,0,0,2
2021-07-03 09:35:52,94,0,22,116
2021-07-03 09:35:53,28,3,13,44
2021-07-03 09:35:55,2,0,2,4
2021-07-03 09:35:56,1,0,0,1
2021-07-03 09:35:57,0,0,0,0
2021-07-03 09:35:58,1,1,0,2
2021-07-03 09:36:00,0,0,0,0
2021-07-03 09:36:01,0,0,0,0
2021-07-03 09:36:04,0,0,0,0
2021-07-03 09:36:05,3,0,0,3
2021-07-03 09:36:11,2,0,0,2
2021-07-03 09:36:12,0,0,0,0
2021-07-03 09:36:13,3,3,0,6
2021-07-03 09:36:14,0,0,0,0
2021-07-03 09:36:15,26,3,11,40
2021-07-03 09:36:16,0,0,0,0
2021-07-03 09:36:17,3,2,2,7
2021-07-03 09:36:18,0,0,0,0
2021-07-03 09:36:20,17,2,8,27
2021-07-03 09:36:21,2,1,0,3
2021-07-03 09:36:25,0,0,0,0
2021-07-03 09:36:26,1,1,0,2
2021-07-03 09:36:27,6,2,2,10
2021-07-03 09:36:28,0,0,0,0
2021-07-03 09:36:31,0,0,0,0
2021-07-03 09:36:32,1,0,1,2
2021-07-03 09:36:33,38,0,12,50
2021-07-03 09:36:34,1,0,0,1
2021-07-03 09:36:35,0,0,0,0
2021-07-03 09:36:36,0,0,0,0
2021-07-03 09:36:37,2,2,0,4
2021-07-03 09:36:38,51,1,8,60
2021-07-03 09:36:39,8,0,3,11
2021-07-03 09:36:40,11,2,2,15
2021-07-03 09:36:41,0,0,0,0
2021-07-03 09:36:42,0,0,0,0
2021-07-03 09:36:43,2,1,0,3
2021-07-03 09:36:45,1,0,0,1
2021-07-03 09:36:46,13,0,5,18
2021-07-03 09:36:48,33,0,10,43
2021-07-03 09:36:49,1,0,0,1
2021-07-03 09:36:50,23,4,4,31
2021-07-03 09:36:51,10,3,3,16
2021-07-03 09:36:52,0,0,0,0
2021-07-03 09:36:54,1,0,0,1
2021-07-03 09:36:56,134,3,35,172
2021-07-03 09:36:57,0,0,0,0
2021-07-03 09:36:58,1,1,0,2
2021-07-03 09:36:59,9,4,1,14
2021-07-03 09:37:00,8,1,7,16
2021-07-03 09:37:02,0,0,0,0
2021-07-03 09:37:03,3,1,0,4
2021-07-03 09:37:04,11,2,3,16
2021-07-03 09:37:05,1,0,0,1
2021-07-03 09:37:06,0,0,1,1
2021-07-03 09:37:07,1,0,0,1
2021-07-03 09:37:08,3,0,1,4
2021-07-03 09:37:09,2,0,0,2
2021-07-03 09:37:10,0,0,0,0
2021-07-03 09:37:11,2,0,0,2
2021-07-03 09:37:12,1,0,0,1
2021-07-03 09:37:13,9,3,1,13
2021-07-03 09:37:15,2,2,0,4
2021-07-03 09:37:16,1,2,0,3
2021-07-03 09:37:18,13,2,0,15
2021-07-03 09:37:19,1,2,0,3
2021-07-03 09:37:20,1,2,0,3
2021-07-03 09:37:21,2,0,0,2
2021-07-03 09:37:22,1,2,0,3
2021-07-03 09:37:23,0,0,0,0
2021-07-03 09:37:24,4,3,1,8
2021-07-03 09:37:25,3,2,0,5
2021-07-03 09:37:26,34,0,7,41
2021-07-03 09:37:29,9,1,1,11
2021-07-03 09:37:31,0,0,0,0
2021-07-03 09:37:32,5,0,2,7
2021-07-03 09:37:34,20,0,2,22
2021-07-03 09:37:35,69,6,22,97
2021-07-03 09:37:36,1,0,0,1
2021-07-03 09:37:37,24,2,3,29
2021-07-03 09:37:38,1,0,0,1
2021-07-03 09:37:39,5,0,2,7
2021-07-03 09:37:40,43,1,11,55
2021-07-03 09:37:41,13,3,7,23
2021-07-03 09:37:42,0,0,0,0
2021-07-03 09:37:43,0,0,0,0
2021-07-03 09:37:44,1,0,0,1
2021-07-03 09:37:45,6,0,1,7
2021-07-03 09:37:46,7,0,2,9
2021-07-03 09:37:48,0,0,0,0
2021-07-03 09:37:49,0,0,0,0
2021-07-03 09:37:50,1,0,1,2
2021-07-03 09:37:51,7,1,1,9
2021-07-03 09:37:53,0,0,0,0
2021-07-03 09:37:54,2,0,0,2
2021-07-03 09:37:56,7,1,1,9
2021-07-03 09:37:57,33,1,3,37
2021-07-03 09:37:58,45,0,10,55
2021-07-03 09:37:59,0,0,0,0
2021-07-03 09:38:00,5,0,2,7
2021-07-03 09:38:01,4,1,1,6
2021-07-03 09:38:02,2,0,0,2
2021-07-03 09:38:03,1,0,0,1
2021-07-03 09:38:04,1,0,0,1
2021-07-03 09:38:06,0,0,0,0
2021-07-03 09:38:07,21,1,6,28
2021-07-03 09:38:08,2,0,0,2
2021-07-03 09:38:09,1950,44,344,2338
2021-07-03 09:38:11,0,0,0,0
2021-07-03 09:38:12,1,0,0,1
2021-07-03 09:38:14,0,0,0,0
2021-07-03 09:38:15,1,1,1,3
2021-07-03 09:38:16,0,0,0,0
2021-07-03 09:38:18,1,0,0,1
2021-07-03 09:38:22,0,0,0,0
2021-07-03 09:38:23,7,0,0,7
2021-07-03 09:38:24,3,0,1,4
2021-07-03 09:38:25,6,0,2,8
2021-07-03 09:38:26,0,0,0,0
2021-07-03 09:38:27,431,11,152,594
2021-07-03 09:38:28,0,0,0,0
2021-07-03 09:38:29,0,0,0,0
2021-07-03 09:38:30,0,0,0,0
2021-07-03 09:38:32,11,0,6,17
2021-07-03 09:38:33,2,0,0,2
2021-07-03 09:38:34,2,1,1,4
2021-07-03 09:38:35,14,2,8,24
2021-07-03 09:38:36,1,0,0,1
2021-07-03 09:38:38,0,0,0,0
2021-07-03 09:38:39,1,0,0,1
2021-07-03 09:38:40,4,1,2,7
2021-07-03 09:38:41,48,1,2,51
2021-07-03 09:38:42,24,1,5,30
2021-07-03 09:38:44,6,0,1,7
2021-07-03 09:38:45,17,1,0,18
2021-07-03 09:38:47,1,0,0,1
2021-07-03 09:38:48,86,4,16,106
2021-07-03 09:38:49,1,0,0,1
2021-07-03 09:38:50,1,0,0,1
2021-07-03 09:38:51,3,0,2,5
2021-07-03 09:38:52,11,0,2,13
2021-07-03 09:38:53,10,1,2,13
2021-07-03 09:38:54,19,2,4,25
2021-07-03 09:38:56,0,0,0,0
2021-07-03 09:38:57,1,0,0,1
2021-07-03 09:38:59,3,0,1,4
2021-07-03 09:39:01,2,0,2,4
2021-07-03 09:39:02,0,0,0,0
2021-07-03 09:39:03,1,0,0,1
2021-07-03 09:39:04,3,1,0,4
2021-07-03 09:39:05,1,0,0,1
2021-07-03 09:39:06,2,0,0,2
2021-07-03 09:39:07,2,0,2,4
2021-07-03 09:39:08,0,0,0,0
2021-07-03 09:39:09,2,0,0,2
2021-07-03 09:39:10,1,0,0,1
2021-07-03 09:39:11,10,0,3,13
2021-07-03 09:39:12,0,0,0,0
2021-07-03 09:39:13,108,3,23,134
2021-07-03 09:39:14,0,0,0,0
2021-07-03 09:39:15,1,0,0,1
2021-07-03 09:39:18,0,0,0,0
2021-07-03 09:39:19,50,2,8,60
2021-07-03 09:39:20,7,1,1,9
2021-07-03 09:39:21,1,0,1,2
2021-07-03 09:39:22,2,1,0,3
2021-07-03 09:39:25,3541,80,596,4217
2021-07-03 09:39:26,4,0,0,4
2021-07-03 09:39:29,3,0,1,4
2021-07-03 09:39:30,0,0,0,0
2021-07-03 09:39:31,9,0,1,10
2021-07-03 09:39:32,4,0,0,4
2021-07-03 09:39:33,1,0,0,1
2021-07-03 09:39:34,8,0,4,12
2021-07-03 09:39:35,2,0,0,2
2021-07-03 09:39:36,2,0,0,2
2021-07-03 09:39:37,1,0,0,1
2021-07-03 09:39:38,2,0,0,2
2021-07-03 09:39:39,2,0,0,2
2021-07-03 09:39:40,20,0,1,21
2021-07-03 09:39:43,16,2,3,21
2021-07-03 09:39:47,2,0,0,2
2021-07-03 09:39:48,29,0,2,31
2021-07-03 09:39:51,2,0,0,2
2021-07-03 09:39:53,0,0,0,0
2021-07-03 09:39:54,1,0,0,1
2021-07-03 09:39:55,1,0,0,1
2021-07-03 09:39:56,0,0,0,0
2021-07-03 09:39:57,0,0,0,0
2021-07-03 09:39:59,5,0,1,6
2021-07-03 09:40:00,17,0,8,25
2021-07-03 09:40:01,0,0,0,0
2021-07-03 09:40:04,1058,9,105,1172
2021-07-03 09:40:05,2,0,2,4
2021-07-03 09:40:07,0,0,0,0
2021-07-03 09:40:11,2,0,0,2
2021-07-03 09:40:14,5,0,1,6
2021-07-03 09:40:17,1,0,0,1
2021-07-03 09:40:18,0,0,0,0
2021-07-03 09:40:20,0,0,0,0
2021-07-03 09:40:21,0,0,0,0
2021-07-03 09:40:23,1,0,0,1
2021-07-03 09:40:24,2,1,0,3
2021-07-03 09:40:25,1,0,0,1
2021-07-03 09:40:26,0,0,0,0
2021-07-03 09:40:27,1,0,0,1
2021-07-03 09:40:28,1,0,0,1
2021-07-03 09:40:29,0,0,0,0
2021-07-03 09:40:30,14,0,5,19
2021-07-03 09:40:32,0,0,0,0
2021-07-03 09:40:33,8,0,2,10
2021-07-03 09:40:35,6,0,2,8
2021-07-03 09:40:36,3,0,2,5
2021-07-03 09:40:37,5,1,1,7
2021-07-03 09:40:38,2,1,0,3
2021-07-03 09:40:39,6,0,3,9
2021-07-03 09:40:40,8,0,2,10
2021-07-03 09:40:41,9,1,2,12
2021-07-03 09:40:43,0,0,1,1
2021-07-03 09:40:44,1,0,0,1
2021-07-03 09:40:45,0,0,0,0
2021-07-03 09:40:47,2,0,1,3
2021-07-03 09:40:48,0,0,0,0
2021-07-03 09:40:49,22,1,1,24
2021-07-03 09:40:50,10,0,2,12
2021-07-03 09:40:52,23,3,6,32
2021-07-03 09:40:53,0,0,0,0
2021-07-03 09:40:54,19,3,4,26
2021-07-03 09:40:55,0,0,0,0
2021-07-03 09:40:57,1,0,0,1
2021-07-03 09:41:00,3,1,1,5
2021-07-03 09:41:01,0,0,0,0
2021-07-03 09:41:02,3,0,2,5
2021-07-03 09:41:03,0,0,0,0
2021-07-03 09:41:04,6,0,3,9
2021-07-03 09:41:06,0,0,0,0
2021-07-03 09:41:07,7,2,3,12
2021-07-03 09:41:08,0,0,0,0
2021-07-03 09:41:09,38,0,14,52
2021-07-03 09:41:10,1,0,0,1
2021-07-03 09:41:11,1,0,2,3
2021-07-03 09:41:14,9,0,1,10
2021-07-03 09:41:15,27,2,1,30
2021-07-03 09:41:16,0,0,0,0
2021-07-03 09:41:18,1,0,1,2
2021-07-03 09:41:19,11,2,0,13
2021-07-03 09:41:20,22,0,4,26
2021-07-03 09:41:22,0,0,0,0
2021-07-03 09:41:23,2,0,0,2
2021-07-03 09:41:24,1,1,0,2
2021-07-03 09:41:25,3,1,3,7
2021-07-03 09:41:27,2,0,2,4
2021-07-03 09:41:28,1,0,0,1
2021-07-03 09:41:29,17,5,2,24
2021-07-03 09:41:30,0,0,0,0
2021-07-03 09:41:31,0,0,0,0
2021-07-03 09:41:33,0,0,0,0
2021-07-03 09:41:34,3,0,0,3
2021-07-03 09:41:36,23,0,14,37
2021-07-03 09:41:38,0,0,0,0
2021-07-03 09:41:39,0,1,0,1
2021-07-03 09:41:41,7,0,1,8
2021-07-03 09:41:44,9,1,4,14
2021-07-03 09:41:45,3,1,0,4
2021-07-03 09:41:46,0,1,0,1
2021-07-03 09:41:48,0,0,0,0
2021-07-03 09:41:50,0,0,0,0
2021-07-03 09:41:51,1,0,0,1
2021-07-03 09:41:52,0,0,0,0
2021-07-03 09:41:54,7,0,6,13
2021-07-03 09:41:55,5,1,3,9
2021-07-03 09:41:58,2,1,0,3
2021-07-03 09:41:59,8,0,4,12
2021-07-03 09:42:00,18,1,8,27
2021-07-03 09:42:01,0,0,0,0
2021-07-03 09:42:02,1,0,0,1
2021-07-03 09:42:05,1,0,0,1
2021-07-03 09:42:06,0,0,0,0
2021-07-03 09:42:07,0,0,0,0
2021-07-03 09:42:08,1,0,0,1
2021-07-03 09:42:09,11,0,6,17
2021-07-03 09:42:10,2,0,0,2
2021-07-03 09:42:11,0,0,0,0
2021-07-03 09:42:12,2,0,0,2
2021-07-03 09:42:13,8,1,1,10
2021-07-03 09:42:15,4,0,0,4
2021-07-03 09:42:16,1,0,0,1
2021-07-03 09:42:17,481,15,94,590
2021-07-03 09:42:20,0,0,0,0
2021-07-03 09:42:21,128,6,23,157
2021-07-03 09:42:23,2,0,0,2
2021-07-03 09:42:25,0,0,0,0
2021-07-03 09:42:26,16,2,6,24
2021-07-03 09:42:28,126,8,29,163
2021-07-03 09:42:29,0,0,0,0
2021-07-03 09:42:30,0,0,0,0
2021-07-03 09:42:32,24,0,10,34
2021-07-03 09:42:33,14,0,7,21
2021-07-03 09:42:35,0,0,0,0
2021-07-03 09:42:36,0,0,0,0
2021-07-03 09:42:37,24,2,6,32
2021-07-03 09:42:38,2,0,1,3
2021-07-03 09:42:39,0,0,0,0
2021-07-03 09:42:40,2,0,0,2
2021-07-03 09:42:41,2,0,0,2
2021-07-03 09:42:42,1,5,0,6
2021-07-03 09:42:43,82,1,11,94
2021-07-03 09:42:45,10,1,1,12
2021-07-03 09:42:47,357,11,88,456
2021-07-03 09:42:48,2,0,1,3
2021-07-03 09:42:49,4,0,1,5
2021-07-03 09:42:51,5,0,2,7
2021-07-03 09:42:53,0,0,0,0
2021-07-03 09:42:54,0,0,0,0
2021-07-03 09:42:55,0,0,0,0
2021-07-03 09:42:56,1,0,0,1
2021-07-03 09:42:57,0,0,0,0
2021-07-03 09:42:58,1,0,0,1
2021-07-03 09:42:59,11,0,4,15
2021-07-03 09:43:00,0,0,1,1
2021-07-03 09:43:02,2,0,0,2
2021-07-03 09:43:03,4,0,5,9
2021-07-03 09:43:04,20,1,9,30
2021-07-03 09:43:05,0,0,0,0
2021-07-03 09:43:06,0,0,0,0
2021-07-03 09:43:07,1,0,0,1
2021-07-03 09:43:08,7,0,0,7
2021-07-03 09:43:10,0,0,0,0
2021-07-03 09:43:11,2,0,2,4
2021-07-03 09:43:14,1,0,1,2
2021-07-03 09:43:15,0,0,0,0
2021-07-03 09:43:16,0,0,0,0
2021-07-03 09:43:17,0,0,0,0
2021-07-03 09:43:18,2,0,0,2
2021-07-03 09:43:20,4,0,1,5
2021-07-03 09:43:21,10,0,6,16
2021-07-03 09:43:22,1,0,1,2
2021-07-03 09:43:23,2,0,0,2
2021-07-03 09:43:24,1,1,1,3
2021-07-03 09:43:26,0,0,0,0
2021-07-03 09:43:27,0,0,0,0
2021-07-03 09:43:28,0,0,0,0
2021-07-03 09:43:29,2,1,1,4
2021-07-03 09:43:30,1,0,0,1
2021-07-03 09:43:35,0,0,0,0
2021-07-03 09:43:37,1,0,1,2
2021-07-03 09:43:38,2,0,0,2
2021-07-03 09:43:39,0,0,0,0
2021-07-03 09:43:41,0,0,0,0
2021-07-03 09:43:42,1,0,0,1
2021-07-03 09:43:43,4,0,0,4
2021-07-03 09:43:44,1,0,0,1
2021-07-03 09:43:45,0,0,0,0
2021-07-03 09:43:46,4,0,1,5
2021-07-03 09:43:47,2,0,0,2
2021-07-03 09:43:48,1462,30,358,1850
2021-07-03 09:43:51,1,0,0,1
2021-07-03 09:43:52,0,0,0,0
2021-07-03 09:43:53,1,0,0,1
2021-07-03 09:43:54,2,0,1,3
2021-07-03 09:43:56,0,0,0,0
2021-07-03 09:43:57,6,1,1,8
2021-07-03 09:43:59,0,0,0,0
2021-07-03 09:44:00,1,0,0,1
2021-07-03 09:44:01,4,0,1,5
2021-07-03 09:44:02,0,0,0,0
2021-07-03 09:44:03,152,2,18,172
2021-07-03 09:44:04,0,0,0,0
2021-07-03 09:44:05,0,0,0,0
2021-07-03 09:44:06,1,0,0,1
2021-07-03 09:44:07,1,0,0,1
2021-07-03 09:44:09,0,0,1,1
2021-07-03 09:44:11,2,0,2,4
2021-07-03 09:44:12,1,0,1,2
2021-07-03 09:44:14,12,1,3,16
2021-07-03 09:44:15,0,0,0,0
2021-07-03 09:44:16,20,0,2,22
2021-07-03 09:44:17,105,6,22,133
2021-07-03 09:44:18,4,0,0,4
2021-07-03 09:44:19,0,0,0,0
2021-07-03 09:44:21,7,1,4,12
2021-07-03 09:44:22,8,0,4,12
2021-07-03 09:44:23,0,0,0,0
2021-07-03 09:44:24,1,0,0,1
2021-07-03 09:44:25,2,0,1,3
2021-07-03 09:44:26,0,0,0,0
2021-07-03 09:44:27,3,0,0,3
2021-07-03 09:44:28,1,0,0,1
2021-07-03 09:44:29,5,0,2,7
2021-07-03 09:44:31,17,0,3,20
2021-07-03 09:44:37,2,0,0,2
2021-07-03 09:44:38,0,0,0,0
2021-07-03 09:44:39,1,0,0,1
2021-07-03 09:44:40,2,0,0,2
2021-07-03 09:44:43,2,0,0,2
2021-07-03 09:44:44,1,0,0,1
2021-07-03 09:44:46,0,0,0,0
2021-07-03 09:44:47,0,0,0,0
2021-07-03 09:44:49,0,0,0,0
2021-07-03 09:44:50,1,0,0,1
2021-07-03 09:44:54,6,0,3,9
2021-07-03 09:44:57,3,0,0,3
2021-07-03 09:44:58,0,0,0,0
2021-07-03 09:44:59,2,0,0,2
2021-07-03 09:45:00,66,5,19,90
2021-07-03 09:45:01,76,1,22,99
2021-07-03 09:45:05,17,2,5,24
2021-07-03 09:45:06,3,0,2,5
2021-07-03 09:45:07,0,0,0,0
2021-07-03 09:45:08,64,0,19,83
2021-07-03 09:45:09,26,1,11,38
2021-07-03 09:45:10,0,0,0,0
2021-07-03 09:45:12,1,1,0,2
2021-07-03 09:45:14,1,0,1,2
2021-07-03 09:45:15,23,1,6,30
2021-07-03 09:45:16,0,0,0,0
2021-07-03 09:45:17,7,0,1,8
2021-07-03 09:45:19,2,0,1,3
2021-07-03 09:45:21,16,3,2,21
2021-07-03 09:45:22,1,0,1,2
2021-07-03 09:45:23,5,1,1,7
2021-07-03 09:45:24,2,0,0,2
2021-07-03 09:45:26,1,1,0,2
2021-07-03 09:45:30,0,0,0,0
2021-07-03 09:45:31,7,0,0,7
2021-07-03 09:45:32,2,0,0,2
2021-07-03 09:45:33,1,1,0,2
2021-07-03 09:45:34,1,0,0,1
2021-07-03 09:45:35,2,0,0,2
2021-07-03 09:45:36,0,0,0,0
2021-07-03 09:45:38,3,0,1,4
2021-07-03 09:45:39,0,0,0,0
2021-07-03 09:45:40,0,0,0,0
2021-07-03 09:45:41,2,0,0,2
2021-07-03 09:45:43,6,0,1,7
2021-07-03 09:45:44,1,0,0,1
2021-07-03 09:45:45,4,0,1,5
2021-07-03 09:45:47,2,0,0,2
2021-07-03 09:45:48,19,2,4,25
2021-07-03 09:45:49,1,0,0,1
2021-07-03 09:45:50,2,0,1,3
2021-07-03 09:45:53,23,4,6,33
2021-07-03 09:45:54,1,0,0,1
2021-07-03 09:45:56,1,1,1,3
2021-07-03 09:45:57,0,0,0,0
2021-07-03 09:45:58,0,0,0,0
2021-07-03 09:45:59,19,5,3,27
2021-07-03 09:46:00,8,1,0,9
2021-07-03 09:46:01,4,2,1,7
2021-07-03 09:46:02,0,0,0,0
2021-07-03 09:46:03,4,1,1,6
2021-07-03 09:46:04,0,1,0,1
2021-07-03 09:46:05,3,2,0,5
2021-07-03 09:46:06,15,2,8,25
2021-07-03 09:46:07,1838,61,347,2246
2021-07-03 09:46:08,4,1,1,6
2021-07-03 09:46:09,2,0,0,2
2021-07-03 09:46:10,15,0,2,17
2021-07-03 09:46:11,2,0,1,3
2021-07-03 09:46:12,0,0,0,0
2021-07-03 09:46:13,20,2,7,29
2021-07-03 09:46:16,27,3,10,40
2021-07-03 09:46:17,0,0,0,0
2021-07-03 09:46:19,8,0,5,13
2021-07-03 09:46:20,7,0,2,9
2021-07-03 09:46:21,105,3,26,134
2021-07-03 09:46:22,19,0,6,25
2021-07-03 09:46:23,1,0,0,1
2021-07-03 09:46:24,0,0,0,0
2021-07-03 09:46:25,46,8,14,68
2021-07-03 09:46:27,65,1,16,82
2021-07-03 09:46:28,2,0,1,3
2021-07-03 09:46:29,3,1,1,5
2021-07-03 09:46:30,0,0,0,0
2021-07-03 09:46:31,1,0,1,2
2021-07-03 09:46:32,0,0,0,0
2021-07-03 09:46:33,1,0,1,2
2021-07-03 09:46:34,6,0,3,9
2021-07-03 09:46:37,0,0,0,0
2021-07-03 09:46:38,0,0,0,0
2021-07-03 09:46:39,3,0,2,5
2021-07-03 09:46:42,0,0,0,0
2021-07-03 09:46:43,0,0,0,0
2021-07-03 09:46:44,5535,216,696,6447
2021-07-03 09:46:45,0,0,0,0
2021-07-03 09:46:46,0,0,0,0
2021-07-03 09:46:47,0,0,0,0
2021-07-03 09:46:49,0,0,0,0
2021-07-03 09:46:51,10,0,1,11
2021-07-03 09:46:52,0,0,0,0
2021-07-03 09:46:53,668,38,97,803
2021-07-03 09:46:54,0,0,0,0
2021-07-03 09:46:55,97,3,30,130
2021-07-03 09:46:56,0,0,0,0
2021-07-03 09:46:57,4,0,2,6
2021-07-03 09:46:58,0,0,0,0
2021-07-03 09:46:59,0,0,0,0
2021-07-03 09:47:00,8,1,6,15
2021-07-03 09:47:01,0,0,0,0
2021-07-03 09:47:02,9,0,0,9
2021-07-03 09:47:03,1,0,0,1
2021-07-03 09:47:05,2,0,2,4
2021-07-03 09:47:06,2,0,0,2
2021-07-03 09:47:07,3,0,1,4
2021-07-03 09:47:09,1,0,0,1
2021-07-03 09:47:12,0,0,0,0
2021-07-03 09:47:13,0,0,0,0
2021-07-03 09:47:14,0,0,0,0
2021-07-03 09:47:15,1,0,1,2
2021-07-03 09:47:16,1,0,0,1
2021-07-03 09:47:17,0,0,0,0
2021-07-03 09:47:18,108,2,8,118
2021-07-03 09:47:20,3,1,0,4
2021-07-03 09:47:21,0,0,0,0
2021-07-03 09:47:22,0,0,0,0
2021-07-03 09:47:24,1,0,0,1
2021-07-03 09:47:25,64,2,21,87
2021-07-03 09:47:26,0,0,0,0
2021-07-03 09:47:27,0,0,0,0
2021-07-03 09:47:28,0,0,0,0
2021-07-03 09:47:29,3,0,0,3
2021-07-03 09:47:32,2,0,1,3
2021-07-03 09:47:33,6,1,0,7
2021-07-03 09:47:35,2,0,1,3
2021-07-03 09:47:36,0,0,0,0
2021-07-03 09:47:37,2,1,1,4
2021-07-03 09:47:39,12,2,1,15
2021-07-03 09:47:40,0,0,0,0
2021-07-03 09:47:42,0,0,0,0
2021-07-03 09:47:43,9,1,1,11
2021-07-03 09:47:44,0,0,0,0
2021-07-03 09:47:45,1,0,2,3
2021-07-03 09:47:46,1,0,0,1
2021-07-03 09:47:47,166,4,65,235
2021-07-03 09:47:49,5,0,1,6
2021-07-03 09:47:50,2,0,0,2
2021-07-03 09:47:54,179,6,53,238
2021-07-03 09:47:55,6,2,1,9
2021-07-03 09:47:56,1,0,1,2
2021-07-03 09:48:01,0,0,0,0
2021-07-03 09:48:02,4,1,0,5
2021-07-03 09:48:03,1,0,0,1
2021-07-03 09:48:04,2,0,2,4
2021-07-03 09:48:05,0,0,0,0
2021-07-03 09:48:06,3,0,0,3
2021-07-03 09:48:07,1,0,0,1
2021-07-03 09:48:08,20,0,4,24
2021-07-03 09:48:09,2,0,0,2
2021-07-03 09:48:11,3,0,0,3
2021-07-03 09:48:12,0,0,0,0
2021-07-03 09:48:13,2,0,0,2
2021-07-03 09:48:14,2,0,0,2
2021-07-03 09:48:15,5,0,0,5
2021-07-03 09:48:16,6,1,3,10
2021-07-03 09:48:17,2,0,0,2
2021-07-03 09:48:18,13,1,2,16
2021-07-03 09:48:20,3,0,0,3
2021-07-03 09:48:21,2,0,0,2
2021-07-03 09:48:22,11,0,4,15
2021-07-03 09:48:23,0,0,0,0
2021-07-03 09:48:24,5,0,1,6
2021-07-03 09:48:26,1,0,0,1
2021-07-03 09:48:28,1,0,0,1
2021-07-03 09:48:29,3,0,1,4
2021-07-03 09:48:30,2,0,0,2
2021-07-03 09:48:32,8,0,1,9
2021-07-03 09:48:33,17,1,8,26
2021-07-03 09:48:34,2,2,0,4
2021-07-03 09:48:35,12,1,5,18
2021-07-03 09:48:37,6,1,2,9
2021-07-03 09:48:38,11,0,2,13
2021-07-03 09:48:39,3,0,0,3
2021-07-03 09:48:40,9,1,0,10
2021-07-03 09:48:42,3,0,2,5
2021-07-03 09:48:43,0,0,0,0
2021-07-03 09:48:44,4,5,0,9
2021-07-03 09:48:45,142,0,35,177
2021-07-03 09:48:46,3,0,0,3
2021-07-03 09:48:47,0,0,0,0
2021-07-03 09:48:49,0,0,0,0
2021-07-03 09:48:51,1,0,1,2
2021-07-03 09:48:52,2,0,2,4
2021-07-03 09:48:53,1,0,0,1
2021-07-03 09:48:54,0,0,0,0
2021-07-03 09:48:55,4,0,2,6
2021-07-03 09:48:57,19,0,7,26
2021-07-03 09:48:59,0,0,0,0
2021-07-03 09:49:02,0,0,0,0
2021-07-03 09:49:03,0,0,0,0
2021-07-03 09:49:04,0,0,0,0
2021-07-03 09:49:05,2,0,0,2
2021-07-03 09:49:06,3,0,1,4
2021-07-03 09:49:07,0,1,0,1
2021-07-03 09:49:08,4,2,1,7
2021-07-03 09:49:09,1,1,0,2
2021-07-03 09:49:10,2,0,0,2
2021-07-03 09:49:11,2,0,1,3
2021-07-03 09:49:12,2,0,1,3
2021-07-03 09:49:13,2,0,2,4
2021-07-03 09:49:15,38,0,1,39
2021-07-03 09:49:16,1,0,0,1
2021-07-03 09:49:17,2,0,0,2
2021-07-03 09:49:18,1,0,1,2
2021-07-03 09:49:19,7,0,2,9
2021-07-03 09:49:21,11,3,4,18
2021-07-03 09:49:24,0,0,0,0
2021-07-03 09:49:25,53,4,14,71
2021-07-03 09:49:26,0,0,0,0
2021-07-03 09:49:28,4323,71,605,4999
2021-07-03 09:49:29,0,0,0,0
2021-07-03 09:49:30,3,0,2,5
2021-07-03 09:49:31,0,1,0,1
2021-07-03 09:49:32,5,0,2,7
2021-07-03 09:49:34,0,0,0,0
2021-07-03 09:49:35,0,0,0,0
2021-07-03 09:49:39,26,1,14,41
2021-07-03 09:49:40,3,0,1,4
2021-07-03 09:49:41,2,0,1,3
2021-07-03 09:49:42,1,0,0,1
2021-07-03 09:49:43,0,0,0,0
2021-07-03 09:49:44,399,26,44,469
2021-07-03 09:49:48,2,0,0,2
2021-07-03 09:49:49,0,0,0,0
2021-07-03 09:49:50,2,0,1,3
2021-07-03 09:49:51,0,0,0,0
2021-07-03 09:49:53,36,1,6,43
2021-07-03 09:49:55,0,0,0,0
2021-07-03 09:49:56,0,0,0,0
2021-07-03 09:49:57,1,0,0,1
2021-07-03 09:49:59,1484,29,240,1753
2021-07-03 09:50:00,134,10,39,183
2021-07-03 09:50:01,0,0,0,0
2021-07-03 09:50:02,0,0,0,0
2021-07-03 09:50:04,0,0,0,0
2021-07-03 09:50:05,0,0,0,0
2021-07-03 09:50:06,1,0,0,1
2021-07-03 09:50:07,3,1,2,6
2021-07-03 09:50:09,4,0,1,5
2021-07-03 09:50:10,14,0,2,16
2021-07-03 09:50:11,9,1,0,10
2021-07-03 09:50:12,262,23,74,359
2021-07-03 09:50:13,3,0,1,4
2021-07-03 09:50:14,893,20,193,1106
2021-07-03 09:50:15,0,0,0,0
2021-07-03 09:50:16,0,0,0,0
2021-07-03 09:50:17,8,0,0,8
2021-07-03 09:50:18,2,0,0,2
2021-07-03 09:50:19,9,1,4,14
2021-07-03 09:50:20,0,0,0,0
2021-07-03 09:50:21,0,0,0,0
2021-07-03 09:50:23,279,18,61,358
2021-07-03 09:50:24,0,0,0,0
2021-07-03 09:50:25,7,0,1,8
2021-07-03 09:50:27,0,0,1,1
2021-07-03 09:50:29,0,0,0,0
2021-07-03 09:50:30,0,0,0,0
2021-07-03 09:50:31,2,0,0,2
2021-07-03 09:50:32,0,0,0,0
2021-07-03 09:50:33,0,0,0,0
2021-07-03 09:50:34,4,0,2,6
2021-07-03 09:50:35,3,1,1,5
2021-07-03 09:50:37,4,0,0,4
2021-07-03 09:50:38,0,0,0,0
2021-07-03 09:50:39,3,0,2,5
2021-07-03 09:50:41,38,0,16,54
2021-07-03 09:50:42,0,0,0,0
2021-07-03 09:50:43,0,0,0,0
2021-07-03 09:50:44,1,0,0,1
2021-07-03 09:50:45,1,0,0,1
2021-07-03 09:50:46,0,0,0,0
2021-07-03 09:50:47,1,0,0,1
2021-07-03 09:50:48,0,0,0,0
2021-07-03 09:50:49,3,0,0,3
2021-07-03 09:50:51,1,1,0,2
2021-07-03 09:50:53,2,0,0,2
2021-07-03 09:50:54,20,0,7,27
2021-07-03 09:50:55,10,2,4,16
2021-07-03 09:50:56,2,0,0,2
2021-07-03 09:50:57,8,0,1,9
2021-07-03 09:50:59,4291,66,128,4485
2021-07-03 09:51:00,10,1,1,12
2021-07-03 09:51:01,1,0,0,1
2021-07-03 09:51:02,18,2,1,21
2021-07-03 09:51:03,1,1,0,2
2021-07-03 09:51:05,2,0,0,2
2021-07-03 09:51:06,1,1,0,2
2021-07-03 09:51:07,1,0,0,1
2021-07-03 09:51:08,0,0,0,0
2021-07-03 09:51:10,2,1,0,3
2021-07-03 09:51:11,36,0,5,41
2021-07-03 09:51:12,11,1,1,13
2021-07-03 09:51:13,12,0,6,18
2021-07-03 09:51:14,0,0,0,0
2021-07-03 09:51:16,2,1,0,3
2021-07-03 09:51:17,4,1,0,5
2021-07-03 09:51:18,1,0,0,1
2021-07-03 09:51:19,0,0,0,0
2021-07-03 09:51:20,1,0,0,1
2021-07-03 09:51:21,1,0,0,1
2021-07-03 09:51:23,0,0,0,0
2021-07-03 09:51:26,0,0,0,0
2021-07-03 09:51:27,0,0,0,0
2021-07-03 09:51:29,1,1,0,2
2021-07-03 09:51:30,1,0,0,1
2021-07-03 09:51:31,1,0,0,1
2021-07-03 09:51:33,4,0,1,5
2021-07-03 09:51:34,2,0,0,2
2021-07-03 09:51:35,4,0,0,4
2021-07-03 09:51:36,1,0,0,1
2021-07-03 09:51:38,5,3,2,10
2021-07-03 09:51:40,0,0,0,0
2021-07-03 09:51:41,8,4,1,13
2021-07-03 09:51:42,2,0,0,2
2021-07-03 09:51:44,3,0,0,3
2021-07-03 09:51:45,2,0,0,2
2021-07-03 09:51:46,1,0,0,1
2021-07-03 09:51:47,1,0,0,1
2021-07-03 09:51:48,1,0,0,1
2021-07-03 09:51:49,1,0,0,1
2021-07-03 09:51:50,0,0,0,0
2021-07-03 09:51:51,6,0,0,6
2021-07-03 09:51:52,0,0,0,0
2021-07-03 09:51:53,10,2,5,17
2021-07-03 09:51:56,2,0,2,4
2021-07-03 09:51:57,1,0,0,1
2021-07-03 09:51:58,4,0,0,4
2021-07-03 09:52:00,65,4,12,81
2021-07-03 09:52:01,0,0,0,0
2021-07-03 09:52:02,0,0,0,0
2021-07-03 09:52:03,0,0,0,0
2021-07-03 09:52:04,0,0,0,0
2021-07-03 09:52:05,8,0,0,8
2021-07-03 09:52:06,0,0,1,1
2021-07-03 09:52:07,7,0,3,10
2021-07-03 09:52:09,2,0,0,2
2021-07-03 09:52:10,2,1,0,3
2021-07-03 09:52:12,0,0,0,0
2021-07-03 09:52:14,10,0,6,16
2021-07-03 09:52:15,15,2,1,18
2021-07-03 09:52:16,14,0,3,17
2021-07-03 09:52:18,0,0,0,0
2021-07-03 09:52:20,0,2,0,2
2021-07-03 09:52:21,2,0,0,2
2021-07-03 09:52:22,0,0,0,0
2021-07-03 09:52:24,99,7,34,140
2021-07-03 09:52:25,2,0,0,2
2021-07-03 09:52:26,2,0,0,2
2021-07-03 09:52:27,0,0,0,0
2021-07-03 09:52:28,3,0,0,3
2021-07-03 09:52:29,0,0,0,0
2021-07-03 09:52:30,2,0,0,2
2021-07-03 09:52:31,5,2,0,7
2021-07-03 09:52:32,0,0,0,0
2021-07-03 09:52:34,1,0,1,2
2021-07-03 09:52:35,5,2,1,8
2021-07-03 09:52:36,4,1,0,5
2021-07-03 09:52:37,45,0,10,55
2021-07-03 09:52:40,102,5,33,140
2021-07-03 09:52:42,0,0,0,0
2021-07-03 09:52:43,0,0,0,0
2021-07-03 09:52:44,50,1,9,60
2021-07-03 09:52:45,8,1,0,9
2021-07-03 09:52:46,2,0,0,2
2021-07-03 09:52:47,0,0,0,0
2021-07-03 09:52:48,6,2,1,9
2021-07-03 09:52:49,1,0,0,1
2021-07-03 09:52:51,0,0,0,0
2021-07-03 09:52:52,0,0,0,0
2021-07-03 09:52:53,0,0,0,0
2021-07-03 09:52:54,5,0,2,7
2021-07-03 09:52:56,0,0,0,0
2021-07-03 09:52:57,1,0,0,1
2021-07-03 09:52:59,6,0,0,6
2021-07-03 09:53:00,10,2,6,18
2021-07-03 09:53:02,1,0,0,1
2021-07-03 09:53:03,5,0,0,5
2021-07-03 09:53:04,1,0,0,1
2021-07-03 09:53:05,0,0,0,0
2021-07-03 09:53:06,3,0,0,3
2021-07-03 09:53:07,4,0,2,6
2021-07-03 09:53:08,0,0,0,0
2021-07-03 09:53:09,2,0,0,2
2021-07-03 09:53:10,0,0,0,0
2021-07-03 09:53:11,0,0,0,0
2021-07-03 09:53:12,0,0,0,0
2021-07-03 09:53:13,2,0,1,3
2021-07-03 09:53:16,3,1,1,5
2021-07-03 09:53:17,75,2,20,97
2021-07-03 09:53:18,0,0,0,0
2021-07-03 09:53:19,0,0,0,0
2021-07-03 09:53:21,0,0,0,0
2021-07-03 09:53:22,504,16,42,562
2021-07-03 09:53:23,0,0,0,0
2021-07-03 09:53:24,96,2,30,128
2021-07-03 09:53:25,2,1,0,3
2021-07-03 09:53:26,129,5,29,163
2021-07-03 09:53:27,2,0,0,2
2021-07-03 09:53:28,1,0,0,1
2021-07-03 09:53:29,0,0,0,0
2021-07-03 09:53:31,0,0,0,0
2021-07-03 09:53:32,1,0,0,1
2021-07-03 09:53:33,0,0,0,0
2021-07-03 09:53:34,0,0,0,0
2021-07-03 09:53:35,1,0,0,1
2021-07-03 09:53:36,0,0,0,0
2021-07-03 09:53:38,0,0,0,0
2021-07-03 09:53:39,0,0,0,0
2021-07-03 09:53:40,0,0,0,0
2021-07-03 09:53:41,1,0,0,1
2021-07-03 09:53:42,0,0,0,0
2021-07-03 09:53:43,0,0,0,0
2021-07-03 09:53:44,1,0,0,1
2021-07-03 09:53:45,0,0,0,0
2021-07-03 09:53:46,7,0,2,9
2021-07-03 09:53:47,1,0,0,1
2021-07-03 09:53:48,1,0,1,2
2021-07-03 09:53:49,0,0,0,0
2021-07-03 09:53:50,2,0,1,3
2021-07-03 09:53:51,13,0,1,14
2021-07-03 09:53:52,824,38,180,1042
2021-07-03 09:53:53,0,0,0,0
2021-07-03 09:53:55,1,0,2,3
2021-07-03 09:53:57,5,1,0,6
2021-07-03 09:53:58,10,1,5,16
2021-07-03 09:53:59,1,0,0,1
2021-07-03 09:54:00,1,1,1,3
2021-07-03 09:54:02,0,0,0,0
2021-07-03 09:54:03,0,0,0,0
2021-07-03 09:54:04,4,0,0,4
2021-07-03 09:54:05,9,0,2,11
2021-07-03 09:54:06,2,1,0,3
2021-07-03 09:54:07,0,0,0,0
2021-07-03 09:54:08,0,0,0,0
2021-07-03 09:54:09,0,0,0,0
2021-07-03 09:54:10,0,0,0,0
2021-07-03 09:54:11,0,0,0,0
2021-07-03 09:54:12,1,0,0,1
2021-07-03 09:54:14,1,0,0,1
2021-07-03 09:54:15,1,0,0,1
2021-07-03 09:54:16,5,1,1,7
2021-07-03 09:54:17,3,3,1,7
2021-07-03 09:54:18,3,0,0,3
2021-07-03 09:54:20,0,0,0,0
2021-07-03 09:54:21,2,0,1,3
2021-07-03 09:54:23,1,0,0,1
2021-07-03 09:54:24,57,1,16,74
2021-07-03 09:54:25,0,0,0,0
2021-07-03 09:54:26,0,0,0,0
2021-07-03 09:54:28,8,1,1,10
2021-07-03 09:54:29,1,0,0,1
2021-07-03 09:54:30,59,0,12,71
2021-07-03 09:54:31,12,2,2,16
2021-07-03 09:54:32,0,0,0,0
2021-07-03 09:54:34,4,0,0,4
2021-07-03 09:54:35,0,0,0,0
2021-07-03 09:54:37,28,2,10,40
2021-07-03 09:54:39,8,0,1,9
2021-07-03 09:54:40,10,1,1,12
2021-07-03 09:54:42,0,0,0,0
2021-07-03 09:54:44,8,4,0,12
2021-07-03 09:54:45,6,1,1,8
2021-07-03 09:54:46,0,0,0,0
2021-07-03 09:54:49,0,0,0,0
2021-07-03 09:54:50,2,0,0,2
2021-07-03 09:54:51,1,0,0,1
2021-07-03 09:54:52,0,0,0,0
2021-07-03 09:54:53,4,0,1,5
2021-07-03 09:54:57,0,0,0,0
2021-07-03 09:54:59,0,0,0,0
2021-07-03 09:55:00,54,2,16,72
2021-07-03 09:55:02,0,0,0,0
2021-07-03 09:55:03,0,0,0,0
2021-07-03 09:55:04,6,0,2,8
2021-07-03 09:55:05,2,0,0,2
2021-07-03 09:55:07,2,0,1,3
2021-07-03 09:55:12,337,57,102,496
2021-07-03 09:55:13,1,0,0,1
2021-07-03 09:55:14,8,0,1,9
2021-07-03 09:55:15,1,1,0,2
2021-07-03 09:55:16,1,0,0,1
2021-07-03 09:55:18,1,0,0,1
2021-07-03 09:55:19,1,0,1,2
2021-07-03 09:55:20,6,0,1,7
2021-07-03 09:55:23,12,3,5,20
2021-07-03 09:55:24,6,0,2,8
2021-07-03 09:55:25,4,0,1,5
2021-07-03 09:55:27,3,2,1,6
2021-07-03 09:55:29,0,0,0,0
2021-07-03 09:55:30,72,2,18,92
2021-07-03 09:55:31,0,0,0,0
2021-07-03 09:55:32,0,0,0,0
2021-07-03 09:55:34,1,0,0,1
2021-07-03 09:55:35,2,0,0,2
2021-07-03 09:55:36,0,0,0,0
2021-07-03 09:55:37,0,0,0,0
2021-07-03 09:55:38,28,1,1,30
2021-07-03 09:55:39,0,0,0,0
2021-07-03 09:55:40,0,0,0,0
2021-07-03 09:55:43,1,0,0,1
2021-07-03 09:55:44,2,0,0,2
2021-07-03 09:55:45,1,0,0,1
2021-07-03 09:55:46,2013,25,475,2513
2021-07-03 09:55:47,1,0,0,1
2021-07-03 09:55:48,1,0,0,1
2021-07-03 09:55:49,0,0,0,0
2021-07-03 09:55:50,9,1,3,13
2021-07-03 09:55:51,4,0,0,4
2021-07-03 09:55:52,1,0,0,1
2021-07-03 09:55:53,0,0,0,0
2021-07-03 09:55:54,2,0,0,2
2021-07-03 09:55:56,1,0,0,1
2021-07-03 09:55:57,0,0,0,0
2021-07-03 09:55:58,0,0,0,0
2021-07-03 09:56:00,6,0,1,7
2021-07-03 09:56:02,0,0,0,0
2021-07-03 09:56:03,0,0,0,0
2021-07-03 09:56:04,0,0,0,0
2021-07-03 09:56:07,5,2,3,10
2021-07-03 09:56:08,5,0,0,5
2021-07-03 09:56:10,62,6,10,78
2021-07-03 09:56:11,10,0,2,12
2021-07-03 09:56:12,0,0,0,0
2021-07-03 09:56:13,0,0,0,0
2021-07-03 09:56:14,1,0,0,1
2021-07-03 09:56:16,0,0,0,0
2021-07-03 09:56:17,2,0,1,3
2021-07-03 09:56:18,2,0,0,2
2021-07-03 09:56:20,2,0,0,2
2021-07-03 09:56:23,13,0,3,16
2021-07-03 09:56:24,3,0,0,3
2021-07-03 09:56:27,0,0,0,0
2021-07-03 09:56:28,0,0,0,0
2021-07-03 09:56:29,12,1,2,15
2021-07-03 09:56:30,18,0,4,22
2021-07-03 09:56:31,0,0,0,0
2021-07-03 09:56:32,44,0,8,52
2021-07-03 09:56:33,198,8,43,249
2021-07-03 09:56:35,2,0,0,2
2021-07-03 09:56:36,1,0,0,1
2021-07-03 09:56:37,1,0,0,1
2021-07-03 09:56:39,40,2,6,48
2021-07-03 09:56:40,0,0,0,0
2021-07-03 09:56:41,0,0,0,0
2021-07-03 09:56:42,2,0,1,3
2021-07-03 09:56:43,1,0,0,1
2021-07-03 09:56:44,0,0,0,0
2021-07-03 09:56:45,1,0,1,2
2021-07-03 09:56:47,0,0,0,0
2021-07-03 09:56:48,2,0,0,2
2021-07-03 09:56:49,8,0,6,14
2021-07-03 09:56:50,1,0,0,1
2021-07-03 09:56:52,0,0,0,0
2021-07-03 09:56:53,1,0,1,2
2021-07-03 09:56:54,40,1,10,51
2021-07-03 09:56:56,1,0,0,1
2021-07-03 09:56:59,0,0,0,0
2021-07-03 09:57:00,7,1,2,10
2021-07-03 09:57:01,10,0,1,11
2021-07-03 09:57:04,0,0,0,0
2021-07-03 09:57:05,2,0,2,4
2021-07-03 09:57:06,1314,50,240,1604
2021-07-03 09:57:08,0,0,0,0
2021-07-03 09:57:09,2,1,1,4
2021-07-03 09:57:10,20,2,10,32
2021-07-03 09:57:11,1,0,0,1
2021-07-03 09:57:12,4,0,3,7
2021-07-03 09:57:13,4,0,3,7
2021-07-03 09:57:14,1,0,2,3
2021-07-03 09:57:15,1,1,1,3
2021-07-03 09:57:16,0,0,0,0
2021-07-03 09:57:17,22,1,7,30
2021-07-03 09:57:18,182,9,37,228
2021-07-03 09:57:19,0,0,0,0
2021-07-03 09:57:20,781,28,205,1014
2021-07-03 09:57:21,3,0,1,4
2021-07-03 09:57:22,62,5,10,77
2021-07-03 09:57:23,2,0,0,2
2021-07-03 09:57:24,2,0,1,3
2021-07-03 09:57:25,4,0,0,4
2021-07-03 09:57:26,0,0,0,0
2021-07-03 09:57:28,0,0,0,0
2021-07-03 09:57:29,0,0,0,0
2021-07-03 09:57:30,4,0,0,4
2021-07-03 09:57:31,17,0,6,23
2021-07-03 09:57:33,1,1,0,2
2021-07-03 09:57:34,80,0,34,114
2021-07-03 09:57:35,1,0,0,1
2021-07-03 09:57:37,0,0,0,0
2021-07-03 09:57:39,2,1,1,4
2021-07-03 09:57:40,5,0,2,7
2021-07-03 09:57:41,1,0,0,1
2021-07-03 09:57:42,0,0,0,0
2021-07-03 09:57:45,4,1,1,6
2021-07-03 09:57:46,2,0,2,4
2021-07-03 09:57:48,2,0,0,2
2021-07-03 09:57:49,0,0,0,0
2021-07-03 09:57:50,0,0,0,0
2021-07-03 09:57:51,0,0,0,0
2021-07-03 09:57:52,0,0,0,0
2021-07-03 09:57:53,5,2,0,7
2021-07-03 09:57:54,1,0,1,2
2021-07-03 09:57:55,0,0,0,0
2021-07-03 09:57:56,2,0,1,3
2021-07-03 09:57:57,2,0,1,3
2021-07-03 09:57:58,5,0,2,7
2021-07-03 09:58:00,15,3,7,25
2021-07-03 09:58:01,1,0,0,1
2021-07-03 09:58:03,1,0,1,2
2021-07-03 09:58:04,0,0,0,0
2021-07-03 09:58:05,63,0,11,74
2021-07-03 09:58:06,0,0,0,0
2021-07-03 09:58:07,33,3,5,41
2021-07-03 09:58:08,4,0,0,4
2021-07-03 09:58:09,1,0,0,1
2021-07-03 09:58:10,1,0,0,1
2021-07-03 09:58:11,3,0,1,4
2021-07-03 09:58:13,0,0,0,0
2021-07-03 09:58:14,3,0,1,4
2021-07-03 09:58:15,2,0,1,3
2021-07-03 09:58:16,1,0,0,1
2021-07-03 09:58:18,0,0,0,0
2021-07-03 09:58:19,1,0,0,1
2021-07-03 09:58:20,263,3,76,342
2021-07-03 09:58:21,0,0,0,0
2021-07-03 09:58:22,4,2,2,8
2021-07-03 09:58:23,3,2,1,6
2021-07-03 09:58:24,2,0,1,3
2021-07-03 09:58:28,26,2,8,36
2021-07-03 09:58:29,0,0,0,0
2021-07-03 09:58:30,0,0,0,0
2021-07-03 09:58:31,0,0,0,0
2021-07-03 09:58:32,118,1,17,136
2021-07-03 09:58:33,1,0,0,1
2021-07-03 09:58:34,4,0,3,7
2021-07-03 09:58:35,0,0,0,0
2021-07-03 09:58:36,0,0,0,0
2021-07-03 09:58:37,10,0,12,22
2021-07-03 09:58:39,0,0,0,0
2021-07-03 09:58:40,3,1,0,4
2021-07-03 09:58:41,1,0,0,1
2021-07-03 09:58:42,2,0,0,2
2021-07-03 09:58:43,6,0,1,7
2021-07-03 09:58:44,16,2,6,24
2021-07-03 09:58:45,3,0,1,4
2021-07-03 09:58:46,2,0,0,2
2021-07-03 09:58:47,0,0,0,0
2021-07-03 09:58:48,215,6,37,258
2021-07-03 09:58:52,11,0,2,13
2021-07-03 09:58:53,0,0,0,0
2021-07-03 09:58:54,21,1,9,31
2021-07-03 09:58:55,1,0,0,1
2021-07-03 09:58:56,1,0,1,2
2021-07-03 09:58:58,11,1,0,12
2021-07-03 09:58:59,6,0,0,6
2021-07-03 09:59:00,2,0,1,3
2021-07-03 09:59:02,2,0,1,3
2021-07-03 09:59:03,2,0,2,4
2021-07-03 09:59:05,4,0,4,8
2021-07-03 09:59:06,2,0,1,3
2021-07-03 09:59:07,1,0,0,1
2021-07-03 09:59:08,30,1,12,43
2021-07-03 09:59:09,18,1,10,29
2021-07-03 09:59:10,1,0,0,1
2021-07-03 09:59:11,55,14,26,95
2021-07-03 09:59:13,15,0,8,23
2021-07-03 09:59:14,17,2,4,23
2021-07-03 09:59:15,5,0,2,7
2021-07-03 09:59:16,14,2,3,19
2021-07-03 09:59:17,1,1,0,2
2021-07-03 09:59:18,0,0,0,0
2021-07-03 09:59:19,2,0,0,2
2021-07-03 09:59:20,0,0,0,0
2021-07-03 09:59:21,0,0,0,0
2021-07-03 09:59:22,3,1,0,4
2021-07-03 09:59:24,1,0,0,1
2021-07-03 09:59:25,0,0,0,0
2021-07-03 09:59:26,139,5,38,182
2021-07-03 09:59:28,1,0,0,1
2021-07-03 09:59:29,0,0,0,0
2021-07-03 09:59:31,1,0,0,1
2021-07-03 09:59:32,31,0,7,38
2021-07-03 09:59:33,5,0,1,6
2021-07-03 09:59:35,9,0,3,12
2021-07-03 09:59:37,1,0,1,2
2021-07-03 09:59:38,0,0,0,0
2021-07-03 09:59:40,0,0,0,0
2021-07-03 09:59:41,4,0,2,6
2021-07-03 09:59:42,1,0,0,1
2021-07-03 09:59:43,0,0,0,0
2021-07-03 09:59:44,2,0,0,2
2021-07-03 09:59:45,0,0,0,0
2021-07-03 09:59:46,1,1,0,2
2021-07-03 09:59:47,0,0,0,0
2021-07-03 09:59:49,3,1,1,5
2021-07-03 09:59:50,1,0,1,2
2021-07-03 09:59:51,66,0,24,90
2021-07-03 09:59:52,3,0,0,3
2021-07-03 09:59:54,1,1,0,2
2021-07-03 09:59:56,0,0,0,0
2021-07-03 09:59:57,0,0,0,0
2021-07-03 09:59:58,1014,24,232,1270
2021-07-03 09:59:59,4,0,0,4
2021-07-03 10:00:00,47,2,12,61
2021-07-03 10:00:01,61,0,7,68
2021-07-03 10:00:02,356,21,62,439
2021-07-03 10:00:03,0,0,0,0
2021-07-03 10:00:04,0,0,0,0
2021-07-03 10:00:05,0,0,0,0
2021-07-03 10:00:06,1,0,0,1
2021-07-03 10:00:07,1,0,0,1
2021-07-03 10:00:08,15,0,0,15
2021-07-03 10:00:10,1,0,0,1
2021-07-03 10:00:11,0,0,0,0
2021-07-03 10:00:12,2,0,0,2
2021-07-03 10:00:13,0,0,0,0
2021-07-03 10:00:14,15,0,1,16
2021-07-03 10:00:15,0,0,0,0
2021-07-03 10:00:17,0,0,0,0
2021-07-03 10:00:18,0,0,0,0
2021-07-03 10:00:19,0,0,0,0
2021-07-03 10:00:20,73,5,16,94
2021-07-03 10:00:21,0,0,0,0
2021-07-03 10:00:22,0,0,0,0
2021-07-03 10:00:23,2,0,1,3
2021-07-03 10:00:24,8,2,2,12
2021-07-03 10:00:25,1,0,0,1
2021-07-03 10:00:26,0,0,0,0
2021-07-03 10:00:27,0,0,0,0
2021-07-03 10:00:28,1,0,0,1
2021-07-03 10:00:29,1,0,0,1
2021-07-03 10:00:30,1,0,0,1
2021-07-03 10:00:31,2,0,0,2
2021-07-03 10:00:32,31,0,15,46
2021-07-03 10:00:33,3,0,0,3
2021-07-03 10:00:34,72,4,3,79
2021-07-03 10:00:35,1,0,0,1
2021-07-03 10:00:36,1,0,0,1
2021-07-03 10:00:37,2,0,0,2
2021-07-03 10:00:38,6,0,1,7
2021-07-03 10:00:39,172,4,34,210
2021-07-03 10:00:40,4,0,1,5
2021-07-03 10:00:41,5,0,0,5
2021-07-03 10:00:42,2,0,0,2
2021-07-03 10:00:44,0,0,0,0
2021-07-03 10:00:45,0,0,1,1
2021-07-03 10:00:48,1,1,0,2
2021-07-03 10:00:49,1,0,0,1
2021-07-03 10:00:51,0,0,0,0
2021-07-03 10:00:52,3,1,0,4
2021-07-03 10:00:53,0,0,0,0
2021-07-03 10:00:54,0,0,0,0
2021-07-03 10:00:55,8,2,0,10
2021-07-03 10:00:58,7,0,1,8
2021-07-03 10:00:59,0,0,0,0
2021-07-03 10:01:00,0,0,0,0
2021-07-03 10:01:01,41,3,8,52
2021-07-03 10:01:02,0,0,0,0
2021-07-03 10:01:03,0,0,0,0
2021-07-03 10:01:04,1,0,0,1
2021-07-03 10:01:05,214,6,61,281
2021-07-03 10:01:06,0,0,0,0
2021-07-03 10:01:07,4,0,1,5
2021-07-03 10:01:08,9,0,1,10
2021-07-03 10:01:09,6766,184,1184,8134
2021-07-03 10:01:10,4,0,3,7
2021-07-03 10:01:15,6,1,4,11
2021-07-03 10:01:16,3,0,3,6
2021-07-03 10:01:17,5,0,5,10
2021-07-03 10:01:18,5,0,3,8
2021-07-03 10:01:19,21,2,13,36
2021-07-03 10:01:20,2,0,2,4
2021-07-03 10:01:22,2,0,2,4
2021-07-03 10:01:23,2,0,0,2
2021-07-03 10:01:25,2,0,2,4
2021-07-03 10:01:26,6,2,5,13
2021-07-03 10:01:27,2,0,1,3
2021-07-03 10:01:28,2,0,2,4
2021-07-03 10:01:30,6,0,3,9
2021-07-03 10:01:33,2,0,1,3
2021-07-03 10:01:35,5,1,5,11
2021-07-03 10:01:36,3,0,3,6
2021-07-03 10:01:39,1,0,1,2
2021-07-03 10:01:41,3,0,1,4
2021-07-03 10:01:42,1,0,1,2
2021-07-03 10:01:44,2,0,1,3
2021-07-03 10:01:45,5,0,3,8
2021-07-03 10:01:46,5,1,2,8
2021-07-03 10:01:47,25,0,4,29
2021-07-03 10:01:48,3,0,2,5
2021-07-03 10:01:50,1,0,1,2
2021-07-03 10:01:51,2,0,1,3
2021-07-03 10:01:53,2,0,1,3
2021-07-03 10:01:54,12,0,4,16
2021-07-03 10:01:55,3,0,2,5
2021-07-03 10:01:56,3,1,1,5
2021-07-03 10:01:57,3,0,1,4
2021-07-03 10:02:00,57,1,8,66
2021-07-03 10:02:01,1,0,1,2
2021-07-03 10:02:02,15,1,4,20
2021-07-03 10:02:03,3,0,3,6
2021-07-03 10:02:04,1,0,1,2
2021-07-03 10:02:05,16,0,9,25
2021-07-03 10:02:07,7,0,0,7
2021-07-03 10:02:08,2,0,0,2
2021-07-03 10:02:09,0,0,0,0
2021-07-03 10:02:10,1,0,0,1
2021-07-03 10:02:11,18,4,1,23
2021-07-03 10:02:12,74,2,7,83
2021-07-03 10:02:16,2,1,0,3
2021-07-03 10:02:17,1,0,0,1
2021-07-03 10:02:18,4,1,0,5
2021-07-03 10:02:19,2,0,0,2
2021-07-03 10:02:20,41,4,12,57
2021-07-03 10:02:21,0,0,0,0
2021-07-03 10:02:23,0,0,0,0
2021-07-03 10:02:24,1,0,0,1
2021-07-03 10:02:25,1,1,0,2
2021-07-03 10:02:27,571,42,160,773
2021-07-03 10:02:28,2,0,0,2
2021-07-03 10:02:30,6,0,1,7
2021-07-03 10:02:31,94,5,14,113
2021-07-03 10:02:33,0,0,0,0
2021-07-03 10:02:34,4,0,0,4
2021-07-03 10:02:36,0,0,0,0
2021-07-03 10:02:37,0,0,0,0
2021-07-03 10:02:39,0,0,0,0
2021-07-03 10:02:40,1,0,1,2
2021-07-03 10:02:41,15,3,3,21
2021-07-03 10:02:42,0,0,0,0
2021-07-03 10:02:44,0,0,0,0
2021-07-03 10:02:45,1,0,0,1
2021-07-03 10:02:46,57,5,7,69
2021-07-03 10:02:47,0,0,0,0
2021-07-03 10:02:48,838,18,60,916
2021-07-03 10:02:49,0,0,0,0
2021-07-03 10:02:50,0,0,0,0
2021-07-03 10:02:51,0,0,0,0
2021-07-03 10:02:52,14,1,4,19
2021-07-03 10:02:53,2,0,0,2
2021-07-03 10:02:55,2,0,0,2
2021-07-03 10:02:56,2,0,0,2
2021-07-03 10:02:58,0,0,0,0
2021-07-03 10:03:00,92,6,21,119
2021-07-03 10:03:03,0,0,0,0
2021-07-03 10:03:05,0,0,1,1
2021-07-03 10:03:06,2,0,0,2
2021-07-03 10:03:07,0,0,0,0
2021-07-03 10:03:08,1,0,0,1
2021-07-03 10:03:09,0,0,0,0
2021-07-03 10:03:10,82,2,14,98
2021-07-03 10:03:11,8,1,3,12
2021-07-03 10:03:12,1,1,0,2
2021-07-03 10:03:13,2,0,0,2
2021-07-03 10:03:14,4,0,0,4
2021-07-03 10:03:16,4,0,1,5
2021-07-03 10:03:17,10,2,3,15
2021-07-03 10:03:19,0,0,0,0
2021-07-03 10:03:20,2,0,0,2
2021-07-03 10:03:22,0,0,0,0
2021-07-03 10:03:23,1,0,0,1
2021-07-03 10:03:24,5,0,2,7
2021-07-03 10:03:26,2,0,0,2
2021-07-03 10:03:27,0,0,0,0
2021-07-03 10:03:28,0,0,0,0
2021-07-03 10:03:30,2,0,1,3
2021-07-03 10:03:31,2,0,1,3
2021-07-03 10:03:32,2,0,0,2
2021-07-03 10:03:33,0,0,0,0
2021-07-03 10:03:34,2,0,0,2
2021-07-03 10:03:35,40,1,13,54
2021-07-03 10:03:36,0,0,0,0
2021-07-03 10:03:37,45,4,7,56
2021-07-03 10:03:38,6,0,1,7
2021-07-03 10:03:39,0,0,0,0
2021-07-03 10:03:40,4,0,0,4
2021-07-03 10:03:42,3,0,0,3
2021-07-03 10:03:43,1,0,0,1
2021-07-03 10:03:44,2,0,1,3
2021-07-03 10:03:45,12,0,2,14
2021-07-03 10:03:46,1,0,1,2
2021-07-03 10:03:48,2,0,0,2
2021-07-03 10:03:49,4,0,1,5
2021-07-03 10:03:50,0,0,0,0
2021-07-03 10:03:51,2,0,1,3
2021-07-03 10:03:52,7,0,0,7
2021-07-03 10:03:53,3,0,0,3
2021-07-03 10:03:54,0,0,0,0
2021-07-03 10:03:55,8,0,4,12
2021-07-03 10:03:57,14,0,1,15
2021-07-03 10:03:58,460,44,73,577
2021-07-03 10:03:59,1,0,1,2
2021-07-03 10:04:00,6,0,4,10
2021-07-03 10:04:01,8,0,0,8
2021-07-03 10:04:02,1,0,0,1
2021-07-03 10:04:04,303,19,53,375
2021-07-03 10:04:05,32,0,10,42
2021-07-03 10:04:06,7,0,4,11
2021-07-03 10:04:07,3,1,0,4
2021-07-03 10:04:08,1,0,1,2
2021-07-03 10:04:10,37,2,6,45
2021-07-03 10:04:11,22,0,1,23
2021-07-03 10:04:12,85,4,18,107
2021-07-03 10:04:13,1993,94,324,2411
2021-07-03 10:04:14,1,0,0,1
2021-07-03 10:04:15,30,0,4,34
2021-07-03 10:04:16,2,0,1,3
2021-07-03 10:04:17,3,0,0,3
2021-07-03 10:04:18,99,0,27,126
2021-07-03 10:04:19,20,1,1,22
2021-07-03 10:04:20,3,0,1,4
2021-07-03 10:04:21,2,0,1,3
2021-07-03 10:04:23,6,0,2,8
2021-07-03 10:04:24,5,0,1,6
2021-07-03 10:04:25,0,0,0,0
2021-07-03 10:04:26,3,0,0,3
2021-07-03 10:04:28,2,0,0,2
2021-07-03 10:04:30,6,0,0,6
2021-07-03 10:04:32,5,1,2,8
2021-07-03 10:04:34,1,0,0,1
2021-07-03 10:04:36,3,0,0,3
2021-07-03 10:04:37,1,0,0,1
2021-07-03 10:04:38,1,0,0,1
2021-07-03 10:04:39,9,0,0,9
2021-07-03 10:04:40,3,0,2,5
2021-07-03 10:04:41,7,0,5,12
2021-07-03 10:04:42,38,0,6,44
2021-07-03 10:04:43,1,0,0,1
2021-07-03 10:04:44,5,0,0,5
2021-07-03 10:04:45,1,0,0,1
2021-07-03 10:04:46,2,0,1,3
2021-07-03 10:04:47,2,0,2,4
2021-07-03 10:04:49,1,0,0,1
2021-07-03 10:04:50,0,0,0,0
2021-07-03 10:04:54,2,0,0,2
2021-07-03 10:04:55,0,0,0,0
2021-07-03 10:04:58,0,0,0,0
2021-07-03 10:05:00,87,4,29,120
2021-07-03 10:05:01,6,1,1,8
2021-07-03 10:05:02,1,0,0,1
2021-07-03 10:05:03,74,5,15,94
2021-07-03 10:05:05,1,0,0,1
2021-07-03 10:05:06,0,0,0,0
2021-07-03 10:05:07,0,0,0,0
2021-07-03 10:05:08,0,0,0,0
2021-07-03 10:05:09,1,0,0,1
2021-07-03 10:05:10,1,0,1,2
2021-07-03 10:05:11,3,0,1,4
2021-07-03 10:05:12,2,0,0,2
2021-07-03 10:05:13,0,0,0,0
2021-07-03 10:05:14,63,5,25,93
2021-07-03 10:05:16,102,3,6,111
2021-07-03 10:05:17,27,0,1,28
2021-07-03 10:05:19,0,0,0,0
2021-07-03 10:05:20,10,0,5,15
2021-07-03 10:05:21,0,0,0,0
2021-07-03 10:05:22,0,0,0,0
2021-07-03 10:05:24,0,0,0,0
2021-07-03 10:05:25,192,6,51,249
2021-07-03 10:05:26,0,0,0,0
2021-07-03 10:05:27,0,0,0,0
2021-07-03 10:05:28,4,0,2,6
2021-07-03 10:05:30,0,0,0,0
2021-07-03 10:05:31,3,0,0,3
2021-07-03 10:05:32,1,0,1,2
2021-07-03 10:05:33,0,0,0,0
2021-07-03 10:05:35,1,0,0,1
2021-07-03 10:05:36,2,1,1,4
2021-07-03 10:05:37,1,0,0,1
2021-07-03 10:05:40,1,0,0,1
2021-07-03 10:05:41,0,0,0,0
2021-07-03 10:05:42,0,0,0,0
2021-07-03 10:05:43,1,0,0,1
2021-07-03 10:05:44,34,2,14,50
2021-07-03 10:05:45,508,19,102,629
2021-07-03 10:05:47,1,0,0,1
2021-07-03 10:05:48,4,0,2,6
2021-07-03 10:05:49,1,0,0,1
2021-07-03 10:05:50,1,0,0,1
2021-07-03 10:05:51,72,3,18,93
2021-07-03 10:05:52,1,2,1,4
2021-07-03 10:05:53,702,24,154,880
2021-07-03 10:05:54,0,0,0,0
2021-07-03 10:05:55,0,0,0,0
2021-07-03 10:05:56,0,0,0,0
2021-07-03 10:05:58,71,1,19,91
2021-07-03 10:05:59,0,1,0,1
2021-07-03 10:06:00,0,0,0,0
2021-07-03 10:06:02,9,0,3,12
2021-07-03 10:06:03,1,0,0,1
2021-07-03 10:06:05,606,17,125,748
2021-07-03 10:06:06,12,12,4,28
2021-07-03 10:06:07,6,0,0,6
2021-07-03 10:06:08,3,0,0,3
2021-07-03 10:06:09,0,0,0,0
2021-07-03 10:06:10,4,1,0,5
2021-07-03 10:06:11,7,1,2,10
2021-07-03 10:06:14,0,0,0,0
2021-07-03 10:06:16,5,0,1,6
2021-07-03 10:06:17,31,0,7,38
2021-07-03 10:06:19,107,3,23,133
2021-07-03 10:06:21,1,0,0,1
2021-07-03 10:06:22,55,1,4,60
2021-07-03 10:06:23,1,0,2,3
2021-07-03 10:06:24,0,0,0,0
2021-07-03 10:06:25,4,0,0,4
2021-07-03 10:06:27,10,0,4,14
2021-07-03 10:06:28,12,0,6,18
2021-07-03 10:06:30,1,0,0,1
2021-07-03 10:06:31,0,0,0,0
2021-07-03 10:06:32,0,0,0,0
2021-07-03 10:06:36,2,0,0,2
2021-07-03 10:06:37,2,0,0,2
2021-07-03 10:06:38,39,3,4,46
2021-07-03 10:06:39,0,0,0,0
2021-07-03 10:06:40,1,0,0,1
2021-07-03 10:06:41,6,2,0,8
2021-07-03 10:06:42,24,3,6,33
2021-07-03 10:06:43,0,0,0,0
2021-07-03 10:06:44,1,0,0,1
2021-07-03 10:06:46,7,1,0,8
2021-07-03 10:06:49,1,0,1,2
2021-07-03 10:06:50,1,0,0,1
2021-07-03 10:06:51,7,0,4,11
2021-07-03 10:06:52,6,0,5,11
2021-07-03 10:06:53,19,4,2,25
2021-07-03 10:06:54,0,0,0,0
2021-07-03 10:06:55,1,0,0,1
2021-07-03 10:06:57,2,0,2,4
2021-07-03 10:06:58,3,1,0,4
2021-07-03 10:06:59,2,0,0,2
2021-07-03 10:07:00,19,1,6,26
2021-07-03 10:07:01,7,1,3,11
2021-07-03 10:07:02,14,1,5,20
2021-07-03 10:07:03,155,0,27,182
2021-07-03 10:07:04,0,0,0,0
2021-07-03 10:07:05,18,0,4,22
2021-07-03 10:07:06,0,0,0,0
2021-07-03 10:07:07,5,0,0,5
2021-07-03 10:07:09,3355,131,567,4053
2021-07-03 10:07:11,1,0,0,1
2021-07-03 10:07:12,1,0,0,1
2021-07-03 10:07:13,1,0,0,1
2021-07-03 10:07:14,2,0,1,3
2021-07-03 10:07:15,0,0,0,0
2021-07-03 10:07:17,2,0,0,2
2021-07-03 10:07:19,1,3,0,4
2021-07-03 10:07:20,6,1,2,9
2021-07-03 10:07:21,5,1,1,7
2021-07-03 10:07:22,2,1,1,4
2021-07-03 10:07:23,0,0,0,0
2021-07-03 10:07:24,2,0,0,2
2021-07-03 10:07:25,14,2,5,21
2021-07-03 10:07:28,4,0,2,6
2021-07-03 10:07:29,1,0,0,1
2021-07-03 10:07:30,0,0,0,0
2021-07-03 10:07:31,29,1,0,30
2021-07-03 10:07:32,9,0,1,10
2021-07-03 10:07:33,1,0,1,2
2021-07-03 10:07:34,1,0,0,1
2021-07-03 10:07:35,4,0,0,4
2021-07-03 10:07:36,18,1,9,28
2021-07-03 10:07:37,61,1,6,68
2021-07-03 10:07:38,1,0,0,1
2021-07-03 10:07:41,2,0,0,2
2021-07-03 10:07:42,65,1,3,69
2021-07-03 10:07:43,4,1,1,6
2021-07-03 10:07:44,12,0,0,12
2021-07-03 10:07:46,2,0,0,2
2021-07-03 10:07:47,0,0,0,0
2021-07-03 10:07:48,0,0,1,1
2021-07-03 10:07:49,3,0,0,3
2021-07-03 10:07:50,58,1,1,60
2021-07-03 10:07:51,0,0,0,0
2021-07-03 10:07:52,0,0,0,0
2021-07-03 10:07:53,0,0,0,0
2021-07-03 10:07:54,1,0,0,1
2021-07-03 10:07:58,5,0,0,5
2021-07-03 10:07:59,0,0,0,0
2021-07-03 10:08:00,11,5,2,18
2021-07-03 10:08:01,3,0,0,3
2021-07-03 10:08:03,1,0,0,1
2021-07-03 10:08:04,63,3,0,66
2021-07-03 10:08:05,4,1,2,7
2021-07-03 10:08:06,5,0,1,6
2021-07-03 10:08:08,59,4,21,84
2021-07-03 10:08:10,2,0,0,2
2021-07-03 10:08:11,0,0,0,0
2021-07-03 10:08:12,1,0,0,1
2021-07-03 10:08:13,1,0,0,1
2021-07-03 10:08:14,77,4,11,92
2021-07-03 10:08:17,17,2,6,25
2021-07-03 10:08:19,3,0,0,3
2021-07-03 10:08:20,2,0,1,3
2021-07-03 10:08:21,4,0,0,4
2021-07-03 10:08:22,11,0,1,12
2021-07-03 10:08:23,0,0,0,0
2021-07-03 10:08:25,6,0,0,6
2021-07-03 10:08:26,11,0,1,12
2021-07-03 10:08:27,12,1,1,14
2021-07-03 10:08:28,3,1,1,5
2021-07-03 10:08:29,49,1,19,69
2021-07-03 10:08:31,7,2,0,9
2021-07-03 10:08:32,10,0,6,16
2021-07-03 10:08:33,1122,149,226,1497
2021-07-03 10:08:36,1,0,0,1
2021-07-03 10:08:37,1,0,0,1
2021-07-03 10:08:38,2,0,1,3
2021-07-03 10:08:39,1,0,0,1
2021-07-03 10:08:42,40,0,8,48
2021-07-03 10:08:43,1,0,0,1
2021-07-03 10:08:45,4,0,1,5
2021-07-03 10:08:47,1,1,0,2
2021-07-03 10:08:48,0,0,0,0
2021-07-03 10:08:49,0,0,0,0
2021-07-03 10:08:50,1091,4,135,1230
2021-07-03 10:08:51,2,0,0,2
2021-07-03 10:08:52,1,0,0,1
2021-07-03 10:08:54,4,0,0,4
2021-07-03 10:08:56,1,0,1,2
2021-07-03 10:08:57,0,0,0,0
2021-07-03 10:08:58,69,3,17,89
2021-07-03 10:08:59,38,2,9,49
2021-07-03 10:09:00,9,1,4,14
2021-07-03 10:09:02,0,0,0,0
2021-07-03 10:09:03,3,0,1,4
2021-07-03 10:09:04,1,0,0,1
2021-07-03 10:09:05,58,0,11,69
2021-07-03 10:09:07,0,0,0,0
2021-07-03 10:09:09,2,0,1,3
2021-07-03 10:09:11,1,0,0,1
2021-07-03 10:09:12,261,10,44,315
2021-07-03 10:09:13,0,0,0,0
2021-07-03 10:09:14,5,1,0,6
2021-07-03 10:09:15,1,0,0,1
2021-07-03 10:09:16,4,0,2,6
2021-07-03 10:09:18,6,0,2,8
2021-07-03 10:09:19,5,1,2,8
2021-07-03 10:09:20,1,0,0,1
2021-07-03 10:09:21,1,0,0,1
2021-07-03 10:09:22,7,0,1,8
2021-07-03 10:09:23,10,1,2,13
2021-07-03 10:09:24,2,0,0,2
2021-07-03 10:09:25,42,0,2,44
2021-07-03 10:09:26,0,0,0,0
2021-07-03 10:09:27,2,0,2,4
2021-07-03 10:09:28,15,2,4,21
2021-07-03 10:09:29,65,7,11,83
2021-07-03 10:09:30,2,1,1,4
2021-07-03 10:09:31,7,3,4,14
2021-07-03 10:09:32,6,1,4,11
2021-07-03 10:09:33,3,0,1,4
2021-07-03 10:09:34,22,0,3,25
2021-07-03 10:09:35,14,2,4,20
2021-07-03 10:09:37,1,0,0,1
2021-07-03 10:09:38,2,0,0,2
2021-07-03 10:09:39,3,0,0,3
2021-07-03 10:09:40,10,0,2,12
2021-07-03 10:09:41,15,1,8,24
2021-07-03 10:09:42,0,0,0,0
2021-07-03 10:09:43,9,1,0,10
2021-07-03 10:09:44,13,0,3,16
2021-07-03 10:09:45,1,0,0,1
2021-07-03 10:09:46,0,0,0,0
2021-07-03 10:09:47,0,0,0,0
2021-07-03 10:09:48,4,1,1,6
2021-07-03 10:09:49,0,0,0,0
2021-07-03 10:09:50,46,2,10,58
2021-07-03 10:09:51,1,0,1,2
2021-07-03 10:09:52,0,0,1,1
2021-07-03 10:09:54,3,0,3,6
2021-07-03 10:09:55,0,0,0,0
2021-07-03 10:09:56,9,0,4,13
2021-07-03 10:09:57,0,0,0,0
2021-07-03 10:09:58,1,0,0,1
2021-07-03 10:09:59,1,0,0,1
2021-07-03 10:10:00,43,3,13,59
2021-07-03 10:10:01,0,0,0,0
2021-07-03 10:10:03,8,1,2,11
2021-07-03 10:10:04,4,2,0,6
2021-07-03 10:10:05,3,0,1,4
2021-07-03 10:10:06,2,0,0,2
2021-07-03 10:10:07,0,0,0,0
2021-07-03 10:10:09,0,0,0,0
2021-07-03 10:10:11,0,0,0,0
2021-07-03 10:10:13,1,0,0,1
2021-07-03 10:10:14,1,0,0,1
2021-07-03 10:10:15,0,0,0,0
2021-07-03 10:10:16,0,0,0,0
2021-07-03 10:10:17,0,0,0,0
2021-07-03 10:10:19,56,3,15,74
2021-07-03 10:10:20,0,0,0,0
2021-07-03 10:10:21,0,0,0,0
2021-07-03 10:10:22,1,1,0,2
2021-07-03 10:10:23,0,0,0,0
2021-07-03 10:10:24,2,0,1,3
2021-07-03 10:10:26,9,0,2,11
2021-07-03 10:10:27,4,0,3,7
2021-07-03 10:10:28,342,19,83,444
2021-07-03 10:10:31,5,1,2,8
2021-07-03 10:10:32,1,0,1,2
2021-07-03 10:10:34,19,0,2,21
2021-07-03 10:10:36,3,0,1,4
2021-07-03 10:10:37,60,4,3,67
2021-07-03 10:10:38,0,0,0,0
2021-07-03 10:10:39,1,0,0,1
2021-07-03 10:10:40,17,0,1,18
2021-07-03 10:10:42,17,3,3,23
2021-07-03 10:10:43,1,0,0,1
2021-07-03 10:10:45,1,0,0,1
2021-07-03 10:10:47,0,0,0,0
2021-07-03 10:10:48,104,1,5,110
2021-07-03 10:10:49,0,0,0,0
2021-07-03 10:10:50,1,0,1,2
2021-07-03 10:10:52,1,0,0,1
2021-07-03 10:10:53,1,0,0,1
2021-07-03 10:10:54,2,1,2,5
2021-07-03 10:10:55,2,0,1,3
2021-07-03 10:10:56,2,0,0,2
2021-07-03 10:10:57,274,16,38,328
2021-07-03 10:10:59,2,1,1,4
2021-07-03 10:11:00,4,0,3,7
2021-07-03 10:11:02,147,9,47,203
2021-07-03 10:11:03,16,0,7,23
2021-07-03 10:11:04,7,2,3,12
2021-07-03 10:11:05,132,3,23,158
2021-07-03 10:11:06,310,11,99,420
2021-07-03 10:11:07,0,0,0,0
2021-07-03 10:11:08,0,0,0,0
2021-07-03 10:11:09,57,2,16,75
2021-07-03 10:11:10,0,0,0,0
2021-07-03 10:11:12,0,0,0,0
2021-07-03 10:11:13,159,12,47,218
2021-07-03 10:11:14,0,0,0,0
2021-07-03 10:11:15,18,2,3,23
2021-07-03 10:11:16,0,0,0,0
2021-07-03 10:11:19,0,0,0,0
2021-07-03 10:11:20,1,0,1,2
2021-07-03 10:11:21,4,1,2,7
2021-07-03 10:11:22,0,0,0,0
2021-07-03 10:11:23,12,0,7,19
2021-07-03 10:11:24,1,0,1,2
2021-07-03 10:11:25,2,0,2,4
2021-07-03 10:11:26,12,1,7,20
2021-07-03 10:11:27,2,0,2,4
2021-07-03 10:11:28,349,11,113,473
2021-07-03 10:11:29,11,1,5,17
2021-07-03 10:11:30,0,0,0,0
2021-07-03 10:11:31,18,1,4,23
2021-07-03 10:11:32,5,0,2,7
2021-07-03 10:11:33,2,0,0,2
2021-07-03 10:11:35,0,0,0,0
2021-07-03 10:11:37,2,0,0,2
2021-07-03 10:11:38,10,1,3,14
2021-07-03 10:11:39,3,0,1,4
2021-07-03 10:11:40,9,1,0,10
2021-07-03 10:11:41,1,0,0,1
2021-07-03 10:11:42,0,0,0,0
2021-07-03 10:11:43,47,1,10,58
2021-07-03 10:11:45,2,0,0,2
2021-07-03 10:11:46,0,0,0,0
2021-07-03 10:11:47,0,0,0,0
2021-07-03 10:11:48,5,0,1,6
2021-07-03 10:11:49,10,3,3,16
2021-07-03 10:11:50,13,2,0,15
2021-07-03 10:11:51,8,1,1,10
2021-07-03 10:11:52,3,0,0,3
2021-07-03 10:11:53,154,6,39,199
2021-07-03 10:11:55,0,0,0,0
2021-07-03 10:11:56,0,1,0,1
2021-07-03 10:11:57,0,0,0,0
2021-07-03 10:11:58,3,0,3,6
2021-07-03 10:11:59,2,0,3,5
2021-07-03 10:12:00,1,0,0,1
2021-07-03 10:12:01,0,0,0,0
2021-07-03 10:12:02,2,1,0,3
2021-07-03 10:12:04,26,2,12,40
2021-07-03 10:12:05,4,0,2,6
2021-07-03 10:12:06,2,0,0,2
2021-07-03 10:12:07,0,0,0,0
2021-07-03 10:12:08,4,0,0,4
2021-07-03 10:12:09,0,0,0,0
2021-07-03 10:12:11,46,1,13,60
2021-07-03 10:12:12,1,0,0,1
2021-07-03 10:12:13,1,0,0,1
2021-07-03 10:12:14,0,0,0,0
2021-07-03 10:12:15,7,5,1,13
2021-07-03 10:12:16,2,0,0,2
2021-07-03 10:12:17,4,0,0,4
2021-07-03 10:12:18,1,0,0,1
2021-07-03 10:12:20,1,0,0,1
2021-07-03 10:12:21,30,2,6,38
2021-07-03 10:12:22,1,0,0,1
2021-07-03 10:12:23,0,0,0,0
2021-07-03 10:12:25,1,1,2,4
2021-07-03 10:12:26,0,0,2,2
2021-07-03 10:12:27,4,1,3,8
2021-07-03 10:12:28,5,0,3,8
2021-07-03 10:12:29,3,1,4,8
2021-07-03 10:12:30,86,5,28,119
2021-07-03 10:12:31,0,0,1,1
2021-07-03 10:12:32,3,0,0,3
2021-07-03 10:12:34,3,0,0,3
2021-07-03 10:12:35,0,0,0,0
2021-07-03 10:12:37,128,15,35,178
2021-07-03 10:12:38,55,2,11,68
2021-07-03 10:12:39,18,2,2,22
2021-07-03 10:12:40,0,0,0,0
2021-07-03 10:12:41,69,1,4,74
2021-07-03 10:12:42,3,0,1,4
2021-07-03 10:12:43,5,0,3,8
2021-07-03 10:12:44,15,2,2,19
2021-07-03 10:12:45,1,0,0,1
2021-07-03 10:12:46,0,0,0,0
2021-07-03 10:12:47,1,0,0,1
2021-07-03 10:12:48,113,4,27,144
2021-07-03 10:12:49,0,0,0,0
2021-07-03 10:12:52,39,4,4,47
2021-07-03 10:12:53,0,0,0,0
2021-07-03 10:12:54,0,0,0,0
2021-07-03 10:12:55,1,0,0,1
2021-07-03 10:12:56,34,2,12,48
2021-07-03 10:12:57,0,0,0,0
2021-07-03 10:12:58,1,0,1,2
2021-07-03 10:12:59,82,3,17,102
2021-07-03 10:13:00,12,1,3,16
2021-07-03 10:13:03,2,0,2,4
2021-07-03 10:13:04,3,0,0,3
2021-07-03 10:13:05,1,0,0,1
2021-07-03 10:13:06,847,22,234,1103
2021-07-03 10:13:09,41,6,8,55
2021-07-03 10:13:11,3,0,0,3
2021-07-03 10:13:12,0,0,0,0
2021-07-03 10:13:13,0,0,0,0
2021-07-03 10:13:14,7,0,1,8
2021-07-03 10:13:15,2,0,1,3
2021-07-03 10:13:16,2,0,0,2
2021-07-03 10:13:17,0,0,0,0
2021-07-03 10:13:18,0,0,1,1
2021-07-03 10:13:21,1,0,2,3
2021-07-03 10:13:22,2,1,5,8
2021-07-03 10:13:23,1,0,2,3
2021-07-03 10:13:24,1,0,1,2
2021-07-03 10:13:25,14,1,4,19
2021-07-03 10:13:26,1,0,2,3
2021-07-03 10:13:27,5,0,3,8
2021-07-03 10:13:30,0,0,1,1
2021-07-03 10:13:31,0,0,0,0
2021-07-03 10:13:32,4,0,1,5
2021-07-03 10:13:33,1,0,0,1
2021-07-03 10:13:35,1,1,0,2
2021-07-03 10:13:36,0,0,0,0
2021-07-03 10:13:37,0,1,0,1
2021-07-03 10:13:38,0,0,0,0
2021-07-03 10:13:39,3,0,2,5
2021-07-03 10:13:40,11,0,4,15
2021-07-03 10:13:42,4,0,2,6
2021-07-03 10:13:43,3,0,1,4
2021-07-03 10:13:44,3,0,1,4
2021-07-03 10:13:45,1,0,1,2
2021-07-03 10:13:46,21,1,1,23
2021-07-03 10:13:47,4,1,2,7
2021-07-03 10:13:49,62,6,9,77
2021-07-03 10:13:50,0,0,0,0
2021-07-03 10:13:51,0,0,0,0
2021-07-03 10:13:52,2,0,1,3
2021-07-03 10:13:53,0,0,0,0
2021-07-03 10:13:54,1,0,1,2
2021-07-03 10:13:55,2,1,0,3
2021-07-03 10:13:56,1,0,0,1
2021-07-03 10:13:57,2,1,0,3
2021-07-03 10:13:58,1,0,0,1
2021-07-03 10:13:59,3,2,1,6
2021-07-03 10:14:00,0,0,0,0
2021-07-03 10:14:01,2,0,1,3
2021-07-03 10:14:02,4,0,2,6
2021-07-03 10:14:03,29,1,7,37
2021-07-03 10:14:04,2,0,0,2
2021-07-03 10:14:05,1,0,0,1
2021-07-03 10:14:06,178,4,48,230
2021-07-03 10:14:07,57,0,17,74
2021-07-03 10:14:09,5,1,3,9
2021-07-03 10:14:10,10,0,1,11
2021-07-03 10:14:11,1,0,0,1
2021-07-03 10:14:13,1,0,0,1
2021-07-03 10:14:14,33,0,5,38
2021-07-03 10:14:16,0,0,0,0
2021-07-03 10:14:17,286,3,65,354
2021-07-03 10:14:18,1,0,2,3
2021-07-03 10:14:19,7,0,3,10
2021-07-03 10:14:20,0,0,4,4
2021-07-03 10:14:21,56,1,6,63
2021-07-03 10:14:22,1,0,3,4
2021-07-03 10:14:23,1,0,0,1
2021-07-03 10:14:26,34,1,5,40
2021-07-03 10:14:27,0,0,0,0
2021-07-03 10:14:29,0,0,0,0
2021-07-03 10:14:30,0,0,0,0
2021-07-03 10:14:32,0,0,0,0
2021-07-03 10:14:33,0,0,0,0
2021-07-03 10:14:34,1,0,0,1
2021-07-03 10:14:35,10,1,4,15
2021-07-03 10:14:36,2,0,0,2
2021-07-03 10:14:37,0,2,2,4
2021-07-03 10:14:38,0,0,0,0
2021-07-03 10:14:40,1,0,0,1
2021-07-03 10:14:41,0,0,0,0
2021-07-03 10:14:42,1,0,0,1
2021-07-03 10:14:43,150,0,28,178
2021-07-03 10:14:44,13832,320,2874,17026
2021-07-03 10:14:45,6,0,2,8
2021-07-03 10:14:46,1,0,0,1
2021-07-03 10:14:47,0,0,0,0
2021-07-03 10:14:49,3,0,0,3
2021-07-03 10:14:50,0,0,0,0
2021-07-03 10:14:51,0,0,0,0
2021-07-03 10:14:52,43,6,3,52
2021-07-03 10:14:53,5,0,0,5
2021-07-03 10:14:54,5,0,1,6
2021-07-03 10:14:59,0,0,0,0
2021-07-03 10:15:00,95,10,33,138
2021-07-03 10:15:01,0,1,0,1
2021-07-03 10:15:02,10,0,4,14
2021-07-03 10:15:03,23,0,10,33
2021-07-03 10:15:04,0,0,0,0
2021-07-03 10:15:05,13,0,2,15
2021-07-03 10:15:09,0,0,0,0
2021-07-03 10:15:10,646,10,105,761
2021-07-03 10:15:11,1,0,1,2
2021-07-03 10:15:12,0,0,0,0
2021-07-03 10:15:13,16,0,6,22
2021-07-03 10:15:14,10,1,2,13
2021-07-03 10:15:15,2,0,1,3
2021-07-03 10:15:16,7,0,5,12
2021-07-03 10:15:19,0,0,2,2
2021-07-03 10:15:20,10,2,8,20
2021-07-03 10:15:21,0,0,1,1
2021-07-03 10:15:23,0,0,2,2
2021-07-03 10:15:24,0,0,1,1
2021-07-03 10:15:25,0,0,0,0
2021-07-03 10:15:26,0,0,0,0
2021-07-03 10:15:27,7,0,3,10
2021-07-03 10:15:28,6,0,3,9
2021-07-03 10:15:29,0,0,0,0
2021-07-03 10:15:30,0,0,0,0
2021-07-03 10:15:31,0,0,0,0
2021-07-03 10:15:32,5,0,5,10
2021-07-03 10:15:33,1,0,0,1
2021-07-03 10:15:35,4,1,1,6
2021-07-03 10:15:37,1,0,0,1
2021-07-03 10:15:38,0,1,0,1
2021-07-03 10:15:39,1,0,0,1
2021-07-03 10:15:40,0,0,0,0
2021-07-03 10:15:41,8,0,2,10
2021-07-03 10:15:43,2,0,0,2
2021-07-03 10:15:44,8,0,2,10
2021-07-03 10:15:46,120,5,34,159
2021-07-03 10:15:48,2242,135,536,2913
2021-07-03 10:15:49,1,0,0,1
2021-07-03 10:15:50,1,0,0,1
2021-07-03 10:15:51,1,0,0,1
2021-07-03 10:15:52,42,1,19,62
2021-07-03 10:15:54,4,0,1,5
2021-07-03 10:15:55,8,1,1,10
2021-07-03 10:15:56,1,0,0,1
2021-07-03 10:15:57,0,0,1,1
2021-07-03 10:15:58,30,0,2,32
2021-07-03 10:15:59,0,0,0,0
2021-07-03 10:16:00,28,4,10,42
2021-07-03 10:16:01,0,0,0,0
2021-07-03 10:16:02,49,0,29,78
2021-07-03 10:16:04,0,0,1,1
2021-07-03 10:16:07,74,1,22,97
2021-07-03 10:16:08,1,0,0,1
2021-07-03 10:16:09,0,0,0,0
2021-07-03 10:16:12,0,0,0,0
2021-07-03 10:16:15,1,0,0,1
2021-07-03 10:16:16,10,0,4,14
2021-07-03 10:16:17,0,0,0,0
2021-07-03 10:16:18,0,0,0,0
2021-07-03 10:16:19,1,0,0,1
2021-07-03 10:16:21,6,0,1,7
2021-07-03 10:16:22,2,0,0,2
2021-07-03 10:16:23,0,0,0,0
2021-07-03 10:16:24,0,0,0,0
2021-07-03 10:16:25,0,0,0,0
2021-07-03 10:16:26,9,1,0,10
2021-07-03 10:16:27,5,1,1,7
2021-07-03 10:16:28,2,0,4,6
2021-07-03 10:16:29,1,1,0,2
2021-07-03 10:16:30,11,1,3,15
2021-07-03 10:16:31,0,0,0,0
2021-07-03 10:16:32,0,0,0,0
2021-07-03 10:16:33,1,0,0,1
2021-07-03 10:16:35,1,0,0,1
2021-07-03 10:16:36,7,0,4,11
2021-07-03 10:16:37,2,0,0,2
2021-07-03 10:16:38,0,0,0,0
2021-07-03 10:16:39,4,0,0,4
2021-07-03 10:16:40,3,0,1,4
2021-07-03 10:16:41,0,0,0,0
2021-07-03 10:16:42,1,1,0,2
2021-07-03 10:16:43,0,0,1,1
2021-07-03 10:16:44,11,1,3,15
2021-07-03 10:16:45,1,0,0,1
2021-07-03 10:16:46,16,0,6,22
2021-07-03 10:16:47,0,0,0,0
2021-07-03 10:16:48,1,0,0,1
2021-07-03 10:16:49,0,0,0,0
2021-07-03 10:16:51,0,0,0,0
2021-07-03 10:16:53,3,0,2,5
2021-07-03 10:16:54,0,0,0,0
2021-07-03 10:16:55,0,0,0,0
2021-07-03 10:16:56,2,0,1,3
2021-07-03 10:16:57,20,3,2,25
2021-07-03 10:16:58,5,0,2,7
2021-07-03 10:16:59,1,0,0,1
2021-07-03 10:17:00,13,1,2,16
2021-07-03 10:17:01,17,1,5,23
2021-07-03 10:17:02,1,0,1,2
2021-07-03 10:17:03,0,0,0,0
2021-07-03 10:17:04,0,0,0,0
2021-07-03 10:17:05,0,0,0,0
2021-07-03 10:17:06,4,0,1,5
2021-07-03 10:17:07,0,0,0,0
2021-07-03 10:17:08,0,0,0,0
2021-07-03 10:17:09,6,0,2,8
2021-07-03 10:17:10,7,1,1,9
2021-07-03 10:17:11,1,0,0,1
2021-07-03 10:17:12,0,0,0,0
2021-07-03 10:17:13,82,2,11,95
2021-07-03 10:17:14,8,0,0,8
2021-07-03 10:17:15,3,0,1,4
2021-07-03 10:17:16,26,0,2,28
2021-07-03 10:17:17,3,0,1,4
2021-07-03 10:17:18,3,0,0,3
2021-07-03 10:17:19,2,0,0,2
2021-07-03 10:17:20,26,0,14,40
2021-07-03 10:17:21,2,0,0,2
2021-07-03 10:17:22,1,0,0,1
2021-07-03 10:17:23,0,0,0,0
2021-07-03 10:17:25,4,1,1,6
2021-07-03 10:17:26,3,0,0,3
2021-07-03 10:17:27,1,0,0,1
2021-07-03 10:17:28,9,1,1,11
2021-07-03 10:17:29,1,0,0,1
2021-07-03 10:17:31,9,0,2,11
2021-07-03 10:17:32,12,0,6,18
2021-07-03 10:17:35,47,1,16,64
2021-07-03 10:17:36,1,0,0,1
2021-07-03 10:17:38,2,0,0,2
2021-07-03 10:17:39,0,0,0,0
2021-07-03 10:17:40,4,0,1,5
2021-07-03 10:17:41,3,0,0,3
2021-07-03 10:17:42,2,0,1,3
2021-07-03 10:17:44,3,0,0,3
2021-07-03 10:17:45,4,0,0,4
2021-07-03 10:17:48,1557,23,350,1930
2021-07-03 10:17:49,94,2,39,135
2021-07-03 10:17:51,30,2,17,49
2021-07-03 10:17:52,2,0,0,2
2021-07-03 10:17:53,5,0,3,8
2021-07-03 10:17:54,2,0,0,2
2021-07-03 10:17:56,2,1,1,4
2021-07-03 10:17:57,0,0,0,0
2021-07-03 10:17:58,7,0,3,10
2021-07-03 10:17:59,52,4,14,70
2021-07-03 10:18:00,3,1,0,4
2021-07-03 10:18:01,3,0,1,4
2021-07-03 10:18:02,2,0,0,2
2021-07-03 10:18:03,0,0,0,0
2021-07-03 10:18:04,3,0,2,5
2021-07-03 10:18:05,1,0,0,1
2021-07-03 10:18:06,3,0,0,3
2021-07-03 10:18:07,0,0,0,0
2021-07-03 10:18:08,4,1,0,5
2021-07-03 10:18:09,0,0,0,0
2021-07-03 10:18:10,4,0,2,6
2021-07-03 10:18:11,0,0,0,0
2021-07-03 10:18:12,1,0,0,1
2021-07-03 10:18:13,0,0,0,0
2021-07-03 10:18:15,0,0,0,0
2021-07-03 10:18:16,38,2,10,50
2021-07-03 10:18:17,1,1,0,2
2021-07-03 10:18:18,0,0,0,0
2021-07-03 10:18:19,1,0,0,1
2021-07-03 10:18:20,3,1,1,5
2021-07-03 10:18:21,4,0,0,4
2021-07-03 10:18:22,28,0,12,40
2021-07-03 10:18:23,2,0,2,4
2021-07-03 10:18:24,0,0,0,0
2021-07-03 10:18:25,2,0,0,2
2021-07-03 10:18:26,1,0,0,1
2021-07-03 10:18:29,4,0,0,4
2021-07-03 10:18:30,9,0,3,12
2021-07-03 10:18:31,1,0,0,1
2021-07-03 10:18:32,1,0,1,2
2021-07-03 10:18:33,1,0,0,1
2021-07-03 10:18:34,0,0,0,0
2021-07-03 10:18:35,3,0,2,5
2021-07-03 10:18:36,10,0,3,13
2021-07-03 10:18:39,0,0,0,0
2021-07-03 10:18:40,0,0,0,0
2021-07-03 10:18:41,0,0,0,0
2021-07-03 10:18:43,15,0,7,22
2021-07-03 10:18:44,113,6,50,169
2021-07-03 10:18:45,4,0,4,8
2021-07-03 10:18:46,1,0,0,1
2021-07-03 10:18:48,0,0,0,0
2021-07-03 10:18:49,21,0,5,26
2021-07-03 10:18:50,3,1,0,4
2021-07-03 10:18:51,1,0,0,1
2021-07-03 10:18:52,6,0,1,7
2021-07-03 10:18:54,826,25,93,944
2021-07-03 10:18:55,10,0,3,13
2021-07-03 10:18:56,1,0,0,1
2021-07-03 10:18:57,3,1,1,5
2021-07-03 10:18:58,1,0,1,2
2021-07-03 10:18:59,2,0,0,2
2021-07-03 10:19:00,0,0,1,1
2021-07-03 10:19:01,16,3,1,20
2021-07-03 10:19:02,0,0,1,1
2021-07-03 10:19:05,0,0,0,0
2021-07-03 10:19:06,0,0,0,0
2021-07-03 10:19:07,4,0,4,8
2021-07-03 10:19:08,0,0,0,0
2021-07-03 10:19:10,248,9,57,314
2021-07-03 10:19:11,3,0,1,4
2021-07-03 10:19:12,3,0,0,3
2021-07-03 10:19:13,1,0,0,1
2021-07-03 10:19:14,0,0,0,0
2021-07-03 10:19:16,250,7,76,333
2021-07-03 10:19:17,26,0,9,35
2021-07-03 10:19:18,2,1,0,3
2021-07-03 10:19:19,325,6,80,411
2021-07-03 10:19:20,10,1,1,12
2021-07-03 10:19:21,1,0,0,1
2021-07-03 10:19:23,1,0,0,1
2021-07-03 10:19:24,3,0,0,3
2021-07-03 10:19:27,1,0,1,2
2021-07-03 10:19:28,1,0,0,1
2021-07-03 10:19:29,13,1,5,19
2021-07-03 10:19:30,3,1,1,5
2021-07-03 10:19:31,1,0,0,1
2021-07-03 10:19:32,0,0,0,0
2021-07-03 10:19:33,4,1,2,7
2021-07-03 10:19:36,10,0,4,14
2021-07-03 10:19:37,167,15,1,183
2021-07-03 10:19:38,18,2,3,23
2021-07-03 10:19:39,1,1,0,2
2021-07-03 10:19:40,1,0,1,2
2021-07-03 10:19:41,0,0,0,0
2021-07-03 10:19:42,7,0,2,9
2021-07-03 10:19:44,1,0,0,1
2021-07-03 10:19:45,1,0,0,1
2021-07-03 10:19:46,2,0,0,2
2021-07-03 10:19:47,55,1,0,56
2021-07-03 10:19:49,0,0,0,0
2021-07-03 10:19:51,1,0,0,1
2021-07-03 10:19:52,6,0,3,9
2021-07-03 10:19:53,0,0,0,0
2021-07-03 10:19:54,2,0,0,2
2021-07-03 10:19:55,4,0,3,7
2021-07-03 10:19:56,16,0,8,24
2021-07-03 10:19:57,3,1,0,4
2021-07-03 10:19:58,0,0,0,0
2021-07-03 10:19:59,282,5,45,332
2021-07-03 10:20:00,44,3,4,51
2021-07-03 10:20:01,2,0,1,3
2021-07-03 10:20:02,1,1,0,2
2021-07-03 10:20:03,7,0,2,9
2021-07-03 10:20:04,0,0,0,0
2021-07-03 10:20:05,1,0,0,1
2021-07-03 10:20:07,1,0,1,2
2021-07-03 10:20:08,0,0,0,0
2021-07-03 10:20:10,75,3,17,95
2021-07-03 10:20:11,4,0,0,4
2021-07-03 10:20:12,6,1,3,10
2021-07-03 10:20:13,1,0,0,1
2021-07-03 10:20:14,41,0,6,47
2021-07-03 10:20:15,2190,100,460,2750
2021-07-03 10:20:16,0,0,0,0
2021-07-03 10:20:17,2,1,0,3
2021-07-03 10:20:18,4,0,0,4
2021-07-03 10:20:19,0,0,0,0
2021-07-03 10:20:22,1,0,0,1
2021-07-03 10:20:23,0,0,0,0
2021-07-03 10:20:25,0,0,0,0
2021-07-03 10:20:26,543,20,150,713
2021-07-03 10:20:27,209,10,74,293
2021-07-03 10:20:28,32,0,11,43
2021-07-03 10:20:29,34,1,8,43
2021-07-03 10:20:31,1,0,1,2
2021-07-03 10:20:33,1807,46,475,2328
2021-07-03 10:20:34,7,0,5,12
2021-07-03 10:20:35,1,0,0,1
2021-07-03 10:20:36,0,0,0,0
2021-07-03 10:20:37,0,0,0,0
2021-07-03 10:20:39,0,0,0,0
2021-07-03 10:20:40,0,0,0,0
2021-07-03 10:20:42,6,0,0,6
2021-07-03 10:20:43,0,0,0,0
2021-07-03 10:20:44,4,0,2,6
2021-07-03 10:20:45,0,0,0,0
2021-07-03 10:20:46,12,0,2,14
2021-07-03 10:20:49,1,0,0,1
2021-07-03 10:20:50,0,0,0,0
2021-07-03 10:20:51,0,0,0,0
2021-07-03 10:20:52,24,2,3,29
2021-07-03 10:20:53,6,0,0,6
2021-07-03 10:20:54,88,0,18,106
2021-07-03 10:20:55,0,0,0,0
2021-07-03 10:20:56,1,1,0,2
2021-07-03 10:20:57,0,0,0,0
2021-07-03 10:20:58,4,0,0,4
2021-07-03 10:20:59,1,0,0,1
2021-07-03 10:21:00,18,0,5,23
2021-07-03 10:21:01,4,0,0,4
2021-07-03 10:21:03,1,0,0,1
2021-07-03 10:21:04,0,0,0,0
2021-07-03 10:21:05,15,0,3,18
2021-07-03 10:21:06,2,0,0,2
2021-07-03 10:21:07,3,0,1,4
2021-07-03 10:21:10,1,0,0,1
2021-07-03 10:21:11,1,0,0,1
2021-07-03 10:21:13,2,0,1,3
2021-07-03 10:21:14,0,0,0,0
2021-07-03 10:21:15,6,0,1,7
2021-07-03 10:21:17,3,1,1,5
2021-07-03 10:21:18,2,0,0,2
2021-07-03 10:21:20,1,0,1,2
2021-07-03 10:21:21,5,0,2,7
2021-07-03 10:21:22,0,0,0,0
2021-07-03 10:21:23,1,0,0,1
2021-07-03 10:21:24,0,0,0,0
2021-07-03 10:21:25,1,0,1,2
2021-07-03 10:21:27,6,0,3,9
2021-07-03 10:21:28,0,0,0,0
2021-07-03 10:21:29,2,0,2,4
2021-07-03 10:21:30,3,1,1,5
2021-07-03 10:21:31,0,0,0,0
2021-07-03 10:21:32,0,0,0,0
2021-07-03 10:21:33,309,2,55,366
2021-07-03 10:21:35,5,0,1,6
2021-07-03 10:21:36,206,11,60,277
2021-07-03 10:21:37,4,1,0,5
2021-07-03 10:21:38,16,0,2,18
2021-07-03 10:21:39,0,0,0,0
2021-07-03 10:21:40,9,2,2,13
2021-07-03 10:21:41,3,1,2,6
2021-07-03 10:21:43,1,0,0,1
2021-07-03 10:21:44,1,0,0,1
2021-07-03 10:21:45,6,0,4,10
2021-07-03 10:21:47,1,0,0,1
2021-07-03 10:21:48,3,0,0,3
2021-07-03 10:21:49,2,0,1,3
2021-07-03 10:21:50,3,0,1,4
2021-07-03 10:21:51,0,0,0,0
2021-07-03 10:21:52,7,1,4,12
2021-07-03 10:21:53,3,1,2,6
2021-07-03 10:21:54,8,0,0,8
2021-07-03 10:21:55,64,0,10,74
2021-07-03 10:21:56,2,1,1,4
2021-07-03 10:21:57,2,0,1,3
2021-07-03 10:22:00,0,0,0,0
2021-07-03 10:22:01,0,0,0,0
2021-07-03 10:22:02,0,0,0,0
2021-07-03 10:22:03,0,0,0,0
2021-07-03 10:22:04,1,0,0,1
2021-07-03 10:22:05,5,0,3,8
2021-07-03 10:22:07,6,1,3,10
2021-07-03 10:22:08,222,11,30,263
2021-07-03 10:22:10,12,0,1,13
2021-07-03 10:22:11,3,0,0,3
2021-07-03 10:22:12,2,0,0,2
2021-07-03 10:22:13,4,0,1,5
2021-07-03 10:22:14,6,2,0,8
2021-07-03 10:22:15,5,2,0,7
2021-07-03 10:22:16,2,0,0,2
2021-07-03 10:22:18,1,1,0,2
2021-07-03 10:22:19,1,0,0,1
2021-07-03 10:22:21,0,0,0,0
2021-07-03 10:22:22,1,0,0,1
2021-07-03 10:22:23,2,0,1,3
2021-07-03 10:22:24,2,0,2,4
2021-07-03 10:22:26,4,0,0,4
2021-07-03 10:22:27,10,2,3,15
2021-07-03 10:22:28,0,0,0,0
2021-07-03 10:22:29,9,0,2,11
2021-07-03 10:22:30,33,5,11,49
2021-07-03 10:22:31,1,0,0,1
2021-07-03 10:22:34,7,0,1,8
2021-07-03 10:22:36,3,0,1,4
2021-07-03 10:22:37,1,0,0,1
2021-07-03 10:22:38,1,0,0,1
2021-07-03 10:22:39,24,2,5,31
2021-07-03 10:22:40,54,0,10,64
2021-07-03 10:22:41,1,0,0,1
2021-07-03 10:22:42,5,0,3,8
2021-07-03 10:22:43,0,0,0,0
2021-07-03 10:22:44,0,0,0,0
2021-07-03 10:22:46,1,0,1,2
2021-07-03 10:22:48,0,0,0,0
2021-07-03 10:22:49,162,4,20,186
2021-07-03 10:22:50,6,0,1,7
2021-07-03 10:22:51,9,1,4,14
2021-07-03 10:22:52,4,0,6,10
2021-07-03 10:22:53,1,0,0,1
2021-07-03 10:22:54,0,1,1,2
2021-07-03 10:22:55,6,0,1,7
2021-07-03 10:22:56,2,1,1,4
2021-07-03 10:22:58,1,0,0,1
2021-07-03 10:22:59,6,0,2,8
2021-07-03 10:23:00,44,5,8,57
2021-07-03 10:23:02,7,1,0,8
2021-07-03 10:23:05,14,2,4,20
2021-07-03 10:23:06,0,0,0,0
2021-07-03 10:23:07,38,10,6,54
2021-07-03 10:23:08,0,0,0,0
2021-07-03 10:23:10,0,0,0,0
2021-07-03 10:23:11,14,4,3,21
2021-07-03 10:23:12,0,0,0,0
2021-07-03 10:23:13,453,13,121,587
2021-07-03 10:23:15,10,3,2,15
2021-07-03 10:23:16,5,0,0,5
2021-07-03 10:23:19,1,1,0,2
2021-07-03 10:23:20,0,0,0,0
2021-07-03 10:23:22,2,1,1,4
2021-07-03 10:23:24,1,0,0,1
2021-07-03 10:23:25,7,0,2,9
2021-07-03 10:23:26,0,0,0,0
2021-07-03 10:23:27,0,0,0,0
2021-07-03 10:23:29,3,0,1,4
2021-07-03 10:23:30,0,0,0,0
2021-07-03 10:23:31,0,0,0,0
2021-07-03 10:23:33,8,0,3,11
2021-07-03 10:23:35,2,0,0,2
2021-07-03 10:23:36,5,1,2,8
2021-07-03 10:23:37,33,2,18,53
2021-07-03 10:23:38,2,1,0,3
2021-07-03 10:23:39,1,0,0,1
2021-07-03 10:23:40,3,0,1,4
2021-07-03 10:23:41,99,3,18,120
2021-07-03 10:23:42,5,0,1,6
2021-07-03 10:23:43,0,0,0,0
2021-07-03 10:23:44,0,0,0,0
2021-07-03 10:23:45,1,0,0,1
2021-07-03 10:23:46,9,0,1,10
2021-07-03 10:23:48,1,0,0,1
2021-07-03 10:23:49,0,0,0,0
2021-07-03 10:23:50,78,2,20,100
2021-07-03 10:23:51,11,1,3,15
2021-07-03 10:23:52,0,0,0,0
2021-07-03 10:23:53,0,0,0,0
2021-07-03 10:23:54,2,0,0,2
2021-07-03 10:23:55,2,1,1,4
2021-07-03 10:23:56,2,0,0,2
2021-07-03 10:23:57,2,1,0,3
2021-07-03 10:23:58,3,1,0,4
2021-07-03 10:24:00,0,0,0,0
2021-07-03 10:24:01,17,0,1,18
2021-07-03 10:24:02,6,0,4,10
2021-07-03 10:24:03,0,0,0,0
2021-07-03 10:24:04,0,0,0,0
2021-07-03 10:24:05,1,0,0,1
2021-07-03 10:24:09,0,0,0,0
2021-07-03 10:24:10,0,0,0,0
2021-07-03 10:24:11,0,0,0,0
2021-07-03 10:24:12,0,0,0,0
2021-07-03 10:24:14,0,0,0,0
2021-07-03 10:24:15,0,0,0,0
2021-07-03 10:24:16,119,1,10,130
2021-07-03 10:24:18,2,0,2,4
2021-07-03 10:24:19,2,0,0,2
2021-07-03 10:24:20,23,1,7,31
2021-07-03 10:24:21,1,0,1,2
2021-07-03 10:24:22,1,0,0,1
2021-07-03 10:24:24,4,0,0,4
2021-07-03 10:24:25,19,4,3,26
2021-07-03 10:24:26,36,2,17,55
2021-07-03 10:24:32,12,0,0,12
2021-07-03 10:24:33,1,0,0,1
2021-07-03 10:24:34,1,0,0,1
2021-07-03 10:24:35,72,6,29,107
2021-07-03 10:24:36,1,0,0,1
2021-07-03 10:24:37,193,8,74,275
2021-07-03 10:24:38,0,0,0,0
2021-07-03 10:24:42,1,0,0,1
2021-07-03 10:24:43,5,0,1,6
2021-07-03 10:24:44,1,0,0,1
2021-07-03 10:24:46,35,1,17,53
2021-07-03 10:24:47,0,0,0,0
2021-07-03 10:24:48,0,0,0,0
2021-07-03 10:24:49,16,0,4,20
2021-07-03 10:24:50,0,0,0,0
2021-07-03 10:24:52,1,0,0,1
2021-07-03 10:24:53,0,0,0,0
2021-07-03 10:24:55,6393,382,447,7222
2021-07-03 10:24:56,115,6,40,161
2021-07-03 10:24:57,0,0,0,0
2021-07-03 10:24:58,39,0,19,58
2021-07-03 10:25:00,80,4,34,118
2021-07-03 10:25:03,5,0,1,6
2021-07-03 10:25:04,4,0,0,4
2021-07-03 10:25:05,3,2,0,5
2021-07-03 10:25:06,12,0,1,13
2021-07-03 10:25:07,6,0,0,6
2021-07-03 10:25:10,102,4,48,154
2021-07-03 10:25:11,1,0,0,1
2021-07-03 10:25:12,1,0,0,1
2021-07-03 10:25:14,1,0,0,1
2021-07-03 10:25:15,76,1,27,104
2021-07-03 10:25:16,7,0,0,7
2021-07-03 10:25:18,0,0,0,0
2021-07-03 10:25:19,1,2,0,3
2021-07-03 10:25:20,1,1,0,2
2021-07-03 10:25:21,2,0,1,3
2021-07-03 10:25:22,80,1,24,105
2021-07-03 10:25:23,12,0,6,18
2021-07-03 10:25:24,1,0,0,1
2021-07-03 10:25:25,6,0,3,9
2021-07-03 10:25:26,0,0,0,0
2021-07-03 10:25:27,8,0,1,9
2021-07-03 10:25:28,50,1,13,64
2021-07-03 10:25:31,1,0,1,2
2021-07-03 10:25:32,85,2,29,116
2021-07-03 10:25:33,3,0,2,5
2021-07-03 10:25:34,10,1,1,12
2021-07-03 10:25:35,7,0,0,7
2021-07-03 10:25:37,0,0,0,0
2021-07-03 10:25:40,3,0,1,4
2021-07-03 10:25:43,265,5,91,361
2021-07-03 10:25:44,4,0,1,5
2021-07-03 10:25:46,2,0,0,2
2021-07-03 10:25:47,1,0,0,1
2021-07-03 10:25:48,1,0,0,1
2021-07-03 10:25:49,1,0,0,1
2021-07-03 10:25:50,55,2,12,69
2021-07-03 10:25:51,1,0,0,1
2021-07-03 10:25:52,1,0,0,1
2021-07-03 10:25:54,1,0,0,1
2021-07-03 10:25:56,0,0,0,0
2021-07-03 10:25:57,1,0,0,1
2021-07-03 10:25:58,3,0,1,4
2021-07-03 10:25:59,1,0,0,1
2021-07-03 10:26:01,51,2,19,72
2021-07-03 10:26:03,1,0,0,1
2021-07-03 10:26:04,11,1,0,12
2021-07-03 10:26:05,0,0,0,0
2021-07-03 10:26:07,22,0,2,24
2021-07-03 10:26:09,0,0,0,0
2021-07-03 10:26:10,0,0,0,0
2021-07-03 10:26:11,83,2,26,111
2021-07-03 10:26:12,0,0,0,0
2021-07-03 10:26:14,0,0,0,0
2021-07-03 10:26:16,0,0,0,0
2021-07-03 10:26:17,0,0,0,0
2021-07-03 10:26:18,3,0,3,6
2021-07-03 10:26:20,2,0,2,4
2021-07-03 10:26:21,78,3,20,101
2021-07-03 10:26:22,5,0,0,5
2021-07-03 10:26:23,2,1,0,3
2021-07-03 10:26:25,1,0,0,1
2021-07-03 10:26:26,29,3,7,39
2021-07-03 10:26:28,2,0,0,2
2021-07-03 10:26:30,0,0,0,0
2021-07-03 10:26:32,17,0,10,27
2021-07-03 10:26:33,1,0,1,2
2021-07-03 10:26:34,74,3,21,98
2021-07-03 10:26:35,2,0,2,4
2021-07-03 10:26:36,1,0,1,2
2021-07-03 10:26:37,1,0,1,2
2021-07-03 10:26:38,4,0,1,5
2021-07-03 10:26:40,1,0,1,2
2021-07-03 10:26:41,14,0,8,22
2021-07-03 10:26:46,2,0,0,2
2021-07-03 10:26:47,0,0,0,0
2021-07-03 10:26:50,0,0,0,0
2021-07-03 10:26:51,5,0,1,6
2021-07-03 10:26:52,1,0,0,1
2021-07-03 10:26:54,1,0,0,1
2021-07-03 10:26:55,1,0,0,1
2021-07-03 10:26:56,5,0,2,7
2021-07-03 10:26:58,1,0,0,1
2021-07-03 10:26:59,146,3,40,189
2021-07-03 10:27:00,12,1,2,15
2021-07-03 10:27:02,6,0,1,7
2021-07-03 10:27:04,2,0,0,2
2021-07-03 10:27:05,4,0,0,4
2021-07-03 10:27:06,0,0,0,0
2021-07-03 10:27:07,140,2,60,202
2021-07-03 10:27:08,1,0,0,1
2021-07-03 10:27:10,0,0,0,0
2021-07-03 10:27:12,2,1,0,3
2021-07-03 10:27:13,1,0,0,1
2021-07-03 10:27:14,0,0,0,0
2021-07-03 10:27:15,18,1,7,26
2021-07-03 10:27:16,4,0,2,6
2021-07-03 10:27:17,2,1,1,4
2021-07-03 10:27:19,4,0,3,7
2021-07-03 10:27:21,29,0,11,40
2021-07-03 10:27:22,14,1,6,21
2021-07-03 10:27:24,2,0,1,3
2021-07-03 10:27:28,17,3,4,24
2021-07-03 10:27:29,13,0,3,16
2021-07-03 10:27:31,7,0,4,11
2021-07-03 10:27:32,0,0,0,0
2021-07-03 10:27:33,2,0,1,3
2021-07-03 10:27:34,6,0,1,7
2021-07-03 10:27:35,3,0,2,5
2021-07-03 10:27:36,124,4,26,154
2021-07-03 10:27:37,0,0,0,0
2021-07-03 10:27:38,14,0,7,21
2021-07-03 10:27:40,3,0,1,4
2021-07-03 10:27:42,5,1,2,8
2021-07-03 10:27:43,4,0,2,6
2021-07-03 10:27:44,2,0,1,3
2021-07-03 10:27:45,14,0,5,19
2021-07-03 10:27:47,13,0,8,21
2021-07-03 10:27:49,15,0,6,21
2021-07-03 10:27:50,8,0,1,9
2021-07-03 10:27:51,7,1,3,11
2021-07-03 10:27:54,13,0,5,18
2021-07-03 10:27:55,2,0,2,4
2021-07-03 10:27:56,22,0,17,39
2021-07-03 10:27:57,2,0,1,3
2021-07-03 10:27:59,2,0,0,2
2021-07-03 10:28:00,12,0,2,14
2021-07-03 10:28:01,1,0,0,1
2021-07-03 10:28:02,0,0,0,0
2021-07-03 10:28:03,0,0,0,0
2021-07-03 10:28:04,0,0,0,0
2021-07-03 10:28:06,3,0,0,3
2021-07-03 10:28:07,1,0,0,1
2021-07-03 10:28:08,10,1,2,13
2021-07-03 10:28:09,5,1,1,7
2021-07-03 10:28:10,0,0,0,0
2021-07-03 10:28:12,118,2,27,147
2021-07-03 10:28:13,1,0,0,1
2021-07-03 10:28:15,448,12,104,564
2021-07-03 10:28:16,12,0,7,19
2021-07-03 10:28:17,10,0,3,13
2021-07-03 10:28:18,1,0,0,1
2021-07-03 10:28:20,1,0,0,1
2021-07-03 10:28:22,2,0,0,2
2021-07-03 10:28:23,1,0,0,1
2021-07-03 10:28:24,8,0,2,10
2021-07-03 10:28:26,1,1,0,2
2021-07-03 10:28:27,9,0,3,12
2021-07-03 10:28:28,1,0,0,1
2021-07-03 10:28:30,39,1,17,57
2021-07-03 10:28:32,6,0,2,8
2021-07-03 10:28:33,4,0,1,5
2021-07-03 10:28:34,62,1,21,84
2021-07-03 10:28:35,4,0,1,5
2021-07-03 10:28:37,9,0,3,12
2021-07-03 10:28:38,1,0,0,1
2021-07-03 10:28:39,2,0,0,2
2021-07-03 10:28:40,3,0,0,3
2021-07-03 10:28:43,1,0,0,1
2021-07-03 10:28:44,73,1,18,92
2021-07-03 10:28:46,1,0,0,1
2021-07-03 10:28:48,8,0,6,14
2021-07-03 10:28:50,62,3,20,85
2021-07-03 10:28:51,2,0,0,2
2021-07-03 10:28:52,6,0,0,6
2021-07-03 10:28:53,5,0,0,5
2021-07-03 10:28:54,2,0,1,3
2021-07-03 10:28:57,3,0,2,5
2021-07-03 10:28:59,3,1,0,4
2021-07-03 10:29:00,40,2,17,59
2021-07-03 10:29:01,3,0,0,3
2021-07-03 10:29:02,5,1,0,6
2021-07-03 10:29:03,1,0,0,1
2021-07-03 10:29:04,11,2,5,18
2021-07-03 10:29:05,2,0,0,2
2021-07-03 10:29:06,1,0,0,1
2021-07-03 10:29:07,1,0,0,1
2021-07-03 10:29:08,5,0,0,5
2021-07-03 10:29:10,3,0,0,3
2021-07-03 10:29:11,2,0,0,2
2021-07-03 10:29:12,7,0,0,7
2021-07-03 10:29:13,14,2,3,19
2021-07-03 10:29:14,2,1,1,4
2021-07-03 10:29:15,11,0,1,12
2021-07-03 10:29:16,3,0,1,4
2021-07-03 10:29:18,10,0,2,12
2021-07-03 10:29:20,7,0,0,7
2021-07-03 10:29:21,3,0,1,4
2021-07-03 10:29:22,9,0,3,12
2021-07-03 10:29:23,3,0,1,4
2021-07-03 10:29:24,1,0,0,1
2021-07-03 10:29:25,2,0,0,2
2021-07-03 10:29:27,4,0,2,6
2021-07-03 10:29:28,1,0,1,2
2021-07-03 10:29:30,3,0,4,7
2021-07-03 10:29:32,1,0,0,1
2021-07-03 10:29:34,1,0,1,2
2021-07-03 10:29:35,0,0,0,0
2021-07-03 10:29:36,0,0,0,0
2021-07-03 10:29:38,1,0,1,2
2021-07-03 10:29:39,83,4,22,109
2021-07-03 10:29:40,67,4,24,95
2021-07-03 10:29:41,19,0,6,25
2021-07-03 10:29:42,1,0,0,1
2021-07-03 10:29:43,0,0,0,0
2021-07-03 10:29:44,2,0,0,2
2021-07-03 10:29:45,1,0,1,2
2021-07-03 10:29:47,2,0,1,3
2021-07-03 10:29:48,1,0,0,1
2021-07-03 10:29:49,14,3,4,21
2021-07-03 10:29:50,0,0,0,0
2021-07-03 10:29:51,3,0,1,4
2021-07-03 10:29:53,8,0,2,10
2021-07-03 10:29:54,6,1,6,13
2021-07-03 10:29:55,0,0,0,0
2021-07-03 10:29:56,0,0,0,0
2021-07-03 10:29:57,49,2,24,75
2021-07-03 10:29:59,1,0,0,1
2021-07-03 10:30:00,3288,46,457,3791
2021-07-03 10:30:01,6328,152,1378,7858
2021-07-03 10:30:02,162,7,54,223
2021-07-03 10:30:03,7,0,2,9
2021-07-03 10:30:05,561,21,207,789
2021-07-03 10:30:06,1,0,0,1
2021-07-03 10:30:08,6,1,4,11
2021-07-03 10:30:09,1,0,0,1
2021-07-03 10:30:10,58,10,5,73
2021-07-03 10:30:12,8,0,3,11
2021-07-03 10:30:16,0,0,0,0
2021-07-03 10:30:17,0,0,0,0
2021-07-03 10:30:18,4,0,4,8
2021-07-03 10:30:19,0,0,0,0
2021-07-03 10:30:20,0,0,0,0
2021-07-03 10:30:21,0,1,0,1
2021-07-03 10:30:22,27,1,13,41
2021-07-03 10:30:23,9,4,1,14
2021-07-03 10:30:24,0,0,0,0
2021-07-03 10:30:25,5,2,0,7
2021-07-03 10:30:28,1,0,0,1
2021-07-03 10:30:30,9,0,2,11
2021-07-03 10:30:32,2,0,0,2
2021-07-03 10:30:33,35,0,7,42
2021-07-03 10:30:35,0,0,0,0
2021-07-03 10:30:36,1,0,1,2
2021-07-03 10:30:38,321,6,111,438
2021-07-03 10:30:39,144,8,44,196
2021-07-03 10:30:41,2,0,0,2
2021-07-03 10:30:43,94,3,23,120
2021-07-03 10:30:44,6,0,1,7
2021-07-03 10:30:45,1,0,0,1
2021-07-03 10:30:46,95,3,23,121
2021-07-03 10:30:48,5,0,1,6
2021-07-03 10:30:49,1,0,0,1
2021-07-03 10:30:52,2,0,2,4
2021-07-03 10:30:54,0,0,0,0
2021-07-03 10:30:55,0,1,0,1
2021-07-03 10:30:56,5,1,1,7
2021-07-03 10:30:57,3,1,0,4
2021-07-03 10:30:58,0,0,0,0
2021-07-03 10:30:59,0,0,0,0
2021-07-03 10:31:00,0,0,0,0
2021-07-03 10:31:01,1,0,1,2
2021-07-03 10:31:02,1,0,0,1
2021-07-03 10:31:04,18,0,0,18
2021-07-03 10:31:07,3,0,3,6
2021-07-03 10:31:08,0,0,0,0
2021-07-03 10:31:10,42,2,14,58
2021-07-03 10:31:11,9,1,0,10
2021-07-03 10:31:12,1,0,0,1
2021-07-03 10:31:13,1,0,1,2
2021-07-03 10:31:16,11,0,0,11
2021-07-03 10:31:19,4,0,0,4
2021-07-03 10:31:20,16,0,10,26
2021-07-03 10:31:21,2,0,0,2
2021-07-03 10:31:23,5,1,0,6
2021-07-03 10:31:24,6,0,0,6
2021-07-03 10:31:26,11,0,2,13
2021-07-03 10:31:27,0,0,0,0
2021-07-03 10:31:29,0,0,0,0
2021-07-03 10:31:31,4,0,0,4
2021-07-03 10:31:32,3,0,5,8
2021-07-03 10:31:33,9,0,2,11
2021-07-03 10:31:34,116,4,17,137
2021-07-03 10:31:35,568,6,160,734
2021-07-03 10:31:37,0,0,0,0
2021-07-03 10:31:38,1,0,0,1
2021-07-03 10:31:39,17,1,2,20
2021-07-03 10:31:40,0,0,1,1
2021-07-03 10:31:41,1,1,0,2
2021-07-03 10:31:42,0,0,0,0
2021-07-03 10:31:44,1,0,0,1
2021-07-03 10:31:45,0,0,0,0
2021-07-03 10:31:46,1,0,1,2
2021-07-03 10:31:47,63,1,18,82
2021-07-03 10:31:48,1,0,0,1
2021-07-03 10:31:49,0,0,1,1
2021-07-03 10:31:51,10,1,6,17
2021-07-03 10:31:57,102,1,25,128
2021-07-03 10:32:00,3,0,2,5
2021-07-03 10:32:01,1,0,1,2
2021-07-03 10:32:02,2,0,2,4
2021-07-03 10:32:03,6,0,3,9
2021-07-03 10:32:07,5,1,3,9
2021-07-03 10:32:08,67,0,19,86
2021-07-03 10:32:09,6,0,3,9
2021-07-03 10:32:10,2,0,3,5
2021-07-03 10:32:11,6,1,2,9
2021-07-03 10:32:13,1,0,1,2
2021-07-03 10:32:15,4,0,1,5
2021-07-03 10:32:17,4,0,1,5
2021-07-03 10:32:18,3,0,2,5
2021-07-03 10:32:19,78,3,22,103
2021-07-03 10:32:20,67,1,31,99
2021-07-03 10:32:21,1158,53,258,1469
2021-07-03 10:32:24,5,0,4,9
2021-07-03 10:32:25,10,2,6,18
2021-07-03 10:32:26,3,0,1,4
2021-07-03 10:32:27,0,0,0,0
2021-07-03 10:32:28,2,0,2,4
2021-07-03 10:32:29,1,0,1,2
2021-07-03 10:32:31,6,0,5,11
2021-07-03 10:32:32,5,1,4,10
2021-07-03 10:32:34,6,0,3,9
2021-07-03 10:32:35,0,0,0,0
2021-07-03 10:32:36,1,0,1,2
2021-07-03 10:32:38,369,19,76,464
2021-07-03 10:32:40,0,0,0,0
2021-07-03 10:32:41,4,0,1,5
2021-07-03 10:32:42,2,0,0,2
2021-07-03 10:32:43,0,0,0,0
2021-07-03 10:32:44,18,2,10,30
2021-07-03 10:32:45,0,0,0,0
2021-07-03 10:32:46,35,0,4,39
2021-07-03 10:32:47,0,0,0,0
2021-07-03 10:32:49,0,0,0,0
2021-07-03 10:32:50,1,0,1,2
2021-07-03 10:32:52,1,0,0,1
2021-07-03 10:32:53,2,0,2,4
2021-07-03 10:32:54,1,0,1,2
2021-07-03 10:32:55,2,0,0,2
2021-07-03 10:32:56,19,1,15,35
2021-07-03 10:32:57,2,0,1,3
2021-07-03 10:32:59,73,1,22,96
2021-07-03 10:33:00,24,2,1,27
2021-07-03 10:33:01,4,1,0,5
2021-07-03 10:33:02,4,0,3,7
2021-07-03 10:33:03,5,0,0,5
2021-07-03 10:33:05,13,0,7,20
2021-07-03 10:33:06,1,0,0,1
2021-07-03 10:33:07,1,0,0,1
2021-07-03 10:33:08,957,9,174,1140
2021-07-03 10:33:09,0,0,0,0
2021-07-03 10:33:10,0,0,0,0
2021-07-03 10:33:11,160,5,62,227
2021-07-03 10:33:12,2,0,0,2
2021-07-03 10:33:13,1,0,0,1
2021-07-03 10:33:14,1,0,1,2
2021-07-03 10:33:15,1,0,0,1
2021-07-03 10:33:16,2,1,0,3
2021-07-03 10:33:17,6,0,5,11
2021-07-03 10:33:18,0,0,0,0
2021-07-03 10:33:19,76,0,17,93
2021-07-03 10:33:21,1,0,0,1
2021-07-03 10:33:22,5,0,0,5
2021-07-03 10:33:23,2,0,0,2
2021-07-03 10:33:24,0,0,0,0
2021-07-03 10:33:25,2,0,4,6
2021-07-03 10:33:26,248,2,44,294
2021-07-03 10:33:28,0,0,0,0
2021-07-03 10:33:29,0,0,0,0
2021-07-03 10:33:30,0,0,0,0
2021-07-03 10:33:32,0,0,0,0
2021-07-03 10:33:33,1,0,0,1
2021-07-03 10:33:34,2,0,1,3
2021-07-03 10:33:35,2,0,0,2
2021-07-03 10:33:36,2,0,1,3
2021-07-03 10:33:37,1,0,2,3
2021-07-03 10:33:38,63,0,18,81
2021-07-03 10:33:39,3,0,0,3
2021-07-03 10:33:42,1,0,0,1
2021-07-03 10:33:43,4,0,1,5
2021-07-03 10:33:45,406,10,126,542
2021-07-03 10:33:46,4,0,0,4
2021-07-03 10:33:47,32,0,7,39
2021-07-03 10:33:48,3,1,0,4
2021-07-03 10:33:49,1,0,0,1
2021-07-03 10:33:51,2,0,1,3
2021-07-03 10:33:54,13,1,3,17
2021-07-03 10:33:56,6,1,1,8
2021-07-03 10:33:57,3,1,0,4
2021-07-03 10:33:58,58,1,7,66
2021-07-03 10:34:00,14,4,3,21
2021-07-03 10:34:01,0,0,0,0
2021-07-03 10:34:04,0,0,0,0
2021-07-03 10:34:06,1,0,1,2
2021-07-03 10:34:07,1,0,0,1
2021-07-03 10:34:08,13,0,2,15
2021-07-03 10:34:09,3,1,0,4
2021-07-03 10:34:10,24,1,4,29
2021-07-03 10:34:11,0,0,0,0
2021-07-03 10:34:12,0,0,0,0
2021-07-03 10:34:14,0,0,0,0
2021-07-03 10:34:15,4,0,1,5
2021-07-03 10:34:16,0,0,0,0
2021-07-03 10:34:17,1,1,0,2
2021-07-03 10:34:18,64,5,19,88
2021-07-03 10:34:20,2,0,0,2
2021-07-03 10:34:21,0,1,0,1
2021-07-03 10:34:22,0,0,0,0
2021-07-03 10:34:23,1,1,0,2
2021-07-03 10:34:24,2,1,0,3
2021-07-03 10:34:25,1,1,0,2
2021-07-03 10:34:26,25,1,12,38
2021-07-03 10:34:27,20,1,9,30
2021-07-03 10:34:28,113,7,29,149
2021-07-03 10:34:29,0,0,0,0
2021-07-03 10:34:30,4,1,1,6
2021-07-03 10:34:31,1,0,0,1
2021-07-03 10:34:33,0,0,0,0
2021-07-03 10:34:34,40,7,22,69
2021-07-03 10:34:36,0,0,0,0
2021-07-03 10:34:37,0,0,0,0
2021-07-03 10:34:38,0,0,0,0
2021-07-03 10:34:39,1,0,0,1
2021-07-03 10:34:40,2,0,2,4
2021-07-03 10:34:41,0,0,0,0
2021-07-03 10:34:42,0,0,0,0
2021-07-03 10:34:43,0,0,0,0
2021-07-03 10:34:44,0,0,0,0
2021-07-03 10:34:45,1,0,1,2
2021-07-03 10:34:46,28,0,6,34
2021-07-03 10:34:47,0,0,0,0
2021-07-03 10:34:48,1,0,0,1
2021-07-03 10:34:49,1,1,0,2
2021-07-03 10:34:50,3,1,0,4
2021-07-03 10:34:51,0,0,0,0
2021-07-03 10:34:53,1,1,1,3
2021-07-03 10:34:54,2,0,2,4
2021-07-03 10:34:55,2,0,0,2
2021-07-03 10:34:56,2,0,0,2
2021-07-03 10:34:57,1,0,1,2
2021-07-03 10:34:58,1,0,0,1
2021-07-03 10:35:00,90,1,35,126
2021-07-03 10:35:01,3,0,0,3
2021-07-03 10:35:02,1,1,0,2
2021-07-03 10:35:03,2,1,0,3
2021-07-03 10:35:04,4,0,3,7
2021-07-03 10:35:05,97,2,27,126
2021-07-03 10:35:06,51,1,15,67
2021-07-03 10:35:08,1,0,0,1
2021-07-03 10:35:11,10,0,3,13
2021-07-03 10:35:12,5,0,0,5
2021-07-03 10:35:13,3,0,2,5
2021-07-03 10:35:14,7,1,4,12
2021-07-03 10:35:15,39,1,11,51
2021-07-03 10:35:16,6,1,3,10
2021-07-03 10:35:18,1,0,0,1
2021-07-03 10:35:19,0,0,0,0
2021-07-03 10:35:20,0,0,0,0
2021-07-03 10:35:21,4,0,0,4
2021-07-03 10:35:22,0,0,0,0
2021-07-03 10:35:23,2,0,3,5
2021-07-03 10:35:24,1,0,0,1
2021-07-03 10:35:25,1,1,0,2
2021-07-03 10:35:26,1,0,0,1
2021-07-03 10:35:27,0,0,0,0
2021-07-03 10:35:29,579,32,172,783
2021-07-03 10:35:30,0,0,0,0
2021-07-03 10:35:31,0,0,0,0
2021-07-03 10:35:33,128,3,20,151
2021-07-03 10:35:34,1,0,1,2
2021-07-03 10:35:35,132,3,37,172
2021-07-03 10:35:36,1,0,0,1
2021-07-03 10:35:37,8,0,0,8
2021-07-03 10:35:38,5,0,3,8
2021-07-03 10:35:39,3,0,0,3
2021-07-03 10:35:40,4,0,0,4
2021-07-03 10:35:41,1,0,0,1
2021-07-03 10:35:42,2,1,0,3
2021-07-03 10:35:43,2,0,8,10
2021-07-03 10:35:44,21,0,1,22
2021-07-03 10:35:45,13,0,2,15
2021-07-03 10:35:47,43,2,20,65
2021-07-03 10:35:48,11,2,3,16
2021-07-03 10:35:49,0,1,0,1
2021-07-03 10:35:50,0,0,0,0
2021-07-03 10:35:52,1,0,0,1
2021-07-03 10:35:53,377,3,71,451
2021-07-03 10:35:54,3,0,0,3
2021-07-03 10:35:57,0,0,0,0
2021-07-03 10:35:59,13,1,0,14
2021-07-03 10:36:00,5,0,3,8
2021-07-03 10:36:03,4,2,0,6
2021-07-03 10:36:04,1,0,0,1
2021-07-03 10:36:05,0,0,0,0
2021-07-03 10:36:06,0,0,0,0
2021-07-03 10:36:07,1,0,0,1
2021-07-03 10:36:08,1,0,0,1
2021-07-03 10:36:09,0,0,0,0
2021-07-03 10:36:10,61,0,7,68
2021-07-03 10:36:11,0,0,0,0
2021-07-03 10:36:13,1,1,0,2
2021-07-03 10:36:14,6,3,0,9
2021-07-03 10:36:15,22,0,0,22
2021-07-03 10:36:16,1,0,0,1
2021-07-03 10:36:17,0,0,0,0
2021-07-03 10:36:18,0,0,0,0
2021-07-03 10:36:19,0,0,0,0
2021-07-03 10:36:20,25,0,10,35
2021-07-03 10:36:21,8,0,2,10
2021-07-03 10:36:22,2,0,0,2
2021-07-03 10:36:23,0,0,0,0
2021-07-03 10:36:24,241,4,45,290
2021-07-03 10:36:25,0,0,0,0
2021-07-03 10:36:26,17,0,10,27
2021-07-03 10:36:27,0,0,0,0
2021-07-03 10:36:28,14,0,2,16
2021-07-03 10:36:29,3,1,0,4
2021-07-03 10:36:30,0,0,0,0
2021-07-03 10:36:31,0,0,0,0
2021-07-03 10:36:32,2,0,0,2
2021-07-03 10:36:33,15,2,9,26
2021-07-03 10:36:35,221,6,62,289
2021-07-03 10:36:36,0,0,0,0
2021-07-03 10:36:38,68,1,23,92
2021-07-03 10:36:39,3,1,1,5
2021-07-03 10:36:40,2,0,0,2
2021-07-03 10:36:41,3,0,1,4
2021-07-03 10:36:42,1,0,0,1
2021-07-03 10:36:43,0,0,0,0
2021-07-03 10:36:44,1,0,0,1
2021-07-03 10:36:46,2,0,1,3
2021-07-03 10:36:47,0,0,0,0
2021-07-03 10:36:48,1,0,0,1
2021-07-03 10:36:49,0,0,0,0
2021-07-03 10:36:51,77,0,16,93
2021-07-03 10:36:52,12,0,3,15
2021-07-03 10:36:53,14,1,2,17
2021-07-03 10:36:54,0,0,0,0
2021-07-03 10:36:55,1,1,0,2
2021-07-03 10:36:57,0,0,0,0
2021-07-03 10:36:59,0,0,0,0
2021-07-03 10:37:00,14,2,3,19
2021-07-03 10:37:01,35,1,11,47
2021-07-03 10:37:02,6,0,2,8
2021-07-03 10:37:03,1,0,0,1
2021-07-03 10:37:04,12,0,0,12
2021-07-03 10:37:07,1,0,0,1
2021-07-03 10:37:08,3,0,0,3
2021-07-03 10:37:09,2,0,0,2
2021-07-03 10:37:10,3,0,1,4
2021-07-03 10:37:11,1,0,1,2
2021-07-03 10:37:12,2,0,0,2
2021-07-03 10:37:14,5,1,0,6
2021-07-03 10:37:15,4,0,0,4
2021-07-03 10:37:16,4,0,0,4
2021-07-03 10:37:17,39,0,6,45
2021-07-03 10:37:22,2,0,1,3
2021-07-03 10:37:24,1,0,0,1
2021-07-03 10:37:25,3,0,0,3
2021-07-03 10:37:27,1,1,1,3
2021-07-03 10:37:30,1,0,1,2
2021-07-03 10:37:31,0,0,0,0
2021-07-03 10:37:32,0,0,0,0
2021-07-03 10:37:33,118,2,35,155
2021-07-03 10:37:36,6,0,2,8
2021-07-03 10:37:37,1,0,1,2
2021-07-03 10:37:38,1180,28,296,1504
2021-07-03 10:37:39,3,0,2,5
2021-07-03 10:37:40,57,1,16,74
2021-07-03 10:37:41,11,0,5,16
2021-07-03 10:37:42,9,0,5,14
2021-07-03 10:37:43,9,0,6,15
2021-07-03 10:37:44,6,1,2,9
2021-07-03 10:37:45,119,2,37,158
2021-07-03 10:37:46,0,0,0,0
2021-07-03 10:37:47,1,0,0,1
2021-07-03 10:37:49,0,0,0,0
2021-07-03 10:37:50,1,0,0,1
2021-07-03 10:37:53,239,6,46,291
2021-07-03 10:37:54,69,3,20,92
2021-07-03 10:37:55,2,0,0,2
2021-07-03 10:37:56,0,0,0,0
2021-07-03 10:37:59,0,0,0,0
2021-07-03 10:38:00,1,0,1,2
2021-07-03 10:38:02,2,0,1,3
2021-07-03 10:38:03,1,0,0,1
2021-07-03 10:38:06,0,0,0,0
2021-07-03 10:38:08,0,0,0,0
2021-07-03 10:38:09,2,1,0,3
2021-07-03 10:38:10,214,12,70,296
2021-07-03 10:38:13,100,2,27,129
2021-07-03 10:38:14,0,0,0,0
2021-07-03 10:38:15,0,0,0,0
2021-07-03 10:38:16,12,0,2,14
2021-07-03 10:38:17,0,0,0,0
2021-07-03 10:38:18,4,0,0,4
2021-07-03 10:38:19,10,0,2,12
2021-07-03 10:38:20,0,0,0,0
2021-07-03 10:38:21,3,0,0,3
2021-07-03 10:38:23,63,1,14,78
2021-07-03 10:38:25,8,0,0,8
2021-07-03 10:38:26,6,0,0,6
2021-07-03 10:38:28,8,0,1,9
2021-07-03 10:38:30,1,0,0,1
2021-07-03 10:38:31,3,0,1,4
2021-07-03 10:38:32,2,0,0,2
2021-07-03 10:38:33,5,0,0,5
2021-07-03 10:38:35,19,0,2,21
2021-07-03 10:38:38,3,0,0,3
2021-07-03 10:38:40,3,1,0,4
2021-07-03 10:38:41,1,0,0,1
2021-07-03 10:38:44,2,0,0,2
2021-07-03 10:38:45,3,0,0,3
2021-07-03 10:38:46,4,0,0,4
2021-07-03 10:38:47,112,1,84,197
2021-07-03 10:38:48,4,1,0,5
2021-07-03 10:38:49,42,6,11,59
2021-07-03 10:38:50,27,1,5,33
2021-07-03 10:38:51,5,1,0,6
2021-07-03 10:38:53,5,0,0,5
2021-07-03 10:38:54,0,0,0,0
2021-07-03 10:38:56,4,0,2,6
2021-07-03 10:38:59,1199,5,231,1435
2021-07-03 10:39:00,1,0,0,1
2021-07-03 10:39:02,881,12,144,1037
2021-07-03 10:39:03,3,0,1,4
2021-07-03 10:39:04,3,0,1,4
2021-07-03 10:39:06,3,0,0,3
2021-07-03 10:39:07,22,2,5,29
2021-07-03 10:39:09,1,0,0,1
2021-07-03 10:39:12,3,1,2,6
2021-07-03 10:39:13,0,0,0,0
2021-07-03 10:39:14,0,0,0,0
2021-07-03 10:39:17,0,1,0,1
2021-07-03 10:39:18,48,1,6,55
2021-07-03 10:39:19,0,0,0,0
2021-07-03 10:39:20,0,0,0,0
2021-07-03 10:39:21,3,0,1,4
2021-07-03 10:39:22,0,1,0,1
2021-07-03 10:39:23,24,1,6,31
2021-07-03 10:39:25,9,2,0,11
2021-07-03 10:39:26,96,3,24,123
2021-07-03 10:39:27,3,0,0,3
2021-07-03 10:39:28,2,0,0,2
2021-07-03 10:39:29,115,4,21,140
2021-07-03 10:39:30,1,0,0,1
2021-07-03 10:39:31,100,4,22,126
2021-07-03 10:39:32,5,1,1,7
2021-07-03 10:39:33,2,0,1,3
2021-07-03 10:39:34,0,0,0,0
2021-07-03 10:39:35,2,0,1,3
2021-07-03 10:39:36,0,0,0,0
2021-07-03 10:39:37,0,0,0,0
2021-07-03 10:39:38,0,0,0,0
2021-07-03 10:39:41,10,1,6,17
2021-07-03 10:39:43,1,0,1,2
2021-07-03 10:39:44,2,0,0,2
2021-07-03 10:39:45,0,0,0,0
2021-07-03 10:39:47,2,0,2,4
2021-07-03 10:39:48,0,0,0,0
2021-07-03 10:39:49,0,0,0,0
2021-07-03 10:39:50,0,0,0,0
2021-07-03 10:39:53,1,0,1,2
2021-07-03 10:39:54,3,0,0,3
2021-07-03 10:39:56,3,0,0,3
2021-07-03 10:39:57,1,0,1,2
2021-07-03 10:39:58,171,0,24,195
2021-07-03 10:39:59,2,0,0,2
2021-07-03 10:40:00,550,25,127,702
2021-07-03 10:40:01,0,0,0,0
2021-07-03 10:40:02,5,0,1,6
2021-07-03 10:40:04,14,0,5,19
2021-07-03 10:40:05,1,0,0,1
2021-07-03 10:40:06,39,0,8,47
2021-07-03 10:40:07,9,0,3,12
2021-07-03 10:40:09,2,0,0,2
2021-07-03 10:40:10,1,0,0,1
2021-07-03 10:40:11,2,0,0,2
2021-07-03 10:40:12,3,0,2,5
2021-07-03 10:40:14,0,0,0,0
2021-07-03 10:40:15,0,0,0,0
2021-07-03 10:40:16,1,0,1,2
2021-07-03 10:40:17,2,0,1,3
2021-07-03 10:40:18,3,0,1,4
2021-07-03 10:40:19,1,0,0,1
2021-07-03 10:40:20,1,0,0,1
2021-07-03 10:40:21,19,1,3,23
2021-07-03 10:40:22,1,0,0,1
2021-07-03 10:40:23,3,0,2,5
2021-07-03 10:40:24,12,0,8,20
2021-07-03 10:40:25,0,1,0,1
2021-07-03 10:40:26,1,0,0,1
2021-07-03 10:40:28,1,0,1,2
2021-07-03 10:40:30,3,0,1,4
2021-07-03 10:40:31,2943,126,353,3422
2021-07-03 10:40:32,1,0,0,1
2021-07-03 10:40:33,0,0,0,0
2021-07-03 10:40:34,289,5,107,401
2021-07-03 10:40:35,3,1,0,4
2021-07-03 10:40:36,6,1,5,12
2021-07-03 10:40:38,12,0,2,14
2021-07-03 10:40:39,0,0,0,0
2021-07-03 10:40:42,9,0,4,13
2021-07-03 10:40:43,42,1,9,52
2021-07-03 10:40:44,0,0,0,0
2021-07-03 10:40:45,0,0,0,0
2021-07-03 10:40:46,0,0,0,0
2021-07-03 10:40:47,10,1,2,13
2021-07-03 10:40:49,0,0,0,0
2021-07-03 10:40:53,0,0,0,0
2021-07-03 10:40:54,0,0,0,0
2021-07-03 10:40:55,72,0,26,98
2021-07-03 10:40:56,1,0,0,1
2021-07-03 10:40:57,6,1,2,9
2021-07-03 10:40:58,0,0,0,0
2021-07-03 10:40:59,9,1,2,12
2021-07-03 10:41:00,2,0,1,3
2021-07-03 10:41:01,72,5,17,94
2021-07-03 10:41:03,81,5,8,94
2021-07-03 10:41:04,3,2,2,7
2021-07-03 10:41:06,15,1,4,20
2021-07-03 10:41:07,38,1,14,53
2021-07-03 10:41:08,4,0,4,8
2021-07-03 10:41:10,0,1,0,1
2021-07-03 10:41:11,4,0,0,4
2021-07-03 10:41:12,0,0,0,0
2021-07-03 10:41:13,27,0,9,36
2021-07-03 10:41:14,8,1,2,11
2021-07-03 10:41:15,2,0,0,2
2021-07-03 10:41:18,0,0,0,0
2021-07-03 10:41:19,3,0,2,5
2021-07-03 10:41:20,60,3,16,79
2021-07-03 10:41:21,0,0,0,0
2021-07-03 10:41:23,1,0,0,1
2021-07-03 10:41:24,50,2,10,62
2021-07-03 10:41:25,8,1,3,12
2021-07-03 10:41:26,0,0,0,0
2021-07-03 10:41:27,0,0,0,0
2021-07-03 10:41:28,0,0,0,0
2021-07-03 10:41:29,0,0,0,0
2021-07-03 10:41:31,0,0,0,0
2021-07-03 10:41:32,3,0,0,3
2021-07-03 10:41:36,47,1,8,56
2021-07-03 10:41:37,16,0,4,20
2021-07-03 10:41:38,0,0,0,0
2021-07-03 10:41:39,1,1,0,2
2021-07-03 10:41:41,23,1,6,30
2021-07-03 10:41:42,19,0,11,30
2021-07-03 10:41:43,2,0,0,2
2021-07-03 10:41:44,0,0,0,0
2021-07-03 10:41:45,42,1,7,50
2021-07-03 10:41:46,2,0,1,3
2021-07-03 10:41:47,1,0,1,2
2021-07-03 10:41:49,978,85,264,1327
2021-07-03 10:41:50,4,1,0,5
2021-07-03 10:41:51,1,0,0,1
2021-07-03 10:41:53,1,0,0,1
2021-07-03 10:41:54,0,1,0,1
2021-07-03 10:41:55,4,0,0,4
2021-07-03 10:41:56,0,0,1,1
2021-07-03 10:41:57,40,1,13,54
2021-07-03 10:41:59,0,0,0,0
2021-07-03 10:42:01,1,0,1,2
2021-07-03 10:42:03,0,0,0,0
2021-07-03 10:42:07,0,0,0,0
2021-07-03 10:42:08,3,0,0,3
2021-07-03 10:42:09,0,0,0,0
2021-07-03 10:42:10,0,0,0,0
2021-07-03 10:42:11,8828,74,1353,10255
2021-07-03 10:42:12,0,0,0,0
2021-07-03 10:42:13,27,4,7,38
2021-07-03 10:42:15,7,0,1,8
2021-07-03 10:42:16,0,0,0,0
2021-07-03 10:42:18,2,0,1,3
2021-07-03 10:42:19,2,0,0,2
2021-07-03 10:42:20,11,1,6,18
2021-07-03 10:42:22,0,0,0,0
2021-07-03 10:42:23,0,0,0,0
2021-07-03 10:42:25,0,0,0,0
2021-07-03 10:42:26,0,0,0,0
2021-07-03 10:42:29,76,2,32,110
2021-07-03 10:42:31,0,0,0,0
2021-07-03 10:42:34,41,1,14,56
2021-07-03 10:42:36,0,0,0,0
2021-07-03 10:42:38,4,0,2,6
2021-07-03 10:42:39,1,0,0,1
2021-07-03 10:42:40,0,0,0,0
2021-07-03 10:42:41,7,1,1,9
2021-07-03 10:42:43,7,0,2,9
2021-07-03 10:42:44,0,0,0,0
2021-07-03 10:42:46,124,5,38,167
2021-07-03 10:42:47,0,0,0,0
2021-07-03 10:42:48,53,2,11,66
2021-07-03 10:42:49,0,0,0,0
2021-07-03 10:42:51,0,0,0,0
2021-07-03 10:42:52,0,0,0,0
2021-07-03 10:42:53,5,1,1,7
2021-07-03 10:42:54,4,0,3,7
2021-07-03 10:42:55,0,0,0,0
2021-07-03 10:42:56,0,0,0,0
2021-07-03 10:42:58,25,0,2,27
2021-07-03 10:42:59,44,2,15,61
2021-07-03 10:43:00,18,1,3,22
2021-07-03 10:43:02,1,0,0,1
2021-07-03 10:43:03,0,0,0,0
2021-07-03 10:43:04,12,0,5,17
2021-07-03 10:43:05,0,0,0,0
2021-07-03 10:43:06,2,0,0,2
2021-07-03 10:43:08,7,0,5,12
2021-07-03 10:43:09,291,6,45,342
2021-07-03 10:43:10,0,0,0,0
2021-07-03 10:43:11,1,0,0,1
2021-07-03 10:43:12,0,0,1,1
2021-07-03 10:43:15,0,0,0,0
2021-07-03 10:43:17,0,0,0,0
2021-07-03 10:43:18,0,0,0,0
2021-07-03 10:43:19,0,0,0,0
2021-07-03 10:43:20,6,2,1,9
2021-07-03 10:43:21,2,0,0,2
2021-07-03 10:43:22,2,0,0,2
2021-07-03 10:43:23,10,0,2,12
2021-07-03 10:43:24,176,0,34,210
2021-07-03 10:43:25,0,1,0,1
2021-07-03 10:43:26,0,0,0,0
2021-07-03 10:43:27,21,1,6,28
2021-07-03 10:43:28,1,0,1,2
2021-07-03 10:43:29,20,0,1,21
2021-07-03 10:43:31,0,0,0,0
2021-07-03 10:43:33,338,0,82,420
2021-07-03 10:43:34,1,0,1,2
2021-07-03 10:43:35,0,0,0,0
2021-07-03 10:43:36,2,0,0,2
2021-07-03 10:43:38,0,0,0,0
2021-07-03 10:43:39,5,0,0,5
2021-07-03 10:43:40,0,0,0,0
2021-07-03 10:43:41,0,0,0,0
2021-07-03 10:43:42,3,0,0,3
2021-07-03 10:43:43,0,0,0,0
2021-07-03 10:43:44,1,0,0,1
2021-07-03 10:43:46,5,2,4,11
2021-07-03 10:43:47,19,0,6,25
2021-07-03 10:43:51,4,0,2,6
2021-07-03 10:43:52,0,0,0,0
2021-07-03 10:43:56,4,0,4,8
2021-07-03 10:43:57,4,0,1,5
2021-07-03 10:43:58,1,1,0,2
2021-07-03 10:43:59,3,0,2,5
2021-07-03 10:44:00,15,0,2,17
2021-07-03 10:44:01,0,0,0,0
2021-07-03 10:44:03,1,2,0,3
2021-07-03 10:44:04,30,3,8,41
2021-07-03 10:44:05,272,3,53,328
2021-07-03 10:44:06,3,0,0,3
2021-07-03 10:44:08,4,0,2,6
2021-07-03 10:44:09,0,0,0,0
2021-07-03 10:44:10,1,0,0,1
2021-07-03 10:44:11,2,0,0,2
2021-07-03 10:44:13,49,4,22,75
2021-07-03 10:44:14,1,0,0,1
2021-07-03 10:44:15,12,1,0,13
2021-07-03 10:44:16,0,0,0,0
2021-07-03 10:44:17,11,0,0,11
2021-07-03 10:44:18,1,0,1,2
2021-07-03 10:44:21,15,4,2,21
2021-07-03 10:44:22,0,0,0,0
2021-07-03 10:44:23,2,0,0,2
2021-07-03 10:44:24,1,0,0,1
2021-07-03 10:44:25,1,0,0,1
2021-07-03 10:44:26,2,0,0,2
2021-07-03 10:44:28,69,6,15,90
2021-07-03 10:44:29,0,0,0,0
2021-07-03 10:44:30,1,0,0,1
2021-07-03 10:44:33,3,0,0,3
2021-07-03 10:44:35,1,0,0,1
2021-07-03 10:44:36,5,0,2,7
2021-07-03 10:44:37,0,0,0,0
2021-07-03 10:44:38,1,0,0,1
2021-07-03 10:44:39,0,0,0,0
2021-07-03 10:44:42,3,0,1,4
2021-07-03 10:44:43,1,0,0,1
2021-07-03 10:44:44,0,0,0,0
2021-07-03 10:44:45,0,0,0,0
2021-07-03 10:44:46,23,1,3,27
2021-07-03 10:44:47,1,1,0,2
2021-07-03 10:44:50,0,0,0,0
2021-07-03 10:44:51,0,0,0,0
2021-07-03 10:44:52,194,7,72,273
2021-07-03 10:44:53,1,0,0,1
2021-07-03 10:44:54,3,0,0,3
2021-07-03 10:44:55,0,0,0,0
2021-07-03 10:44:56,5,0,0,5
2021-07-03 10:44:57,0,0,0,0
2021-07-03 10:44:59,9,1,1,11
2021-07-03 10:45:00,205,22,55,282
2021-07-03 10:45:03,211,2,41,254
2021-07-03 10:45:04,0,0,0,0
2021-07-03 10:45:05,0,0,0,0
2021-07-03 10:45:07,0,0,0,0
2021-07-03 10:45:08,6,1,0,7
2021-07-03 10:45:10,141,1,41,183
2021-07-03 10:45:12,5,0,1,6
2021-07-03 10:45:13,5,0,2,7
2021-07-03 10:45:15,1,0,1,2
2021-07-03 10:45:16,0,0,0,0
2021-07-03 10:45:18,2,0,0,2
2021-07-03 10:45:19,0,0,0,0
2021-07-03 10:45:20,0,0,0,0
2021-07-03 10:45:21,0,0,0,0
2021-07-03 10:45:23,0,0,0,0
2021-07-03 10:45:24,1,0,1,2
2021-07-03 10:45:25,0,0,0,0
2021-07-03 10:45:26,3,0,0,3
2021-07-03 10:45:27,2,0,1,3
2021-07-03 10:45:28,0,0,0,0
2021-07-03 10:45:30,0,0,0,0
2021-07-03 10:45:32,1,0,1,2
2021-07-03 10:45:33,0,0,0,0
2021-07-03 10:45:35,0,0,0,0
2021-07-03 10:45:37,3,0,0,3
2021-07-03 10:45:38,1,0,2,3
2021-07-03 10:45:39,7,0,1,8
2021-07-03 10:45:40,2,0,0,2
2021-07-03 10:45:41,2,0,1,3
2021-07-03 10:45:43,6,0,2,8
2021-07-03 10:45:45,276,4,62,342
2021-07-03 10:45:46,1,0,0,1
2021-07-03 10:45:47,3,0,0,3
2021-07-03 10:45:48,2,0,1,3
2021-07-03 10:45:49,0,0,0,0
2021-07-03 10:45:51,0,0,0,0
2021-07-03 10:45:52,0,0,1,1
2021-07-03 10:45:53,1,0,0,1
2021-07-03 10:45:54,0,0,0,0
2021-07-03 10:45:55,13,0,3,16
2021-07-03 10:45:56,0,0,0,0
2021-07-03 10:45:57,2,0,0,2
2021-07-03 10:45:58,1,0,0,1
2021-07-03 10:46:00,0,0,0,0
2021-07-03 10:46:03,1,0,0,1
2021-07-03 10:46:04,50,1,6,57
2021-07-03 10:46:05,1,0,0,1
2021-07-03 10:46:06,1,0,0,1
2021-07-03 10:46:07,0,0,0,0
2021-07-03 10:46:09,0,0,0,0
2021-07-03 10:46:10,0,0,0,0
2021-07-03 10:46:12,2,0,1,3
2021-07-03 10:46:13,14,1,0,15
2021-07-03 10:46:14,520,15,111,646
2021-07-03 10:46:15,1,0,0,1
2021-07-03 10:46:16,0,0,0,0
2021-07-03 10:46:17,4,0,1,5
2021-07-03 10:46:18,12,2,4,18
2021-07-03 10:46:19,1124,34,324,1482
2021-07-03 10:46:20,1,0,0,1
2021-07-03 10:46:21,1,0,0,1
2021-07-03 10:46:22,0,0,0,0
2021-07-03 10:46:23,5,1,5,11
2021-07-03 10:46:25,1,0,0,1
2021-07-03 10:46:26,1,0,1,2
2021-07-03 10:46:27,20,0,2,22
2021-07-03 10:46:28,11,1,1,13
2021-07-03 10:46:29,0,0,0,0
2021-07-03 10:46:30,2,0,1,3
2021-07-03 10:46:31,0,0,0,0
2021-07-03 10:46:32,0,0,0,0
2021-07-03 10:46:33,0,0,0,0
2021-07-03 10:46:36,0,0,0,0
2021-07-03 10:46:38,0,1,0,1
2021-07-03 10:46:39,9,0,2,11
2021-07-03 10:46:40,0,0,0,0
2021-07-03 10:46:41,28,0,8,36
2021-07-03 10:46:42,6,1,1,8
2021-07-03 10:46:43,110,6,29,145
2021-07-03 10:46:45,1,0,0,1
2021-07-03 10:46:46,0,0,1,1
2021-07-03 10:46:47,2,0,0,2
2021-07-03 10:46:48,0,0,0,0
2021-07-03 10:46:50,6,0,0,6
2021-07-03 10:46:51,0,0,0,0
2021-07-03 10:46:55,37,0,13,50
2021-07-03 10:46:58,1,0,0,1
2021-07-03 10:46:59,0,0,0,0
2021-07-03 10:47:00,7,1,1,9
2021-07-03 10:47:01,1,0,0,1
2021-07-03 10:47:02,13,0,3,16
2021-07-03 10:47:03,1,0,0,1
2021-07-03 10:47:04,66,4,15,85
2021-07-03 10:47:05,9,2,1,12
2021-07-03 10:47:06,0,0,0,0
2021-07-03 10:47:07,212,5,41,258
2021-07-03 10:47:10,1,0,0,1
2021-07-03 10:47:12,267,3,61,331
2021-07-03 10:47:14,1,0,0,1
2021-07-03 10:47:16,1,0,1,2
2021-07-03 10:47:17,5,0,3,8
2021-07-03 10:47:18,25,0,2,27
2021-07-03 10:47:20,53,1,10,64
2021-07-03 10:47:21,17,3,3,23
2021-07-03 10:47:22,2,0,0,2
2021-07-03 10:47:23,17,0,1,18
2021-07-03 10:47:24,0,0,0,0
2021-07-03 10:47:25,9,2,0,11
2021-07-03 10:47:26,0,0,0,0
2021-07-03 10:47:27,3,0,0,3
2021-07-03 10:47:29,2,0,1,3
2021-07-03 10:47:30,4,0,1,5
2021-07-03 10:47:32,11,0,0,11
2021-07-03 10:47:33,59,2,16,77
2021-07-03 10:47:34,6,0,3,9
2021-07-03 10:47:35,118,2,37,157
2021-07-03 10:47:36,0,0,0,0
2021-07-03 10:47:37,0,0,0,0
2021-07-03 10:47:39,0,0,0,0
2021-07-03 10:47:40,2,0,0,2
2021-07-03 10:47:41,0,0,0,0
2021-07-03 10:47:43,0,0,0,0
2021-07-03 10:47:44,50,5,19,74
2021-07-03 10:47:45,4,0,0,4
2021-07-03 10:47:46,3,0,0,3
2021-07-03 10:47:47,0,0,0,0
2021-07-03 10:47:48,3,0,3,6
2021-07-03 10:47:49,0,0,0,0
2021-07-03 10:47:50,19,0,2,21
2021-07-03 10:47:52,4,1,2,7
2021-07-03 10:47:53,0,0,0,0
2021-07-03 10:47:57,2,0,0,2
2021-07-03 10:47:58,0,0,0,0
2021-07-03 10:48:00,47,0,13,60
2021-07-03 10:48:01,0,0,0,0
2021-07-03 10:48:02,15,0,4,19
2021-07-03 10:48:03,0,0,0,0
2021-07-03 10:48:05,1,0,0,1
2021-07-03 10:48:06,4,1,1,6
2021-07-03 10:48:07,0,0,0,0
2021-07-03 10:48:09,12,0,2,14
2021-07-03 10:48:10,0,0,0,0
2021-07-03 10:48:12,5,0,2,7
2021-07-03 10:48:13,1,0,1,2
2021-07-03 10:48:14,0,0,0,0
2021-07-03 10:48:15,55,1,9,65
2021-07-03 10:48:16,0,2,0,2
2021-07-03 10:48:19,1,0,0,1
2021-07-03 10:48:20,0,0,0,0
2021-07-03 10:48:21,0,0,0,0
2021-07-03 10:48:22,0,0,0,0
2021-07-03 10:48:23,1,0,0,1
2021-07-03 10:48:25,2,0,0,2
2021-07-03 10:48:26,7,0,2,9
2021-07-03 10:48:30,1,0,0,1
2021-07-03 10:48:31,1,0,0,1
2021-07-03 10:48:33,0,0,0,0
2021-07-03 10:48:34,10,2,2,14
2021-07-03 10:48:36,0,0,0,0
2021-07-03 10:48:37,0,0,0,0
2021-07-03 10:48:38,0,0,0,0
2021-07-03 10:48:39,0,0,0,0
2021-07-03 10:48:43,2,0,0,2
2021-07-03 10:48:44,0,1,0,1
2021-07-03 10:48:45,0,0,0,0
2021-07-03 10:48:46,50,3,17,70
2021-07-03 10:48:48,2,0,1,3
2021-07-03 10:48:49,360,16,90,466
2021-07-03 10:48:50,1,0,0,1
2021-07-03 10:48:51,141,5,50,196
2021-07-03 10:48:52,0,0,0,0
2021-07-03 10:48:53,0,0,0,0
2021-07-03 10:48:54,1,0,0,1
2021-07-03 10:48:56,0,0,0,0
2021-07-03 10:48:57,52,0,12,64
2021-07-03 10:48:58,0,1,0,1
2021-07-03 10:48:59,0,0,0,0
2021-07-03 10:49:00,1,0,0,1
2021-07-03 10:49:01,4003,96,916,5015
2021-07-03 10:49:04,2,0,0,2
2021-07-03 10:49:05,0,0,0,0
2021-07-03 10:49:07,0,0,0,0
2021-07-03 10:49:08,0,0,0,0
2021-07-03 10:49:09,91,1,16,108
2021-07-03 10:49:10,657,28,62,747
2021-07-03 10:49:11,0,0,0,0
2021-07-03 10:49:12,1,0,0,1
2021-07-03 10:49:13,26,0,9,35
2021-07-03 10:49:14,249,2,47,298
2021-07-03 10:49:15,0,0,0,0
2021-07-03 10:49:16,0,0,0,0
2021-07-03 10:49:18,8,0,1,9
2021-07-03 10:49:19,0,0,0,0
2021-07-03 10:49:22,10,0,1,11
2021-07-03 10:49:23,1,0,1,2
2021-07-03 10:49:25,0,0,0,0
2021-07-03 10:49:26,0,0,0,0
2021-07-03 10:49:27,67,0,19,86
2021-07-03 10:49:29,7,0,1,8
2021-07-03 10:49:30,1,0,0,1
2021-07-03 10:49:31,2,0,0,2
2021-07-03 10:49:33,1,0,0,1
2021-07-03 10:49:34,1,0,0,1
2021-07-03 10:49:36,4,0,0,4
2021-07-03 10:49:37,5,0,1,6
2021-07-03 10:49:38,124,0,6,130
2021-07-03 10:49:40,0,0,0,0
2021-07-03 10:49:41,2,0,0,2
2021-07-03 10:49:42,46,1,13,60
2021-07-03 10:49:43,0,0,0,0
2021-07-03 10:49:44,31,1,3,35
2021-07-03 10:49:45,0,0,0,0
2021-07-03 10:49:46,5,2,2,9
2021-07-03 10:49:47,41,6,3,50
2021-07-03 10:49:48,2,0,0,2
2021-07-03 10:49:49,150,6,40,196
2021-07-03 10:49:50,2,0,0,2
2021-07-03 10:49:51,1,0,0,1
2021-07-03 10:49:52,2,0,0,2
2021-07-03 10:49:53,14,0,7,21
2021-07-03 10:49:54,6,2,1,9
2021-07-03 10:49:55,1,0,0,1
2021-07-03 10:49:56,0,0,0,0
2021-07-03 10:49:57,2,0,0,2
2021-07-03 10:49:58,88,4,32,124
2021-07-03 10:50:00,6,1,2,9
2021-07-03 10:50:01,0,0,0,0
2021-07-03 10:50:02,4,0,0,4
2021-07-03 10:50:04,1,0,0,1
2021-07-03 10:50:06,5,0,1,6
2021-07-03 10:50:07,1,0,0,1
2021-07-03 10:50:09,4,0,1,5
2021-07-03 10:50:10,49,3,6,58
2021-07-03 10:50:11,56,1,10,67
2021-07-03 10:50:12,4,0,1,5
2021-07-03 10:50:13,0,0,0,0
2021-07-03 10:50:14,0,0,0,0
2021-07-03 10:50:15,0,0,0,0
2021-07-03 10:50:16,1,0,0,1
2021-07-03 10:50:18,13,1,3,17
2021-07-03 10:50:19,1,0,2,3
2021-07-03 10:50:21,2,0,0,2
2021-07-03 10:50:22,0,0,0,0
2021-07-03 10:50:23,8,1,1,10
2021-07-03 10:50:24,17,1,4,22
2021-07-03 10:50:28,0,0,0,0
2021-07-03 10:50:29,3,0,0,3
2021-07-03 10:50:30,2,0,0,2
2021-07-03 10:50:31,0,0,0,0
2021-07-03 10:50:32,3,0,0,3
2021-07-03 10:50:33,0,0,0,0
2021-07-03 10:50:34,48,0,16,64
2021-07-03 10:50:35,0,0,0,0
2021-07-03 10:50:36,0,0,0,0
2021-07-03 10:50:37,1,0,1,2
2021-07-03 10:50:38,0,0,0,0
2021-07-03 10:50:39,0,0,0,0
2021-07-03 10:50:40,0,0,0,0
2021-07-03 10:50:41,2,1,0,3
2021-07-03 10:50:42,1,0,0,1
2021-07-03 10:50:43,0,0,0,0
2021-07-03 10:50:44,7,0,1,8
2021-07-03 10:50:45,0,1,0,1
2021-07-03 10:50:46,0,0,0,0
2021-07-03 10:50:47,0,0,0,0
2021-07-03 10:50:48,0,0,0,0
2021-07-03 10:50:51,22,0,7,29
2021-07-03 10:50:53,1,0,0,1
2021-07-03 10:50:55,7,1,3,11
2021-07-03 10:50:56,10,0,6,16
2021-07-03 10:50:58,0,0,0,0
2021-07-03 10:50:59,3,2,2,7
2021-07-03 10:51:00,39,3,12,54
2021-07-03 10:51:05,19,0,0,19
2021-07-03 10:51:06,2,0,0,2
2021-07-03 10:51:07,4,0,1,5
2021-07-03 10:51:09,42,1,12,55
2021-07-03 10:51:10,0,0,0,0
2021-07-03 10:51:11,7,0,1,8
2021-07-03 10:51:12,93,4,31,128
2021-07-03 10:51:14,0,0,0,0
2021-07-03 10:51:15,16,1,6,23
2021-07-03 10:51:17,3,0,0,3
2021-07-03 10:51:18,4,0,1,5
2021-07-03 10:51:19,96,1,14,111
2021-07-03 10:51:20,1,0,0,1
2021-07-03 10:51:22,12,0,3,15
2021-07-03 10:51:23,5,0,0,5
2021-07-03 10:51:27,0,0,0,0
2021-07-03 10:51:28,1,0,0,1
2021-07-03 10:51:29,55,2,19,76
2021-07-03 10:51:30,3,0,1,4
2021-07-03 10:51:31,2,0,0,2
2021-07-03 10:51:32,1,0,0,1
2021-07-03 10:51:33,0,0,2,2
2021-07-03 10:51:34,0,0,0,0
2021-07-03 10:51:35,0,0,0,0
2021-07-03 10:51:36,2,0,1,3
2021-07-03 10:51:37,0,0,0,0
2021-07-03 10:51:39,389,8,86,483
2021-07-03 10:51:42,3,0,1,4
2021-07-03 10:51:43,20,3,1,24
2021-07-03 10:51:44,3,0,1,4
2021-07-03 10:51:46,5,0,2,7
2021-07-03 10:51:48,1,0,0,1
2021-07-03 10:51:49,0,0,0,0
2021-07-03 10:51:50,159,4,30,193
2021-07-03 10:51:52,4,0,1,5
2021-07-03 10:51:54,0,0,0,0
2021-07-03 10:51:55,39,1,7,47
2021-07-03 10:51:56,4,0,0,4
2021-07-03 10:51:57,6,0,2,8
2021-07-03 10:51:59,3,0,1,4
2021-07-03 10:52:00,1,0,0,1
2021-07-03 10:52:01,0,0,0,0
2021-07-03 10:52:02,8,0,3,11
2021-07-03 10:52:03,18,2,0,20
2021-07-03 10:52:04,5,0,0,5
2021-07-03 10:52:05,75,4,19,98
2021-07-03 10:52:06,2,0,1,3
2021-07-03 10:52:07,6,0,2,8
2021-07-03 10:52:10,0,0,0,0
2021-07-03 10:52:11,1,0,0,1
2021-07-03 10:52:12,4,0,0,4
2021-07-03 10:52:13,0,0,0,0
2021-07-03 10:52:14,1,0,0,1
2021-07-03 10:52:15,0,1,0,1
2021-07-03 10:52:18,1,0,0,1
2021-07-03 10:52:19,15,2,5,22
2021-07-03 10:52:20,19,0,4,23
2021-07-03 10:52:21,0,0,0,0
2021-07-03 10:52:22,0,0,0,0
2021-07-03 10:52:23,1,1,0,2
2021-07-03 10:52:24,0,0,0,0
2021-07-03 10:52:25,2,0,2,4
2021-07-03 10:52:26,0,0,0,0
2021-07-03 10:52:27,148,5,39,192
2021-07-03 10:52:29,49,2,4,55
2021-07-03 10:52:31,0,0,1,1
2021-07-03 10:52:33,2,0,1,3
2021-07-03 10:52:34,13,2,4,19
2021-07-03 10:52:35,2,0,0,2
2021-07-03 10:52:37,0,0,0,0
2021-07-03 10:52:38,1,0,0,1
2021-07-03 10:52:40,0,0,0,0
2021-07-03 10:52:44,1,1,0,2
2021-07-03 10:52:48,0,0,0,0
2021-07-03 10:52:49,1,0,0,1
2021-07-03 10:52:51,0,0,0,0
2021-07-03 10:52:52,1,0,0,1
2021-07-03 10:52:53,19,0,8,27
2021-07-03 10:52:54,0,0,0,0
2021-07-03 10:52:55,7,0,2,9
2021-07-03 10:52:56,2,1,1,4
2021-07-03 10:52:57,11,1,2,14
2021-07-03 10:52:58,5,0,3,8
2021-07-03 10:53:00,20,3,5,28
2021-07-03 10:53:01,1,0,0,1
2021-07-03 10:53:02,1,0,0,1
2021-07-03 10:53:03,3,0,2,5
2021-07-03 10:53:04,0,0,0,0
2021-07-03 10:53:05,24,0,8,32
2021-07-03 10:53:06,62,1,16,79
2021-07-03 10:53:07,9,0,3,12
2021-07-03 10:53:09,8,0,2,10
2021-07-03 10:53:10,3,0,2,5
2021-07-03 10:53:11,0,0,0,0
2021-07-03 10:53:13,117,1,10,128
2021-07-03 10:53:14,1,0,0,1
2021-07-03 10:53:15,1,1,0,2
2021-07-03 10:53:16,1,0,1,2
2021-07-03 10:53:19,997,30,194,1221
2021-07-03 10:53:20,519,12,153,684
2021-07-03 10:53:22,3,0,0,3
2021-07-03 10:53:23,1,0,0,1
2021-07-03 10:53:24,6,2,0,8
2021-07-03 10:53:25,18,2,5,25
2021-07-03 10:53:27,19,0,2,21
2021-07-03 10:53:28,38,2,12,52
2021-07-03 10:53:29,43,0,13,56
2021-07-03 10:53:30,0,0,0,0
2021-07-03 10:53:31,0,0,0,0
2021-07-03 10:53:32,17,0,5,22
2021-07-03 10:53:33,2,0,0,2
2021-07-03 10:53:34,0,0,0,0
2021-07-03 10:53:35,0,0,0,0
2021-07-03 10:53:36,0,0,0,0
2021-07-03 10:53:38,1,0,0,1
2021-07-03 10:53:39,0,0,0,0
2021-07-03 10:53:40,3,1,0,4
2021-07-03 10:53:41,1,0,0,1
2021-07-03 10:53:42,0,0,0,0
2021-07-03 10:53:43,4,0,1,5
2021-07-03 10:53:44,496,8,83,587
2021-07-03 10:53:45,26,3,9,38
2021-07-03 10:53:47,8,0,4,12
2021-07-03 10:53:48,0,0,0,0
2021-07-03 10:53:49,0,0,0,0
2021-07-03 10:53:50,0,0,0,0
2021-07-03 10:53:51,2091,153,546,2790
2021-07-03 10:53:52,6,0,3,9
2021-07-03 10:53:53,2,0,0,2
2021-07-03 10:53:55,0,0,0,0
2021-07-03 10:53:56,38,0,10,48
2021-07-03 10:54:00,34,0,15,49
2021-07-03 10:54:01,101,4,26,131
2021-07-03 10:54:02,0,0,0,0
2021-07-03 10:54:03,0,0,0,0
2021-07-03 10:54:04,0,0,0,0
2021-07-03 10:54:07,3,0,0,3
2021-07-03 10:54:08,0,0,0,0
2021-07-03 10:54:09,1,0,0,1
2021-07-03 10:54:10,78,1,16,95
2021-07-03 10:54:11,13,0,2,15
2021-07-03 10:54:12,0,0,0,0
2021-07-03 10:54:13,4,0,0,4
2021-07-03 10:54:14,18,1,4,23
2021-07-03 10:54:16,52,3,9,64
2021-07-03 10:54:17,12,2,4,18
2021-07-03 10:54:19,6,0,0,6
2021-07-03 10:54:21,38,0,11,49
2021-07-03 10:54:22,3,1,0,4
2021-07-03 10:54:23,1,0,1,2
2021-07-03 10:54:24,0,0,0,0
2021-07-03 10:54:25,8,1,0,9
2021-07-03 10:54:26,3,1,0,4
2021-07-03 10:54:27,0,0,0,0
2021-07-03 10:54:28,0,0,0,0
2021-07-03 10:54:30,440,10,80,530
2021-07-03 10:54:31,2,0,1,3
2021-07-03 10:54:32,18,0,3,21
2021-07-03 10:54:34,33,0,12,45
2021-07-03 10:54:36,0,0,0,0
2021-07-03 10:54:37,1,0,0,1
2021-07-03 10:54:42,0,0,0,0
2021-07-03 10:54:43,0,0,0,0
2021-07-03 10:54:45,0,0,0,0
2021-07-03 10:54:46,0,0,0,0
2021-07-03 10:54:47,0,0,0,0
2021-07-03 10:54:48,0,0,0,0
2021-07-03 10:54:50,2,0,0,2
2021-07-03 10:54:51,4,0,0,4
2021-07-03 10:54:52,0,0,0,0
2021-07-03 10:54:53,5,0,1,6
2021-07-03 10:54:54,0,0,0,0
2021-07-03 10:54:55,0,0,0,0
2021-07-03 10:54:56,1,0,0,1
2021-07-03 10:54:57,0,0,0,0
2021-07-03 10:54:58,2,0,0,2
2021-07-03 10:54:59,5,0,1,6
2021-07-03 10:55:00,206,12,62,280
2021-07-03 10:55:01,1,0,0,1
2021-07-03 10:55:02,2,0,0,2
2021-07-03 10:55:03,2,1,1,4
2021-07-03 10:55:06,0,0,0,0
2021-07-03 10:55:07,1,0,0,1
2021-07-03 10:55:08,33,1,8,42
2021-07-03 10:55:09,3,2,2,7
2021-07-03 10:55:10,0,0,0,0
2021-07-03 10:55:11,3,0,0,3
2021-07-03 10:55:13,0,0,0,0
2021-07-03 10:55:16,0,0,0,0
2021-07-03 10:55:17,1,0,1,2
2021-07-03 10:55:18,2,0,0,2
2021-07-03 10:55:19,0,0,0,0
2021-07-03 10:55:20,0,0,0,0
2021-07-03 10:55:21,1,0,0,1
2021-07-03 10:55:25,0,0,0,0
2021-07-03 10:55:26,2,0,0,2
2021-07-03 10:55:27,1,0,0,1
2021-07-03 10:55:28,1,0,1,2
2021-07-03 10:55:29,2,2,0,4
2021-07-03 10:55:30,9,1,0,10
2021-07-03 10:55:34,6,0,3,9
2021-07-03 10:55:37,2,0,0,2
2021-07-03 10:55:38,19,0,2,21
2021-07-03 10:55:39,0,0,0,0
2021-07-03 10:55:40,3,0,2,5
2021-07-03 10:55:43,0,0,0,0
2021-07-03 10:55:44,12,0,4,16
2021-07-03 10:55:47,1,0,1,2
2021-07-03 10:55:49,172,1,20,193
2021-07-03 10:55:50,108,5,32,145
2021-07-03 10:55:52,0,1,0,1
2021-07-03 10:55:53,0,0,0,0
2021-07-03 10:55:55,7,0,4,11
2021-07-03 10:55:56,5,0,2,7
2021-07-03 10:55:58,0,0,0,0
2021-07-03 10:56:00,3,0,1,4
2021-07-03 10:56:01,0,0,0,0
2021-07-03 10:56:02,1,0,0,1
2021-07-03 10:56:03,9,0,1,10
2021-07-03 10:56:05,0,0,0,0
2021-07-03 10:56:08,70,2,10,82
2021-07-03 10:56:09,1,0,0,1
2021-07-03 10:56:10,60,1,16,77
2021-07-03 10:56:11,0,0,0,0
2021-07-03 10:56:12,1,0,0,1
2021-07-03 10:56:13,1,0,0,1
2021-07-03 10:56:15,3150,82,961,4193
2021-07-03 10:56:17,0,0,0,0
2021-07-03 10:56:18,54,0,12,66
2021-07-03 10:56:20,18,0,7,25
2021-07-03 10:56:23,423,11,58,492
2021-07-03 10:56:24,0,0,0,0
2021-07-03 10:56:26,4,0,2,6
2021-07-03 10:56:27,0,0,0,0
2021-07-03 10:56:29,3,0,0,3
2021-07-03 10:56:30,0,0,0,0
2021-07-03 10:56:31,0,0,0,0
2021-07-03 10:56:32,1,0,0,1
2021-07-03 10:56:34,493,12,69,574
2021-07-03 10:56:35,6,0,3,9
2021-07-03 10:56:36,2,0,0,2
2021-07-03 10:56:37,0,0,0,0
2021-07-03 10:56:41,53,0,19,72
2021-07-03 10:56:43,2,0,0,2
2021-07-03 10:56:44,1,1,0,2
2021-07-03 10:56:45,8,2,1,11
2021-07-03 10:56:46,28,0,7,35
2021-07-03 10:56:48,3,0,0,3
2021-07-03 10:56:49,2,0,0,2
2021-07-03 10:56:50,0,0,0,0
2021-07-03 10:56:51,0,0,0,0
2021-07-03 10:56:52,0,0,1,1
2021-07-03 10:56:54,1,0,0,1
2021-07-03 10:56:57,47,2,11,60
2021-07-03 10:56:58,2,0,0,2
2021-07-03 10:57:00,22,0,7,29
2021-07-03 10:57:01,1,0,0,1
2021-07-03 10:57:02,0,0,0,0
2021-07-03 10:57:05,0,0,0,0
2021-07-03 10:57:06,9,1,1,11
2021-07-03 10:57:07,0,0,0,0
2021-07-03 10:57:09,1,0,0,1
2021-07-03 10:57:10,2,0,0,2
2021-07-03 10:57:11,1,0,0,1
2021-07-03 10:57:12,118,5,39,162
2021-07-03 10:57:13,1,0,0,1
2021-07-03 10:57:14,11,0,0,11
2021-07-03 10:57:15,1,0,0,1
2021-07-03 10:57:16,4,0,1,5
2021-07-03 10:57:17,4,0,0,4
2021-07-03 10:57:18,0,1,0,1
2021-07-03 10:57:19,1,0,0,1
2021-07-03 10:57:21,2231,57,371,2659
2021-07-03 10:57:22,0,0,0,0
2021-07-03 10:57:23,0,0,0,0
2021-07-03 10:57:24,14,2,2,18
2021-07-03 10:57:28,61,3,3,67
2021-07-03 10:57:29,0,0,0,0
2021-07-03 10:57:30,0,0,0,0
2021-07-03 10:57:31,16,0,3,19
2021-07-03 10:57:33,1,0,0,1
2021-07-03 10:57:34,24,1,8,33
2021-07-03 10:57:36,0,0,0,0
2021-07-03 10:57:37,0,0,0,0
2021-07-03 10:57:38,30,2,10,42
2021-07-03 10:57:40,1,0,0,1
2021-07-03 10:57:42,2,0,1,3
2021-07-03 10:57:44,0,1,0,1
2021-07-03 10:57:45,0,0,0,0
2021-07-03 10:57:46,0,0,0,0
2021-07-03 10:57:47,4,0,0,4
2021-07-03 10:57:49,0,0,0,0
2021-07-03 10:57:50,493,18,111,622
2021-07-03 10:57:51,1,0,0,1
2021-07-03 10:57:52,5,0,0,5
2021-07-03 10:57:53,2,0,0,2
2021-07-03 10:57:55,11,0,4,15
2021-07-03 10:57:56,2,0,0,2
2021-07-03 10:57:58,3,2,3,8
2021-07-03 10:57:59,2,0,0,2
2021-07-03 10:58:00,3,0,1,4
2021-07-03 10:58:03,0,0,0,0
2021-07-03 10:58:04,1,0,0,1
2021-07-03 10:58:07,0,0,0,0
2021-07-03 10:58:08,2,0,0,2
2021-07-03 10:58:10,1,0,0,1
2021-07-03 10:58:11,1,0,0,1
2021-07-03 10:58:12,3,1,0,4
2021-07-03 10:58:14,0,0,0,0
2021-07-03 10:58:15,1,1,0,2
2021-07-03 10:58:16,3,0,2,5
2021-07-03 10:58:18,0,0,1,1
2021-07-03 10:58:19,2,0,0,2
2021-07-03 10:58:20,0,0,0,0
2021-07-03 10:58:21,1,0,0,1
2021-07-03 10:58:22,3,0,1,4
2021-07-03 10:58:23,0,0,0,0
2021-07-03 10:58:24,1,0,0,1
2021-07-03 10:58:25,0,0,0,0
2021-07-03 10:58:27,5,0,0,5
2021-07-03 10:58:28,34,1,10,45
2021-07-03 10:58:29,2,0,2,4
2021-07-03 10:58:30,0,0,0,0
2021-07-03 10:58:31,5,1,0,6
2021-07-03 10:58:33,0,0,0,0
2021-07-03 10:58:34,0,0,0,0
2021-07-03 10:58:35,93,11,24,128
2021-07-03 10:58:37,5,0,0,5
2021-07-03 10:58:38,13,0,1,14
2021-07-03 10:58:39,16,2,5,23
2021-07-03 10:58:42,0,0,0,0
2021-07-03 10:58:43,4,0,1,5
2021-07-03 10:58:44,3,0,0,3
2021-07-03 10:58:45,6,0,1,7
2021-07-03 10:58:46,2,0,0,2
2021-07-03 10:58:47,3,0,0,3
2021-07-03 10:58:54,1015,32,216,1263
2021-07-03 10:58:55,434,10,110,554
2021-07-03 10:58:56,2,0,0,2
2021-07-03 10:58:58,1,0,1,2
2021-07-03 10:58:59,6,0,0,6
2021-07-03 10:59:00,0,0,0,0
2021-07-03 10:59:01,13,2,4,19
2021-07-03 10:59:02,1,0,0,1
2021-07-03 10:59:04,1688,43,287,2018
2021-07-03 10:59:05,4,0,0,4
2021-07-03 10:59:07,54,0,10,64
2021-07-03 10:59:08,8,1,2,11
2021-07-03 10:59:09,26,0,10,36
2021-07-03 10:59:12,1,0,1,2
2021-07-03 10:59:13,0,0,0,0
2021-07-03 10:59:16,0,0,0,0
2021-07-03 10:59:17,0,0,0,0
2021-07-03 10:59:18,41,2,9,52
2021-07-03 10:59:19,1,0,0,1
2021-07-03 10:59:20,1,0,0,1
2021-07-03 10:59:21,65,1,3,69
2021-07-03 10:59:22,22,1,6,29
2021-07-03 10:59:24,6,0,0,6
2021-07-03 10:59:25,45,1,9,55
2021-07-03 10:59:26,23,1,5,29
2021-07-03 10:59:27,7,1,5,13
2021-07-03 10:59:28,40,1,18,59
2021-07-03 10:59:31,0,0,0,0
2021-07-03 10:59:32,123,8,32,163
2021-07-03 10:59:33,0,0,0,0
2021-07-03 10:59:34,37,3,6,46
2021-07-03 10:59:35,2,0,1,3
2021-07-03 10:59:38,2,0,1,3
2021-07-03 10:59:39,4,0,2,6
2021-07-03 10:59:40,64,4,12,80
2021-07-03 10:59:41,1,0,0,1
2021-07-03 10:59:42,2,0,0,2
2021-07-03 10:59:44,6,0,3,9
2021-07-03 10:59:45,43,2,15,60
2021-07-03 10:59:46,2,0,1,3
2021-07-03 10:59:48,0,0,0,0
2021-07-03 10:59:50,1,0,1,2
2021-07-03 10:59:51,1,0,0,1
2021-07-03 10:59:52,4,0,0,4
2021-07-03 10:59:55,18,2,2,22
2021-07-03 10:59:58,1,0,1,2
2021-07-03 11:00:00,43,3,11,57
2021-07-03 11:00:01,40,3,8,51
2021-07-03 11:00:02,15,0,6,21
2021-07-03 11:00:04,3,0,2,5
2021-07-03 11:00:07,72,0,30,102
2021-07-03 11:00:08,1,0,0,1
2021-07-03 11:00:10,0,0,0,0
2021-07-03 11:00:11,144,8,42,194
2021-07-03 11:00:12,4,0,0,4
2021-07-03 11:00:13,1,0,0,1
2021-07-03 11:00:14,0,0,0,0
2021-07-03 11:00:16,183,8,37,228
2021-07-03 11:00:19,2,0,1,3
2021-07-03 11:00:20,12,0,2,14
2021-07-03 11:00:21,0,0,0,0
2021-07-03 11:00:22,16,0,0,16
2021-07-03 11:00:23,57,0,22,79
2021-07-03 11:00:25,3,0,0,3
2021-07-03 11:00:29,1,0,2,3
2021-07-03 11:00:30,12,0,3,15
2021-07-03 11:00:31,0,0,0,0
2021-07-03 11:00:34,0,0,0,0
2021-07-03 11:00:36,1,0,0,1
2021-07-03 11:00:37,1,0,0,1
2021-07-03 11:00:38,147,4,43,194
2021-07-03 11:00:40,26,0,6,32
2021-07-03 11:00:41,3,0,0,3
2021-07-03 11:00:43,2,0,0,2
2021-07-03 11:00:44,2,1,0,3
2021-07-03 11:00:45,4,1,1,6
2021-07-03 11:00:46,1,0,0,1
2021-07-03 11:00:48,4,0,3,7
2021-07-03 11:00:49,5,0,3,8
2021-07-03 11:00:50,1,1,2,4
2021-07-03 11:00:51,11,1,3,15
2021-07-03 11:00:53,60,4,15,79
2021-07-03 11:00:54,9,0,5,14
2021-07-03 11:00:56,1,0,0,1
2021-07-03 11:00:57,53,1,25,79
2021-07-03 11:01:01,3,0,3,6
2021-07-03 11:01:03,21,1,6,28
2021-07-03 11:01:04,34,1,13,48
2021-07-03 11:01:06,3,0,2,5
2021-07-03 11:01:09,11,0,7,18
2021-07-03 11:01:10,10,0,7,17
2021-07-03 11:01:11,1,0,1,2
2021-07-03 11:01:12,0,0,1,1
2021-07-03 11:01:13,10,0,6,16
2021-07-03 11:01:14,36,0,18,54
2021-07-03 11:01:15,0,0,2,2
2021-07-03 11:01:16,0,0,1,1
2021-07-03 11:01:18,0,0,1,1
2021-07-03 11:01:19,2389,48,541,2978
2021-07-03 11:01:22,108,3,29,140
2021-07-03 11:01:23,0,0,1,1
2021-07-03 11:01:25,1,0,3,4
2021-07-03 11:01:26,12,1,8,21
2021-07-03 11:01:30,4,0,2,6
2021-07-03 11:01:31,1,0,1,2
2021-07-03 11:01:32,0,0,1,1
2021-07-03 11:01:33,0,0,2,2
2021-07-03 11:01:34,6,0,4,10
2021-07-03 11:01:35,4267,55,916,5238
2021-07-03 11:01:37,0,0,1,1
2021-07-03 11:01:39,0,0,2,2
2021-07-03 11:01:40,1,0,2,3
2021-07-03 11:01:41,1,0,1,2
2021-07-03 11:01:44,4,0,3,7
2021-07-03 11:01:45,0,0,1,1
2021-07-03 11:01:46,0,0,1,1
2021-07-03 11:01:47,5,0,7,12
2021-07-03 11:01:48,3,0,2,5
2021-07-03 11:01:50,1,0,1,2
2021-07-03 11:01:51,3,0,3,6
2021-07-03 11:01:52,8,0,5,13
2021-07-03 11:01:53,0,0,1,1
2021-07-03 11:01:54,5,0,2,7
2021-07-03 11:01:55,52,2,21,75
2021-07-03 11:01:56,1,0,2,3
2021-07-03 11:01:57,5,1,3,9
2021-07-03 11:01:58,250,9,58,317
2021-07-03 11:02:02,1,0,2,3
2021-07-03 11:02:03,2,0,3,5
2021-07-03 11:02:04,6,0,4,10
2021-07-03 11:02:06,2153,92,370,2615
2021-07-03 11:02:08,2,0,3,5
2021-07-03 11:02:10,1,0,2,3
2021-07-03 11:02:12,6,0,5,11
2021-07-03 11:02:14,9,1,8,18
2021-07-03 11:02:15,0,0,1,1
2021-07-03 11:02:16,4,0,3,7
2021-07-03 11:02:17,1,0,3,4
2021-07-03 11:02:18,220,15,52,287
2021-07-03 11:02:19,14,0,10,24
2021-07-03 11:02:21,3,0,4,7
2021-07-03 11:02:22,0,0,0,0
2021-07-03 11:02:24,0,0,0,0
2021-07-03 11:02:27,0,0,0,0
2021-07-03 11:02:28,0,0,0,0
2021-07-03 11:02:29,20,2,4,26
2021-07-03 11:02:30,0,0,0,0
2021-07-03 11:02:32,0,0,0,0
2021-07-03 11:02:35,1,0,0,1
2021-07-03 11:02:36,1,0,0,1
2021-07-03 11:02:37,112,0,16,128
2021-07-03 11:02:38,2,2,0,4
2021-07-03 11:02:39,0,0,0,0
2021-07-03 11:02:40,2,0,0,2
2021-07-03 11:02:41,7,0,0,7
2021-07-03 11:02:42,0,0,0,0
2021-07-03 11:02:44,0,0,0,0
2021-07-03 11:02:45,102,1,25,128
2021-07-03 11:02:46,3,0,1,4
2021-07-03 11:02:47,124,2,35,161
2021-07-03 11:02:50,68,0,19,87
2021-07-03 11:02:51,1,0,0,1
2021-07-03 11:02:52,1,0,1,2
2021-07-03 11:02:55,1,0,1,2
2021-07-03 11:02:56,0,0,0,0
2021-07-03 11:02:57,67,4,17,88
2021-07-03 11:02:58,0,0,0,0
2021-07-03 11:02:59,0,0,0,0
2021-07-03 11:03:00,37,1,15,53
2021-07-03 11:03:01,0,0,0,0
2021-07-03 11:03:03,1,0,0,1
2021-07-03 11:03:04,2,0,0,2
2021-07-03 11:03:05,2,0,0,2
2021-07-03 11:03:06,8,1,3,12
2021-07-03 11:03:08,5,0,1,6
2021-07-03 11:03:10,53,0,21,74
2021-07-03 11:03:13,1,0,0,1
2021-07-03 11:03:14,26,0,3,29
2021-07-03 11:03:15,0,0,0,0
2021-07-03 11:03:16,0,0,0,0
2021-07-03 11:03:17,0,0,0,0
2021-07-03 11:03:18,66,2,18,86
2021-07-03 11:03:19,44,1,1,46
2021-07-03 11:03:20,5,0,6,11
2021-07-03 11:03:21,5,0,2,7
2021-07-03 11:03:22,0,0,0,0
2021-07-03 11:03:23,86,5,23,114
2021-07-03 11:03:24,11,0,8,19
2021-07-03 11:03:25,51,1,20,72
2021-07-03 11:03:26,44,9,21,74
2021-07-03 11:03:27,15,0,6,21
2021-07-03 11:03:29,0,0,0,0
2021-07-03 11:03:30,0,0,0,0
2021-07-03 11:03:31,0,0,0,0
2021-07-03 11:03:32,0,0,0,0
2021-07-03 11:03:33,1,0,0,1
2021-07-03 11:03:34,3,0,0,3
2021-07-03 11:03:35,1,0,0,1
2021-07-03 11:03:36,37,0,10,47
2021-07-03 11:03:37,29,1,2,32
2021-07-03 11:03:38,177,8,46,231
2021-07-03 11:03:39,0,0,0,0
2021-07-03 11:03:40,1,2,1,4
2021-07-03 11:03:41,41,1,17,59
2021-07-03 11:03:43,0,0,0,0
2021-07-03 11:03:48,0,0,0,0
2021-07-03 11:03:49,0,0,0,0
2021-07-03 11:03:50,1,0,0,1
2021-07-03 11:03:51,0,0,0,0
2021-07-03 11:03:52,73,2,36,111
2021-07-03 11:03:54,18,2,7,27
2021-07-03 11:03:55,78,1,33,112
2021-07-03 11:03:56,121,0,17,138
2021-07-03 11:03:57,5,0,2,7
2021-07-03 11:03:59,0,0,0,0
2021-07-03 11:04:00,0,0,0,0
2021-07-03 11:04:02,0,0,0,0
2021-07-03 11:04:04,1,0,0,1
2021-07-03 11:04:06,70,1,17,88
2021-07-03 11:04:09,0,0,0,0
2021-07-03 11:04:11,21,0,2,23
2021-07-03 11:04:12,0,0,0,0
2021-07-03 11:04:14,0,0,0,0
2021-07-03 11:04:15,1,0,0,1
2021-07-03 11:04:16,9,0,2,11
2021-07-03 11:04:17,21,0,4,25
2021-07-03 11:04:18,1,0,1,2
2021-07-03 11:04:20,65,0,22,87
2021-07-03 11:04:21,5,0,1,6
2021-07-03 11:04:22,11,0,1,12
2021-07-03 11:04:23,0,0,0,0
2021-07-03 11:04:24,5377,1296,864,7537
2021-07-03 11:04:25,15,1,2,18
2021-07-03 11:04:28,5,0,1,6
2021-07-03 11:04:29,49,1,17,67
2021-07-03 11:04:31,1,0,1,2
2021-07-03 11:04:32,8,2,2,12
2021-07-03 11:04:33,3,0,2,5
2021-07-03 11:04:34,2,1,0,3
2021-07-03 11:04:36,2,1,2,5
2021-07-03 11:04:37,3,0,1,4
2021-07-03 11:04:38,10,1,1,12
2021-07-03 11:04:40,1,0,0,1
2021-07-03 11:04:41,2,0,1,3
2021-07-03 11:04:42,0,0,0,0
2021-07-03 11:04:43,6,0,0,6
2021-07-03 11:04:44,2,0,0,2
2021-07-03 11:04:45,1,0,0,1
2021-07-03 11:04:47,0,0,0,0
2021-07-03 11:04:49,5817,212,582,6611
2021-07-03 11:04:53,0,0,0,0
2021-07-03 11:04:54,2,0,1,3
2021-07-03 11:04:56,725,7,50,782
2021-07-03 11:04:58,0,0,0,0
2021-07-03 11:04:59,0,0,0,0
2021-07-03 11:05:00,180,5,61,246
2021-07-03 11:05:03,0,1,0,1
2021-07-03 11:05:04,22,0,5,27
2021-07-03 11:05:05,1,0,0,1
2021-07-03 11:05:06,4,0,1,5
2021-07-03 11:05:07,15,1,5,21
2021-07-03 11:05:08,1,0,1,2
2021-07-03 11:05:09,4,0,0,4
2021-07-03 11:05:11,140,2,41,183
2021-07-03 11:05:12,12,1,2,15
2021-07-03 11:05:14,3,0,0,3
2021-07-03 11:05:15,3,0,0,3
2021-07-03 11:05:16,0,0,0,0
2021-07-03 11:05:17,0,0,0,0
2021-07-03 11:05:18,4,0,0,4
2021-07-03 11:05:19,1,0,0,1
2021-07-03 11:05:20,1,1,0,2
2021-07-03 11:05:21,19,1,9,29
2021-07-03 11:05:23,47,0,11,58
2021-07-03 11:05:24,0,0,0,0
2021-07-03 11:05:25,7,0,2,9
2021-07-03 11:05:26,4,0,0,4
2021-07-03 11:05:27,2,0,0,2
2021-07-03 11:05:28,16,1,5,22
2021-07-03 11:05:29,0,4,1,5
2021-07-03 11:05:30,709,18,154,881
2021-07-03 11:05:32,0,0,0,0
2021-07-03 11:05:33,0,0,0,0
2021-07-03 11:05:34,2112,67,311,2490
2021-07-03 11:05:36,0,0,0,0
2021-07-03 11:05:37,0,0,0,0
2021-07-03 11:05:38,6,0,7,13
2021-07-03 11:05:39,4,0,2,6
2021-07-03 11:05:40,1464,28,222,1714
2021-07-03 11:05:43,0,0,0,0
2021-07-03 11:05:45,45,2,28,75
2021-07-03 11:05:46,108,3,22,133
2021-07-03 11:05:48,0,0,0,0
2021-07-03 11:05:50,8,0,3,11
2021-07-03 11:05:51,8,0,6,14
2021-07-03 11:05:52,0,0,0,0
2021-07-03 11:05:53,16,1,2,19
2021-07-03 11:05:54,0,0,0,0
2021-07-03 11:05:55,4,0,2,6
2021-07-03 11:05:56,90,2,12,104
2021-07-03 11:05:57,2,0,0,2
2021-07-03 11:05:58,367,9,77,453
2021-07-03 11:06:00,18,0,6,24
2021-07-03 11:06:02,3,0,0,3
2021-07-03 11:06:06,2,0,0,2
2021-07-03 11:06:07,1,0,0,1
2021-07-03 11:06:08,0,0,0,0
2021-07-03 11:06:09,7,1,2,10
2021-07-03 11:06:10,3,0,1,4
2021-07-03 11:06:11,5,0,2,7
2021-07-03 11:06:12,788,14,191,993
2021-07-03 11:06:14,5,0,1,6
2021-07-03 11:06:16,1,0,0,1
2021-07-03 11:06:17,2,0,0,2
2021-07-03 11:06:20,1,0,0,1
2021-07-03 11:06:21,2,0,0,2
2021-07-03 11:06:22,1,1,1,3
2021-07-03 11:06:25,0,0,0,0
2021-07-03 11:06:26,1,0,0,1
2021-07-03 11:06:27,139,3,6,148
2021-07-03 11:06:28,2,0,0,2
2021-07-03 11:06:29,1,0,0,1
2021-07-03 11:06:30,13,0,2,15
2021-07-03 11:06:31,4,0,0,4
2021-07-03 11:06:32,3,0,4,7
2021-07-03 11:06:33,4,0,0,4
2021-07-03 11:06:34,1,0,1,2
2021-07-03 11:06:35,1,0,0,1
2021-07-03 11:06:38,4,0,3,7
2021-07-03 11:06:39,1,0,1,2
2021-07-03 11:06:41,2,0,2,4
2021-07-03 11:06:42,0,0,0,0
2021-07-03 11:06:43,24,0,4,28
2021-07-03 11:06:44,3,0,0,3
2021-07-03 11:06:45,4,0,2,6
2021-07-03 11:06:47,0,0,0,0
2021-07-03 11:06:48,1,0,1,2
2021-07-03 11:06:51,51,3,7,61
2021-07-03 11:06:53,0,0,0,0
2021-07-03 11:06:57,3,0,0,3
2021-07-03 11:06:58,0,0,0,0
2021-07-03 11:06:59,1,0,0,1
2021-07-03 11:07:00,20,4,10,34
2021-07-03 11:07:02,1,0,0,1
2021-07-03 11:07:05,3,0,0,3
2021-07-03 11:07:06,3,0,0,3
2021-07-03 11:07:07,58,3,16,77
2021-07-03 11:07:08,0,0,0,0
2021-07-03 11:07:09,0,0,0,0
2021-07-03 11:07:11,4,0,6,10
2021-07-03 11:07:13,0,0,0,0
2021-07-03 11:07:14,0,0,0,0
2021-07-03 11:07:15,0,0,0,0
2021-07-03 11:07:16,1,0,1,2
2021-07-03 11:07:17,0,0,0,0
2021-07-03 11:07:18,7,0,5,12
2021-07-03 11:07:20,0,0,0,0
2021-07-03 11:07:21,1,0,1,2
2021-07-03 11:07:23,161,6,36,203
2021-07-03 11:07:24,2,0,0,2
2021-07-03 11:07:26,0,0,0,0
2021-07-03 11:07:27,0,0,0,0
2021-07-03 11:07:28,0,0,0,0
2021-07-03 11:07:29,0,0,0,0
2021-07-03 11:07:30,29,1,7,37
2021-07-03 11:07:33,0,0,0,0
2021-07-03 11:07:35,0,0,0,0
2021-07-03 11:07:36,19,0,6,25
2021-07-03 11:07:40,0,0,0,0
2021-07-03 11:07:41,8,4,2,14
2021-07-03 11:07:42,0,0,0,0
2021-07-03 11:07:43,1,0,1,2
2021-07-03 11:07:44,121,7,65,193
2021-07-03 11:07:45,49,3,11,63
2021-07-03 11:07:46,3,0,0,3
2021-07-03 11:07:48,0,0,2,2
2021-07-03 11:07:49,0,0,0,0
2021-07-03 11:07:50,7,0,2,9
2021-07-03 11:07:51,1,1,1,3
2021-07-03 11:07:52,0,2,0,2
2021-07-03 11:07:53,2,0,0,2
2021-07-03 11:07:54,4,0,0,4
2021-07-03 11:07:55,1,0,1,2
2021-07-03 11:07:57,99,2,25,126
2021-07-03 11:07:58,0,0,0,0
2021-07-03 11:08:02,2,0,2,4
2021-07-03 11:08:03,1,0,1,2
2021-07-03 11:08:06,12,4,5,21
2021-07-03 11:08:07,0,0,0,0
2021-07-03 11:08:08,2,0,1,3
2021-07-03 11:08:09,177,0,18,195
2021-07-03 11:08:10,28,1,4,33
2021-07-03 11:08:12,0,0,0,0
2021-07-03 11:08:13,11,1,4,16
2021-07-03 11:08:14,0,0,0,0
2021-07-03 11:08:18,0,0,0,0
2021-07-03 11:08:19,2,0,0,2
2021-07-03 11:08:20,0,0,0,0
2021-07-03 11:08:22,20,1,1,22
2021-07-03 11:08:23,6,1,3,10
2021-07-03 11:08:25,0,0,0,0
2021-07-03 11:08:27,15,0,2,17
2021-07-03 11:08:28,395,16,61,472
2021-07-03 11:08:29,1,0,0,1
2021-07-03 11:08:30,0,0,0,0
2021-07-03 11:08:31,0,0,0,0
2021-07-03 11:08:32,2,0,1,3
2021-07-03 11:08:33,0,0,0,0
2021-07-03 11:08:34,5,0,0,5
2021-07-03 11:08:36,5,0,2,7
2021-07-03 11:08:38,9,0,2,11
2021-07-03 11:08:40,15,0,5,20
2021-07-03 11:08:43,1,0,0,1
2021-07-03 11:08:45,1,0,0,1
2021-07-03 11:08:46,462,14,80,556
2021-07-03 11:08:47,0,0,0,0
2021-07-03 11:08:48,0,0,0,0
2021-07-03 11:08:49,0,0,0,0
2021-07-03 11:08:54,0,0,0,0
2021-07-03 11:08:55,0,0,0,0
2021-07-03 11:08:58,0,0,0,0
2021-07-03 11:08:59,0,0,0,0
2021-07-03 11:09:00,15,0,13,28
2021-07-03 11:09:01,77,1,13,91
2021-07-03 11:09:02,1,0,0,1
2021-07-03 11:09:04,1,0,0,1
2021-07-03 11:09:05,0,0,0,0
2021-07-03 11:09:06,31,1,14,46
2021-07-03 11:09:07,0,0,0,0
2021-07-03 11:09:08,10,0,3,13
2021-07-03 11:09:09,0,0,0,0
2021-07-03 11:09:10,0,0,0,0
2021-07-03 11:09:12,2,0,0,2
2021-07-03 11:09:13,1,0,1,2
2021-07-03 11:09:14,0,0,0,0
2021-07-03 11:09:15,0,0,0,0
2021-07-03 11:09:16,1336,24,117,1477
2021-07-03 11:09:17,0,0,0,0
2021-07-03 11:09:18,1,0,0,1
2021-07-03 11:09:19,0,0,0,0
2021-07-03 11:09:20,1,0,0,1
2021-07-03 11:09:21,14,0,9,23
2021-07-03 11:09:24,8,4,3,15
2021-07-03 11:09:26,53,0,7,60
2021-07-03 11:09:27,0,0,0,0
2021-07-03 11:09:28,0,0,0,0
2021-07-03 11:09:29,1,0,0,1
2021-07-03 11:09:30,0,0,0,0
2021-07-03 11:09:31,8,0,1,9
2021-07-03 11:09:32,0,0,0,0
2021-07-03 11:09:33,6,0,1,7
2021-07-03 11:09:34,1,0,1,2
2021-07-03 11:09:35,0,0,0,0
2021-07-03 11:09:36,3,0,1,4
2021-07-03 11:09:37,0,0,0,0
2021-07-03 11:09:38,0,0,0,0
2021-07-03 11:09:39,7,1,6,14
2021-07-03 11:09:41,5,1,0,6
2021-07-03 11:09:42,18,2,2,22
2021-07-03 11:09:43,1,0,0,1
2021-07-03 11:09:44,3,0,0,3
2021-07-03 11:09:45,1,0,0,1
2021-07-03 11:09:46,19,2,6,27
2021-07-03 11:09:49,1,0,0,1
2021-07-03 11:09:50,26,0,12,38
2021-07-03 11:09:54,2,0,0,2
2021-07-03 11:09:55,10,0,1,11
2021-07-03 11:09:56,114,1,22,137
2021-07-03 11:09:58,36,1,13,50
2021-07-03 11:09:59,83,1,19,103
2021-07-03 11:10:00,70,0,28,98
2021-07-03 11:10:01,2,0,1,3
2021-07-03 11:10:02,17,0,2,19
2021-07-03 11:10:03,2,0,2,4
2021-07-03 11:10:07,43,3,8,54
2021-07-03 11:10:08,11,0,4,15
2021-07-03 11:10:11,3,0,3,6
2021-07-03 11:10:12,6,0,3,9
2021-07-03 11:10:13,27,1,0,28
2021-07-03 11:10:14,3497,56,340,3893
2021-07-03 11:10:15,0,0,0,0
2021-07-03 11:10:16,87,3,23,113
2021-07-03 11:10:17,8,0,0,8
2021-07-03 11:10:18,0,0,0,0
2021-07-03 11:10:20,0,0,0,0
2021-07-03 11:10:21,0,0,0,0
2021-07-03 11:10:22,1,0,0,1
2021-07-03 11:10:23,1,0,1,2
2021-07-03 11:10:25,5,0,0,5
2021-07-03 11:10:26,1,0,1,2
2021-07-03 11:10:27,3,1,3,7
2021-07-03 11:10:28,27,0,3,30
2021-07-03 11:10:29,1,0,0,1
2021-07-03 11:10:30,1,0,0,1
2021-07-03 11:10:31,0,0,0,0
2021-07-03 11:10:32,12,0,4,16
2021-07-03 11:10:33,47,0,8,55
2021-07-03 11:10:34,1872,108,320,2300
2021-07-03 11:10:35,9,0,0,9
2021-07-03 11:10:36,1,0,0,1
2021-07-03 11:10:37,8,0,4,12
2021-07-03 11:10:39,10,0,5,15
2021-07-03 11:10:41,119,4,20,143
2021-07-03 11:10:43,1,0,1,2
2021-07-03 11:10:44,0,0,0,0
2021-07-03 11:10:45,2444,47,411,2902
2021-07-03 11:10:47,5,2,0,7
2021-07-03 11:10:49,0,0,0,0
2021-07-03 11:10:51,1,0,1,2
2021-07-03 11:10:52,0,0,0,0
2021-07-03 11:10:54,2,0,0,2
2021-07-03 11:10:55,1,0,1,2
2021-07-03 11:10:56,164,1,20,185
2021-07-03 11:10:57,6,0,5,11
2021-07-03 11:10:58,0,0,0,0
2021-07-03 11:10:59,9,0,2,11
2021-07-03 11:11:01,0,0,0,0
2021-07-03 11:11:04,192,8,45,245
2021-07-03 11:11:06,3,0,0,3
2021-07-03 11:11:07,9,1,1,11
2021-07-03 11:11:08,0,0,0,0
2021-07-03 11:11:09,2,0,0,2
2021-07-03 11:11:11,0,0,0,0
2021-07-03 11:11:13,1,0,1,2
2021-07-03 11:11:14,1,0,0,1
2021-07-03 11:11:15,8,0,1,9
2021-07-03 11:11:18,91,2,21,114
2021-07-03 11:11:19,92,2,30,124
2021-07-03 11:11:21,8,1,0,9
2021-07-03 11:11:22,0,0,0,0
2021-07-03 11:11:23,6,1,0,7
2021-07-03 11:11:24,3,0,1,4
2021-07-03 11:11:26,2,0,1,3
2021-07-03 11:11:27,1,0,0,1
2021-07-03 11:11:28,21,0,3,24
2021-07-03 11:11:30,4,0,1,5
2021-07-03 11:11:32,32,0,14,46
2021-07-03 11:11:33,4,2,0,6
2021-07-03 11:11:35,0,0,0,0
2021-07-03 11:11:37,2,0,1,3
2021-07-03 11:11:40,0,0,0,0
2021-07-03 11:11:41,2,0,1,3
2021-07-03 11:11:43,1,0,0,1
2021-07-03 11:11:44,538,18,98,654
2021-07-03 11:11:46,0,0,0,0
2021-07-03 11:11:47,0,0,0,0
2021-07-03 11:11:48,0,0,0,0
2021-07-03 11:11:49,0,0,0,0
2021-07-03 11:11:51,0,0,0,0
2021-07-03 11:11:52,4,0,2,6
2021-07-03 11:11:53,5,0,0,5
2021-07-03 11:11:54,15,0,7,22
2021-07-03 11:11:56,1,0,0,1
2021-07-03 11:11:57,2,0,0,2
2021-07-03 11:11:58,134,1,0,135
2021-07-03 11:11:59,0,0,0,0
2021-07-03 11:12:00,29,0,14,43
2021-07-03 11:12:01,302,4,55,361
2021-07-03 11:12:02,0,0,0,0
2021-07-03 11:12:03,3,0,0,3
2021-07-03 11:12:04,4,0,0,4
2021-07-03 11:12:05,5,1,1,7
2021-07-03 11:12:06,103,7,23,133
2021-07-03 11:12:08,4,2,0,6
2021-07-03 11:12:10,1,1,0,2
2021-07-03 11:12:11,17,5,8,30
2021-07-03 11:12:12,10,2,3,15
2021-07-03 11:12:13,4,2,0,6
2021-07-03 11:12:15,10,2,0,12
2021-07-03 11:12:17,2,1,0,3
2021-07-03 11:12:18,1,1,0,2
2021-07-03 11:12:19,15,1,6,22
2021-07-03 11:12:20,1,1,0,2
2021-07-03 11:12:22,15,0,8,23
2021-07-03 11:12:23,5,0,1,6
2021-07-03 11:12:24,0,0,0,0
2021-07-03 11:12:25,0,0,0,0
2021-07-03 11:12:26,0,0,0,0
2021-07-03 11:12:28,6,0,2,8
2021-07-03 11:12:29,1,0,2,3
2021-07-03 11:12:30,0,0,0,0
2021-07-03 11:12:31,0,0,0,0
2021-07-03 11:12:32,3,0,0,3
2021-07-03 11:12:33,10,0,1,11
2021-07-03 11:12:34,1,0,0,1
2021-07-03 11:12:35,11,0,7,18
2021-07-03 11:12:36,8,1,5,14
2021-07-03 11:12:37,1,0,0,1
2021-07-03 11:12:38,2,0,0,2
2021-07-03 11:12:39,104,2,24,130
2021-07-03 11:12:40,0,0,0,0
2021-07-03 11:12:41,3,0,0,3
2021-07-03 11:12:42,8,0,2,10
2021-07-03 11:12:43,0,0,0,0
2021-07-03 11:12:44,3,0,0,3
2021-07-03 11:12:45,0,0,0,0
2021-07-03 11:12:48,428,17,121,566
2021-07-03 11:12:49,16,1,2,19
2021-07-03 11:12:52,1,0,0,1
2021-07-03 11:12:53,0,0,0,0
2021-07-03 11:12:54,1,0,0,1
2021-07-03 11:12:55,0,0,0,0
2021-07-03 11:12:56,0,0,0,0
2021-07-03 11:12:57,1,0,0,1
2021-07-03 11:12:59,2,0,0,2
2021-07-03 11:13:00,8,0,2,10
2021-07-03 11:13:01,2,0,2,4
2021-07-03 11:13:03,0,0,0,0
2021-07-03 11:13:04,2,0,1,3
2021-07-03 11:13:05,1,0,0,1
2021-07-03 11:13:06,0,0,0,0
2021-07-03 11:13:07,4,0,2,6
2021-07-03 11:13:08,2,0,2,4
2021-07-03 11:13:09,0,0,0,0
2021-07-03 11:13:10,1,0,0,1
2021-07-03 11:13:11,339,6,45,390
2021-07-03 11:13:12,0,1,0,1
2021-07-03 11:13:13,2,0,0,2
2021-07-03 11:13:14,0,0,0,0
2021-07-03 11:13:15,0,0,0,0
2021-07-03 11:13:16,0,0,0,0
2021-07-03 11:13:17,4,0,0,4
2021-07-03 11:13:18,844,19,243,1106
2021-07-03 11:13:20,31,2,8,41
2021-07-03 11:13:22,6,0,0,6
2021-07-03 11:13:23,4,0,0,4
2021-07-03 11:13:24,2,0,0,2
2021-07-03 11:13:26,0,0,0,0
2021-07-03 11:13:28,1,0,0,1
2021-07-03 11:13:31,0,0,0,0
2021-07-03 11:13:33,359,9,48,416
2021-07-03 11:13:35,1,0,0,1
2021-07-03 11:13:37,0,0,0,0
2021-07-03 11:13:38,0,0,0,0
2021-07-03 11:13:40,1,0,0,1
2021-07-03 11:13:42,0,0,0,0
2021-07-03 11:13:44,0,0,0,0
2021-07-03 11:13:45,789,29,191,1009
2021-07-03 11:13:47,3,0,0,3
2021-07-03 11:13:48,1,0,0,1
2021-07-03 11:13:49,0,0,1,1
2021-07-03 11:13:50,2,0,0,2
2021-07-03 11:13:51,7488,573,872,8933
2021-07-03 11:13:52,13,1,6,20
2021-07-03 11:13:53,9,0,4,13
2021-07-03 11:13:56,2,0,0,2
2021-07-03 11:13:57,9,0,6,15
2021-07-03 11:13:59,262,4,61,327
2021-07-03 11:14:00,2,0,0,2
2021-07-03 11:14:01,6,0,1,7
2021-07-03 11:14:02,295,10,54,359
2021-07-03 11:14:03,7,0,0,7
2021-07-03 11:14:04,2,0,0,2
2021-07-03 11:14:06,5,2,1,8
2021-07-03 11:14:07,2,0,0,2
2021-07-03 11:14:08,737,22,126,885
2021-07-03 11:14:11,138,0,25,163
2021-07-03 11:14:12,0,0,0,0
2021-07-03 11:14:13,0,0,0,0
2021-07-03 11:14:15,1,0,0,1
2021-07-03 11:14:16,7,0,0,7
2021-07-03 11:14:18,0,0,0,0
2021-07-03 11:14:19,1,0,0,1
2021-07-03 11:14:20,2,0,0,2
2021-07-03 11:14:22,0,0,0,0
2021-07-03 11:14:24,1,0,0,1
2021-07-03 11:14:25,0,0,0,0
2021-07-03 11:14:27,1060,24,108,1192
2021-07-03 11:14:28,0,2,0,2
2021-07-03 11:14:29,0,0,1,1
2021-07-03 11:14:30,1,0,0,1
2021-07-03 11:14:31,0,0,0,0
2021-07-03 11:14:33,0,0,0,0
2021-07-03 11:14:36,63,1,16,80
2021-07-03 11:14:37,0,0,0,0
2021-07-03 11:14:38,4,0,0,4
2021-07-03 11:14:39,37,0,5,42
2021-07-03 11:14:40,163,3,46,212
2021-07-03 11:14:41,8,0,6,14
2021-07-03 11:14:42,0,0,0,0
2021-07-03 11:14:44,26,1,13,40
2021-07-03 11:14:45,2,0,0,2
2021-07-03 11:14:46,1,0,0,1
2021-07-03 11:14:49,7,1,4,12
2021-07-03 11:14:50,24,2,0,26
2021-07-03 11:14:52,4,0,3,7
2021-07-03 11:14:55,0,0,0,0
2021-07-03 11:14:56,0,0,0,0
2021-07-03 11:14:57,2,0,0,2
2021-07-03 11:14:58,1,0,0,1
2021-07-03 11:15:00,139,7,65,211
2021-07-03 11:15:01,4,0,0,4
2021-07-03 11:15:02,19,0,8,27
2021-07-03 11:15:03,2,0,0,2
2021-07-03 11:15:06,459,16,71,546
2021-07-03 11:15:07,0,0,0,0
2021-07-03 11:15:08,4,0,0,4
2021-07-03 11:15:09,0,0,0,0
2021-07-03 11:15:10,2,0,7,9
2021-07-03 11:15:11,3,0,0,3
2021-07-03 11:15:12,29,0,5,34
2021-07-03 11:15:13,2,0,0,2
2021-07-03 11:15:17,9,2,3,14
2021-07-03 11:15:19,6,0,0,6
2021-07-03 11:15:20,5,0,2,7
2021-07-03 11:15:22,7,0,3,10
2021-07-03 11:15:24,4,0,0,4
2021-07-03 11:15:26,0,0,0,0
2021-07-03 11:15:28,0,0,0,0
2021-07-03 11:15:29,0,0,0,0
2021-07-03 11:15:30,0,0,0,0
2021-07-03 11:15:31,190,9,36,235
2021-07-03 11:15:32,699,11,102,812
2021-07-03 11:15:33,0,0,0,0
2021-07-03 11:15:34,1,0,0,1
2021-07-03 11:15:35,0,0,0,0
2021-07-03 11:15:36,0,0,0,0
2021-07-03 11:15:41,0,0,0,0
2021-07-03 11:15:42,208,6,53,267
2021-07-03 11:15:43,1,0,0,1
2021-07-03 11:15:44,1,0,0,1
2021-07-03 11:15:46,1,0,0,1
2021-07-03 11:15:47,2,1,0,3
2021-07-03 11:15:48,2,0,0,2
2021-07-03 11:15:49,8,0,0,8
2021-07-03 11:15:50,0,0,0,0
2021-07-03 11:15:52,6,0,0,6
2021-07-03 11:15:53,0,0,0,0
2021-07-03 11:15:54,696,24,184,904
2021-07-03 11:15:56,6956,140,954,8050
2021-07-03 11:15:57,23,1,4,28
2021-07-03 11:15:58,0,0,0,0
2021-07-03 11:15:59,33,1,14,48
2021-07-03 11:16:00,6,0,2,8
2021-07-03 11:16:01,0,0,0,0
2021-07-03 11:16:02,1,0,0,1
2021-07-03 11:16:03,0,0,0,0
2021-07-03 11:16:04,0,0,0,0
2021-07-03 11:16:07,2,0,2,4
2021-07-03 11:16:08,0,0,0,0
2021-07-03 11:16:09,221,3,91,315
2021-07-03 11:16:10,6,0,1,7
2021-07-03 11:16:11,2,0,0,2
2021-07-03 11:16:12,1,0,1,2
2021-07-03 11:16:13,14,2,5,21
2021-07-03 11:16:14,89,4,18,111
2021-07-03 11:16:15,2,0,0,2
2021-07-03 11:16:16,1036,34,208,1278
2021-07-03 11:16:17,0,0,0,0
2021-07-03 11:16:18,0,0,0,0
2021-07-03 11:16:19,834,42,112,988
2021-07-03 11:16:20,2,0,0,2
2021-07-03 11:16:21,4,0,2,6
2021-07-03 11:16:22,18,0,4,22
2021-07-03 11:16:23,2,0,0,2
2021-07-03 11:16:24,3,0,0,3
2021-07-03 11:16:26,729,37,192,958
2021-07-03 11:16:27,0,0,0,0
2021-07-03 11:16:28,0,0,0,0
2021-07-03 11:16:29,0,0,0,0
2021-07-03 11:16:30,43,1,7,51
2021-07-03 11:16:31,0,0,0,0
2021-07-03 11:16:32,3,0,0,3
2021-07-03 11:16:33,3,0,0,3
2021-07-03 11:16:35,0,0,0,0
2021-07-03 11:16:36,0,0,0,0
2021-07-03 11:16:37,2,0,0,2
2021-07-03 11:16:39,3,0,1,4
2021-07-03 11:16:40,0,0,0,0
2021-07-03 11:16:41,0,0,0,0
2021-07-03 11:16:43,1,0,0,1
2021-07-03 11:16:44,2,0,0,2
2021-07-03 11:16:45,0,0,0,0
2021-07-03 11:16:46,2,0,0,2
2021-07-03 11:16:48,0,0,0,0
2021-07-03 11:16:49,7,0,2,9
2021-07-03 11:16:50,1,0,0,1
2021-07-03 11:16:51,0,0,0,0
2021-07-03 11:16:52,1,0,0,1
2021-07-03 11:16:54,0,0,0,0
2021-07-03 11:16:56,1,0,0,1
2021-07-03 11:17:00,1152,30,205,1387
2021-07-03 11:17:01,41,2,11,54
2021-07-03 11:17:02,4,2,1,7
2021-07-03 11:17:03,32,0,7,39
2021-07-03 11:17:04,34,0,4,38
2021-07-03 11:17:06,0,0,0,0
2021-07-03 11:17:07,77,1,41,119
2021-07-03 11:17:08,2,0,0,2
2021-07-03 11:17:09,0,0,0,0
2021-07-03 11:17:10,4,1,0,5
2021-07-03 11:17:11,0,0,0,0
2021-07-03 11:17:12,0,0,0,0
2021-07-03 11:17:13,0,0,0,0
2021-07-03 11:17:14,44,0,12,56
2021-07-03 11:17:15,0,0,0,0
2021-07-03 11:17:16,232,1,35,268
2021-07-03 11:17:17,1,1,0,2
2021-07-03 11:17:18,78,2,22,102
2021-07-03 11:17:19,7,1,1,9
2021-07-03 11:17:20,3086,126,620,3832
2021-07-03 11:17:21,2,0,0,2
2021-07-03 11:17:25,0,0,0,0
2021-07-03 11:17:26,3,0,2,5
2021-07-03 11:17:27,11,1,2,14
2021-07-03 11:17:28,1,0,0,1
2021-07-03 11:17:29,0,0,0,0
2021-07-03 11:17:31,0,0,0,0
2021-07-03 11:17:32,11,0,1,12
2021-07-03 11:17:33,0,0,0,0
2021-07-03 11:17:34,2,0,0,2
2021-07-03 11:17:35,0,0,0,0
2021-07-03 11:17:36,8,0,2,10
2021-07-03 11:17:37,0,0,0,0
2021-07-03 11:17:38,0,0,0,0
2021-07-03 11:17:39,7,0,0,7
2021-07-03 11:17:41,10,0,2,12
2021-07-03 11:17:42,3,0,0,3
2021-07-03 11:17:44,5,0,0,5
2021-07-03 11:17:45,0,0,0,0
2021-07-03 11:17:47,15,0,8,23
2021-07-03 11:17:48,0,0,0,0
2021-07-03 11:17:49,2,0,0,2
2021-07-03 11:17:50,1,0,0,1
2021-07-03 11:17:51,30,0,7,37
2021-07-03 11:17:52,5,1,6,12
2021-07-03 11:17:53,2,0,1,3
2021-07-03 11:17:54,2,0,1,3
2021-07-03 11:17:55,6,0,0,6
2021-07-03 11:17:56,1,0,0,1
2021-07-03 11:17:57,4,0,0,4
2021-07-03 11:17:59,1,0,0,1
2021-07-03 11:18:00,17,2,4,23
2021-07-03 11:18:03,2,0,0,2
2021-07-03 11:18:05,11,0,0,11
2021-07-03 11:18:06,774,39,143,956
2021-07-03 11:18:07,97,2,11,110
2021-07-03 11:18:08,5,0,1,6
2021-07-03 11:18:09,1,0,0,1
2021-07-03 11:18:10,622,19,171,812
2021-07-03 11:18:11,12,2,4,18
2021-07-03 11:18:12,0,0,0,0
2021-07-03 11:18:13,11,2,0,13
2021-07-03 11:18:14,2,0,0,2
2021-07-03 11:18:15,1,0,0,1
2021-07-03 11:18:16,0,0,0,0
2021-07-03 11:18:18,195,0,19,214
2021-07-03 11:18:21,1,0,0,1
2021-07-03 11:18:22,1,0,0,1
2021-07-03 11:18:23,6,0,0,6
2021-07-03 11:18:24,2,0,0,2
2021-07-03 11:18:25,2,0,0,2
2021-07-03 11:18:29,0,0,0,0
2021-07-03 11:18:30,1,0,0,1
2021-07-03 11:18:32,5,0,1,6
2021-07-03 11:18:33,0,0,0,0
2021-07-03 11:18:35,2,1,0,3
2021-07-03 11:18:37,4,0,1,5
2021-07-03 11:18:38,0,0,0,0
2021-07-03 11:18:40,28,0,7,35
2021-07-03 11:18:42,2,0,0,2
2021-07-03 11:18:43,9,0,4,13
2021-07-03 11:18:44,0,0,0,0
2021-07-03 11:18:45,8,0,3,11
2021-07-03 11:18:46,57,0,21,78
2021-07-03 11:18:47,1,0,1,2
2021-07-03 11:18:48,2,0,1,3
2021-07-03 11:18:49,0,0,0,0
2021-07-03 11:18:50,2,1,0,3
2021-07-03 11:18:51,1,0,1,2
2021-07-03 11:18:52,0,0,0,0
2021-07-03 11:18:53,0,0,1,1
2021-07-03 11:18:55,2,0,1,3
2021-07-03 11:18:56,10,1,0,11
2021-07-03 11:18:57,5,0,2,7
2021-07-03 11:19:00,3,0,0,3
2021-07-03 11:19:01,6,0,2,8
2021-07-03 11:19:03,0,0,0,0
2021-07-03 11:19:04,48,0,12,60
2021-07-03 11:19:05,5,0,0,5
2021-07-03 11:19:07,3,0,0,3
2021-07-03 11:19:09,1,0,0,1
2021-07-03 11:19:10,15,0,1,16
2021-07-03 11:19:11,27,3,3,33
2021-07-03 11:19:12,26,1,7,34
2021-07-03 11:19:13,17,0,10,27
2021-07-03 11:19:14,2,0,0,2
2021-07-03 11:19:16,0,0,0,0
2021-07-03 11:19:17,2,0,0,2
2021-07-03 11:19:18,0,0,0,0
2021-07-03 11:19:19,2,0,0,2
2021-07-03 11:19:21,0,0,0,0
2021-07-03 11:19:23,1,0,0,1
2021-07-03 11:19:24,2,0,0,2
2021-07-03 11:19:26,5,0,0,5
2021-07-03 11:19:27,94,3,43,140
2021-07-03 11:19:29,6,0,0,6
2021-07-03 11:19:30,0,0,0,0
2021-07-03 11:19:31,265,8,27,300
2021-07-03 11:19:33,1,0,0,1
2021-07-03 11:19:34,0,0,0,0
2021-07-03 11:19:37,2,0,0,2
2021-07-03 11:19:40,5,0,3,8
2021-07-03 11:19:41,102,1,12,115
2021-07-03 11:19:42,0,0,0,0
2021-07-03 11:19:44,6,1,6,13
2021-07-03 11:19:46,0,0,0,0
2021-07-03 11:19:47,1,0,0,1
2021-07-03 11:19:48,1,2,0,3
2021-07-03 11:19:49,118,5,26,149
2021-07-03 11:19:50,24,0,3,27
2021-07-03 11:19:51,2,0,0,2
2021-07-03 11:19:52,3,0,0,3
2021-07-03 11:19:54,0,0,0,0
2021-07-03 11:19:55,0,0,0,0
2021-07-03 11:19:56,80,4,24,108
2021-07-03 11:19:58,2,0,0,2
2021-07-03 11:19:59,546,33,89,668
2021-07-03 11:20:00,18,0,6,24
2021-07-03 11:20:02,1,1,0,2
2021-07-03 11:20:03,6,1,0,7
2021-07-03 11:20:04,0,0,0,0
2021-07-03 11:20:05,3,0,1,4
2021-07-03 11:20:06,0,0,0,0
2021-07-03 11:20:08,0,0,0,0
2021-07-03 11:20:09,9,0,6,15
2021-07-03 11:20:10,0,0,0,0
2021-07-03 11:20:12,46,0,4,50
2021-07-03 11:20:14,44,2,17,63
2021-07-03 11:20:15,20,2,9,31
2021-07-03 11:20:16,0,0,0,0
2021-07-03 11:20:17,3,0,0,3
2021-07-03 11:20:18,0,0,0,0
2021-07-03 11:20:19,5,0,2,7
2021-07-03 11:20:20,0,1,3,4
2021-07-03 11:20:22,1,0,0,1
2021-07-03 11:20:24,0,0,0,0
2021-07-03 11:20:25,0,0,0,0
2021-07-03 11:20:26,2,0,0,2
2021-07-03 11:20:28,4,0,1,5
2021-07-03 11:20:29,1,0,0,1
2021-07-03 11:20:30,4,0,0,4
2021-07-03 11:20:31,2,0,0,2
2021-07-03 11:20:32,1,0,0,1
2021-07-03 11:20:33,2,0,0,2
2021-07-03 11:20:34,0,0,0,0
2021-07-03 11:20:35,2,0,0,2
2021-07-03 11:20:36,5101,129,567,5797
2021-07-03 11:20:39,4,0,1,5
2021-07-03 11:20:40,10,0,1,11
2021-07-03 11:20:47,2,0,0,2
2021-07-03 11:20:49,1,0,0,1
2021-07-03 11:20:50,1,0,0,1
2021-07-03 11:20:51,21,0,2,23
2021-07-03 11:20:52,146,7,50,203
2021-07-03 11:20:53,0,0,0,0
2021-07-03 11:20:54,5,0,0,5
2021-07-03 11:20:55,3,0,1,4
2021-07-03 11:20:56,5,0,0,5
2021-07-03 11:20:57,1,0,0,1
2021-07-03 11:20:58,1,0,0,1
2021-07-03 11:20:59,4,0,0,4
2021-07-03 11:21:00,21,0,6,27
2021-07-03 11:21:01,1,0,0,1
2021-07-03 11:21:02,2,0,2,4
2021-07-03 11:21:03,4,0,0,4
2021-07-03 11:21:07,50,2,16,68
2021-07-03 11:21:08,39,9,3,51
2021-07-03 11:21:10,3,0,1,4
2021-07-03 11:21:12,3,0,1,4
2021-07-03 11:21:13,1,0,0,1
2021-07-03 11:21:14,1,0,0,1
2021-07-03 11:21:16,3,1,0,4
2021-07-03 11:21:17,1,0,0,1
2021-07-03 11:21:19,0,0,0,0
2021-07-03 11:21:20,96,3,32,131
2021-07-03 11:21:21,46,0,3,49
2021-07-03 11:21:22,16,0,6,22
2021-07-03 11:21:23,2,0,0,2
2021-07-03 11:21:24,3,0,1,4
2021-07-03 11:21:25,0,0,2,2
2021-07-03 11:21:26,3,0,0,3
2021-07-03 11:21:27,0,0,0,0
2021-07-03 11:21:28,6,0,0,6
2021-07-03 11:21:30,3,1,0,4
2021-07-03 11:21:33,57,1,11,69
2021-07-03 11:21:35,6,0,0,6
2021-07-03 11:21:36,2,0,0,2
2021-07-03 11:21:39,7,0,1,8
2021-07-03 11:21:40,323,10,60,393
2021-07-03 11:21:41,1,0,1,2
2021-07-03 11:21:43,12,0,4,16
2021-07-03 11:21:44,42,1,12,55
2021-07-03 11:21:45,0,0,0,0
2021-07-03 11:21:46,0,0,0,0
2021-07-03 11:21:47,9,0,2,11
2021-07-03 11:21:48,1,0,1,2
2021-07-03 11:21:50,0,0,0,0
2021-07-03 11:21:51,1,0,0,1
2021-07-03 11:21:52,1,0,1,2
2021-07-03 11:21:54,3,0,0,3
2021-07-03 11:21:56,0,0,0,0
2021-07-03 11:21:57,0,0,0,0
2021-07-03 11:22:00,0,0,0,0
2021-07-03 11:22:01,550,8,148,706
2021-07-03 11:22:03,0,0,0,0
2021-07-03 11:22:04,3,0,2,5
2021-07-03 11:22:09,153,3,43,199
2021-07-03 11:22:10,0,0,0,0
2021-07-03 11:22:11,0,0,0,0
2021-07-03 11:22:16,1,0,1,2
2021-07-03 11:22:18,0,0,0,0
2021-07-03 11:22:19,2,0,1,3
2021-07-03 11:22:25,1,0,1,2
2021-07-03 11:22:26,11,0,3,14
2021-07-03 11:22:28,1,1,0,2
2021-07-03 11:22:30,78,2,29,109
2021-07-03 11:22:31,0,0,0,0
2021-07-03 11:22:33,0,0,0,0
2021-07-03 11:22:35,0,0,0,0
2021-07-03 11:22:37,0,0,0,0
2021-07-03 11:22:38,2,0,0,2
2021-07-03 11:22:39,2,0,0,2
2021-07-03 11:22:40,0,0,0,0
2021-07-03 11:22:42,0,0,0,0
2021-07-03 11:22:43,268,8,47,323
2021-07-03 11:22:44,6,0,4,10
2021-07-03 11:22:45,5,0,0,5
2021-07-03 11:22:47,0,0,0,0
2021-07-03 11:22:48,1,0,0,1
2021-07-03 11:22:49,2,0,3,5
2021-07-03 11:22:51,0,0,0,0
2021-07-03 11:22:52,14,3,0,17
2021-07-03 11:22:53,19,0,6,25
2021-07-03 11:22:54,1442,24,366,1832
2021-07-03 11:22:55,1,0,0,1
2021-07-03 11:22:56,0,0,0,0
2021-07-03 11:22:57,8,0,2,10
2021-07-03 11:23:00,8,0,5,13
2021-07-03 11:23:02,0,0,0,0
2021-07-03 11:23:03,0,0,0,0
2021-07-03 11:23:04,0,0,0,0
2021-07-03 11:23:06,23,0,7,30
2021-07-03 11:23:07,21,0,6,27
2021-07-03 11:23:08,740,24,147,911
2021-07-03 11:23:09,2,0,0,2
2021-07-03 11:23:14,1,0,1,2
2021-07-03 11:23:15,0,0,0,0
2021-07-03 11:23:16,2,0,0,2
2021-07-03 11:23:17,3,0,2,5
2021-07-03 11:23:18,2,0,0,2
2021-07-03 11:23:19,1,0,0,1
2021-07-03 11:23:21,2,0,0,2
2021-07-03 11:23:23,0,0,0,0
2021-07-03 11:23:24,13,1,3,17
2021-07-03 11:23:25,0,0,0,0
2021-07-03 11:23:26,4,0,2,6
2021-07-03 11:23:27,0,0,0,0
2021-07-03 11:23:29,10,0,3,13
2021-07-03 11:23:30,28,2,5,35
2021-07-03 11:23:31,4,0,1,5
2021-07-03 11:23:33,1,1,0,2
2021-07-03 11:23:35,4,1,0,5
2021-07-03 11:23:36,4,0,3,7
2021-07-03 11:23:37,4,0,0,4
2021-07-03 11:23:38,0,0,0,0
2021-07-03 11:23:39,10,2,4,16
2021-07-03 11:23:40,0,0,0,0
2021-07-03 11:23:41,3,0,2,5
2021-07-03 11:23:42,0,0,0,0
2021-07-03 11:23:44,10,1,0,11
2021-07-03 11:23:47,3,0,0,3
2021-07-03 11:23:50,5,0,3,8
2021-07-03 11:23:51,0,0,0,0
2021-07-03 11:23:52,4,0,1,5
2021-07-03 11:23:54,2,0,0,2
2021-07-03 11:23:56,0,0,0,0
2021-07-03 11:23:57,0,0,0,0
2021-07-03 11:23:58,3,0,1,4
2021-07-03 11:23:59,0,0,0,0
2021-07-03 11:24:00,24,0,11,35
2021-07-03 11:24:01,105,2,30,137
2021-07-03 11:24:03,0,0,1,1
2021-07-03 11:24:04,0,0,0,0
2021-07-03 11:24:06,4,0,1,5
2021-07-03 11:24:07,0,0,0,0
2021-07-03 11:24:08,55,2,22,79
2021-07-03 11:24:11,2,0,0,2
2021-07-03 11:24:12,2,0,1,3
2021-07-03 11:24:13,0,0,0,0
2021-07-03 11:24:14,43,1,10,54
2021-07-03 11:24:16,4,0,0,4
2021-07-03 11:24:18,2,0,0,2
2021-07-03 11:24:19,55,0,21,76
2021-07-03 11:24:20,0,0,0,0
2021-07-03 11:24:21,15,1,3,19
2021-07-03 11:24:22,0,0,0,0
2021-07-03 11:24:26,1,0,0,1
2021-07-03 11:24:30,6,1,0,7
2021-07-03 11:24:31,14,1,5,20
2021-07-03 11:24:33,1,0,0,1
2021-07-03 11:24:34,21,1,3,25
2021-07-03 11:24:36,12,4,0,16
2021-07-03 11:24:37,6,0,0,6
2021-07-03 11:24:38,8,1,5,14
2021-07-03 11:24:39,188,13,25,226
2021-07-03 11:24:40,2,0,0,2
2021-07-03 11:24:42,38,2,7,47
2021-07-03 11:24:43,5,0,4,9
2021-07-03 11:24:44,0,1,0,1
2021-07-03 11:24:45,0,0,0,0
2021-07-03 11:24:47,1,0,0,1
2021-07-03 11:24:52,0,0,0,0
2021-07-03 11:24:54,447,9,111,567
2021-07-03 11:24:55,1,0,1,2
2021-07-03 11:24:56,10,0,0,10
2021-07-03 11:24:57,1,0,0,1
2021-07-03 11:25:00,59,2,24,85
2021-07-03 11:25:02,3,0,0,3
2021-07-03 11:25:03,2,0,0,2
2021-07-03 11:25:04,78,1,8,87
2021-07-03 11:25:07,71,7,10,88
2021-07-03 11:25:09,200,4,49,253
2021-07-03 11:25:10,1,0,0,1
2021-07-03 11:25:11,2,1,0,3
2021-07-03 11:25:13,15,2,1,18
2021-07-03 11:25:14,1,1,0,2
2021-07-03 11:25:15,3,1,0,4
2021-07-03 11:25:16,3,1,0,4
2021-07-03 11:25:17,58,6,17,81
2021-07-03 11:25:19,3,0,1,4
2021-07-03 11:25:20,1528,131,321,1980
2021-07-03 11:25:21,7,0,1,8
2021-07-03 11:25:22,1,0,0,1
2021-07-03 11:25:23,1028,14,198,1240
2021-07-03 11:25:24,0,0,0,0
2021-07-03 11:25:25,0,0,0,0
2021-07-03 11:25:26,0,0,0,0
2021-07-03 11:25:27,2,0,2,4
2021-07-03 11:25:29,1,0,0,1
2021-07-03 11:25:30,2,0,0,2
2021-07-03 11:25:32,0,0,0,0
2021-07-03 11:25:33,3,0,0,3
2021-07-03 11:25:35,0,0,0,0
2021-07-03 11:25:37,2,0,0,2
2021-07-03 11:25:38,1122,26,236,1384
2021-07-03 11:25:39,0,0,0,0
2021-07-03 11:25:41,4,1,2,7
2021-07-03 11:25:42,2,0,2,4
2021-07-03 11:25:43,0,0,0,0
2021-07-03 11:25:47,17,0,8,25
2021-07-03 11:25:48,8,0,4,12
2021-07-03 11:25:49,307,9,40,356
2021-07-03 11:25:50,0,2,0,2
2021-07-03 11:25:51,468,3,104,575
2021-07-03 11:25:52,388,15,87,490
2021-07-03 11:25:54,5,0,0,5
2021-07-03 11:25:55,8,2,0,10
2021-07-03 11:25:56,2,0,2,4
2021-07-03 11:25:57,1516,40,254,1810
2021-07-03 11:25:58,1,0,0,1
2021-07-03 11:25:59,0,0,0,0
2021-07-03 11:26:00,1,0,0,1
2021-07-03 11:26:02,2,0,0,2
2021-07-03 11:26:03,2,0,0,2
2021-07-03 11:26:04,6,0,2,8
2021-07-03 11:26:05,1,0,2,3
2021-07-03 11:26:06,0,0,0,0
2021-07-03 11:26:08,0,0,0,0
2021-07-03 11:26:10,0,0,0,0
2021-07-03 11:26:11,4,1,1,6
2021-07-03 11:26:12,223,6,28,257
2021-07-03 11:26:16,1,0,0,1
2021-07-03 11:26:17,11,0,4,15
2021-07-03 11:26:18,0,0,0,0
2021-07-03 11:26:19,0,0,0,0
2021-07-03 11:26:20,3,0,0,3
2021-07-03 11:26:21,0,0,0,0
2021-07-03 11:26:22,1,0,0,1
2021-07-03 11:26:23,1,0,0,1
2021-07-03 11:26:24,0,0,0,0
2021-07-03 11:26:26,1,0,0,1
2021-07-03 11:26:27,368,12,91,471
2021-07-03 11:26:29,0,0,0,0
2021-07-03 11:26:30,2,0,1,3
2021-07-03 11:26:33,1,0,0,1
2021-07-03 11:26:34,1,0,0,1
2021-07-03 11:26:35,0,1,0,1
2021-07-03 11:26:36,4,0,3,7
2021-07-03 11:26:37,26,0,1,27
2021-07-03 11:26:39,12,0,5,17
2021-07-03 11:26:41,2,0,0,2
2021-07-03 11:26:42,871,27,142,1040
2021-07-03 11:26:44,2,0,1,3
2021-07-03 11:26:45,3,0,3,6
2021-07-03 11:26:46,1,0,1,2
2021-07-03 11:26:48,1,0,1,2
2021-07-03 11:26:50,266,8,78,352
2021-07-03 11:26:51,26,1,9,36
2021-07-03 11:26:52,8,0,1,9
2021-07-03 11:26:56,3,0,3,6
2021-07-03 11:26:57,2,0,2,4
2021-07-03 11:26:58,2,0,2,4
2021-07-03 11:26:59,1,0,1,2
2021-07-03 11:27:00,72,1,28,101
2021-07-03 11:27:02,399,3,27,429
2021-07-03 11:27:03,12,0,4,16
2021-07-03 11:27:04,2,0,1,3
2021-07-03 11:27:07,2,0,0,2
2021-07-03 11:27:08,4,0,1,5
2021-07-03 11:27:09,2,0,2,4
2021-07-03 11:27:10,1,0,1,2
2021-07-03 11:27:11,1,0,1,2
2021-07-03 11:27:12,1,0,0,1
2021-07-03 11:27:16,1246,28,266,1540
2021-07-03 11:27:17,2425,66,575,3066
2021-07-03 11:27:18,7,0,2,9
2021-07-03 11:27:19,1,0,1,2
2021-07-03 11:27:21,9,0,3,12
2021-07-03 11:27:22,6,0,2,8
2021-07-03 11:27:24,15,0,8,23
2021-07-03 11:27:25,2,0,1,3
2021-07-03 11:27:26,3,0,1,4
2021-07-03 11:27:27,2,0,1,3
2021-07-03 11:27:28,0,0,0,0
2021-07-03 11:27:29,1,0,0,1
2021-07-03 11:27:30,21,1,11,33
2021-07-03 11:27:31,2,0,2,4
2021-07-03 11:27:32,238,7,76,321
2021-07-03 11:27:33,3,0,1,4
2021-07-03 11:27:34,3,0,1,4
2021-07-03 11:27:35,0,0,0,0
2021-07-03 11:27:38,10,0,1,11
2021-07-03 11:27:39,2,0,1,3
2021-07-03 11:27:42,0,0,0,0
2021-07-03 11:27:43,45,0,10,55
2021-07-03 11:27:44,266,12,85,363
2021-07-03 11:27:47,1,0,0,1
2021-07-03 11:27:48,5,0,1,6
2021-07-03 11:27:50,5,1,0,6
2021-07-03 11:27:52,4,0,2,6
2021-07-03 11:27:53,113,1,44,158
2021-07-03 11:27:54,4,0,3,7
2021-07-03 11:27:56,13,0,6,19
2021-07-03 11:27:58,10,0,4,14
2021-07-03 11:27:59,0,0,0,0
2021-07-03 11:28:00,1,0,1,2
2021-07-03 11:28:01,0,0,0,0
2021-07-03 11:28:02,13,0,5,18
2021-07-03 11:28:03,4,0,4,8
2021-07-03 11:28:05,137,2,44,183
2021-07-03 11:28:07,1,0,0,1
2021-07-03 11:28:08,7,1,0,8
2021-07-03 11:28:09,0,0,0,0
2021-07-03 11:28:10,4,0,0,4
2021-07-03 11:28:12,229,5,33,267
2021-07-03 11:28:13,9,0,2,11
2021-07-03 11:28:14,0,0,0,0
2021-07-03 11:28:15,908,10,82,1000
2021-07-03 11:28:17,0,0,0,0
2021-07-03 11:28:18,0,0,0,0
2021-07-03 11:28:19,1,0,0,1
2021-07-03 11:28:20,0,0,1,1
2021-07-03 11:28:21,1,0,0,1
2021-07-03 11:28:22,0,0,0,0
2021-07-03 11:28:23,1,1,0,2
2021-07-03 11:28:24,0,0,0,0
2021-07-03 11:28:25,0,0,0,0
2021-07-03 11:28:26,0,0,0,0
2021-07-03 11:28:27,45,2,7,54
2021-07-03 11:28:28,0,0,0,0
2021-07-03 11:28:31,1,0,0,1
2021-07-03 11:28:32,71,0,6,77
2021-07-03 11:28:34,14,0,6,20
2021-07-03 11:28:35,8,0,2,10
2021-07-03 11:28:38,40,1,14,55
2021-07-03 11:28:39,1,0,1,2
2021-07-03 11:28:40,1,0,0,1
2021-07-03 11:28:43,1,0,2,3
2021-07-03 11:28:44,1,0,0,1
2021-07-03 11:28:45,0,0,1,1
2021-07-03 11:28:46,224,4,46,274
2021-07-03 11:28:49,5,0,3,8
2021-07-03 11:28:51,1,1,2,4
2021-07-03 11:28:54,4,0,3,7
2021-07-03 11:28:55,2,0,1,3
2021-07-03 11:28:56,5,1,3,9
2021-07-03 11:28:57,2,1,2,5
2021-07-03 11:29:03,5,0,1,6
2021-07-03 11:29:04,5,1,2,8
2021-07-03 11:29:05,1,0,1,2
2021-07-03 11:29:06,1,0,0,1
2021-07-03 11:29:07,1,0,0,1
2021-07-03 11:29:08,0,0,0,0
2021-07-03 11:29:11,3,1,1,5
2021-07-03 11:29:12,12,0,6,18
2021-07-03 11:29:13,1,0,0,1
2021-07-03 11:29:14,4,2,0,6
2021-07-03 11:29:15,4,0,0,4
2021-07-03 11:29:17,705,29,81,815
2021-07-03 11:29:20,2,0,0,2
2021-07-03 11:29:22,1,0,0,1
2021-07-03 11:29:23,0,0,0,0
2021-07-03 11:29:24,2,2,1,5
2021-07-03 11:29:26,47,0,4,51
2021-07-03 11:29:27,1,0,0,1
2021-07-03 11:29:28,899,48,221,1168
2021-07-03 11:29:29,2,0,0,2
2021-07-03 11:29:30,2,0,1,3
2021-07-03 11:29:31,12,1,7,20
2021-07-03 11:29:33,2,0,0,2
2021-07-03 11:29:34,0,0,0,0
2021-07-03 11:29:36,3,0,1,4
2021-07-03 11:29:37,1,0,0,1
2021-07-03 11:29:38,30,1,5,36
2021-07-03 11:29:39,1,0,0,1
2021-07-03 11:29:40,2,0,0,2
2021-07-03 11:29:41,10,1,3,14
2021-07-03 11:29:43,8,0,2,10
2021-07-03 11:29:44,0,0,0,0
2021-07-03 11:29:45,3,0,0,3
2021-07-03 11:29:46,1,0,0,1
2021-07-03 11:29:47,7,0,1,8
2021-07-03 11:29:49,1,0,0,1
2021-07-03 11:29:50,2352,41,357,2750
2021-07-03 11:29:51,1,0,0,1
2021-07-03 11:29:53,15,3,5,23
2021-07-03 11:29:54,4,0,0,4
2021-07-03 11:29:55,11,0,1,12
2021-07-03 11:29:56,52,3,9,64
2021-07-03 11:29:57,12,1,0,13
2021-07-03 11:29:58,3,0,0,3
2021-07-03 11:29:59,8,0,1,9
2021-07-03 11:30:00,620,31,209,860
2021-07-03 11:30:01,12,0,2,14
2021-07-03 11:30:02,3,0,0,3
2021-07-03 11:30:03,3,0,0,3
2021-07-03 11:30:04,3,0,0,3
2021-07-03 11:30:05,2,0,0,2
2021-07-03 11:30:07,2,0,0,2
2021-07-03 11:30:08,1,0,0,1
2021-07-03 11:30:09,13,1,3,17
2021-07-03 11:30:10,12,0,1,13
2021-07-03 11:30:11,141,6,22,169
2021-07-03 11:30:13,0,0,0,0
2021-07-03 11:30:14,6,0,0,6
2021-07-03 11:30:15,3,0,0,3
2021-07-03 11:30:16,1,0,0,1
2021-07-03 11:30:17,92,3,6,101
2021-07-03 11:30:18,0,0,0,0
2021-07-03 11:30:19,6,0,1,7
2021-07-03 11:30:20,0,0,0,0
2021-07-03 11:30:21,3920,94,517,4531
2021-07-03 11:30:23,2,0,0,2
2021-07-03 11:30:24,3,0,1,4
2021-07-03 11:30:28,11,0,5,16
2021-07-03 11:30:29,4,0,0,4
2021-07-03 11:30:30,6,0,5,11
2021-07-03 11:30:31,12,1,5,18
2021-07-03 11:30:32,1,0,0,1
2021-07-03 11:30:33,10,0,2,12
2021-07-03 11:30:34,2,0,0,2
2021-07-03 11:30:36,1,0,0,1
2021-07-03 11:30:37,97,6,18,121
2021-07-03 11:30:38,8,0,2,10
2021-07-03 11:30:42,0,0,0,0
2021-07-03 11:30:43,0,0,0,0
2021-07-03 11:30:45,32,0,5,37
2021-07-03 11:30:46,2,0,0,2
2021-07-03 11:30:47,74,2,16,92
2021-07-03 11:30:48,6,0,2,8
2021-07-03 11:30:49,0,0,0,0
2021-07-03 11:30:50,0,0,0,0
2021-07-03 11:30:51,6,0,2,8
2021-07-03 11:30:52,1,0,1,2
2021-07-03 11:30:53,6,0,1,7
2021-07-03 11:30:54,1,0,1,2
2021-07-03 11:30:56,0,0,0,0
2021-07-03 11:30:57,0,0,0,0
2021-07-03 11:30:58,42,3,19,64
2021-07-03 11:30:59,14,0,0,14
2021-07-03 11:31:00,17,0,10,27
2021-07-03 11:31:01,1,0,0,1
2021-07-03 11:31:02,2,1,0,3
2021-07-03 11:31:03,4,0,0,4
2021-07-03 11:31:05,1,0,2,3
2021-07-03 11:31:06,0,0,0,0
2021-07-03 11:31:07,2,0,1,3
2021-07-03 11:31:08,13,0,6,19
2021-07-03 11:31:10,2,0,0,2
2021-07-03 11:31:12,2,0,0,2
2021-07-03 11:31:15,1024,26,208,1258
2021-07-03 11:31:16,0,0,1,1
2021-07-03 11:31:17,1,0,0,1
2021-07-03 11:31:18,0,0,0,0
2021-07-03 11:31:21,5,0,4,9
2021-07-03 11:31:22,4,2,0,6
2021-07-03 11:31:23,0,0,0,0
2021-07-03 11:31:24,0,0,0,0
2021-07-03 11:31:25,3,0,0,3
2021-07-03 11:31:26,5,0,1,6
2021-07-03 11:31:27,1,1,0,2
2021-07-03 11:31:29,0,0,0,0
2021-07-03 11:31:30,1,0,0,1
2021-07-03 11:31:31,166,4,54,224
2021-07-03 11:31:32,2885,59,646,3590
2021-07-03 11:31:34,0,0,0,0
2021-07-03 11:31:35,1,0,2,3
2021-07-03 11:31:36,0,0,1,1
2021-07-03 11:31:37,1,0,0,1
2021-07-03 11:31:38,24,0,10,34
2021-07-03 11:31:39,0,0,0,0
2021-07-03 11:31:40,0,0,0,0
2021-07-03 11:31:41,0,0,0,0
2021-07-03 11:31:43,1,0,0,1
2021-07-03 11:31:44,1,0,0,1
2021-07-03 11:31:45,0,0,0,0
2021-07-03 11:31:46,0,0,0,0
2021-07-03 11:31:50,0,0,1,1
2021-07-03 11:31:51,0,0,0,0
2021-07-03 11:31:53,0,0,0,0
2021-07-03 11:31:54,1,0,0,1
2021-07-03 11:31:56,1,0,0,1
2021-07-03 11:31:57,0,0,0,0
2021-07-03 11:31:58,0,0,0,0
2021-07-03 11:31:59,0,0,0,0
2021-07-03 11:32:01,0,0,0,0
2021-07-03 11:32:02,10,1,4,15
2021-07-03 11:32:03,4,0,1,5
2021-07-03 11:32:04,47,2,12,61
2021-07-03 11:32:05,0,5,0,5
2021-07-03 11:32:07,0,0,0,0
2021-07-03 11:32:08,10,0,1,11
2021-07-03 11:32:09,1,0,0,1
2021-07-03 11:32:10,0,0,0,0
2021-07-03 11:32:11,0,0,0,0
2021-07-03 11:32:12,0,0,0,0
2021-07-03 11:32:13,196,5,27,228
2021-07-03 11:32:14,0,0,0,0
2021-07-03 11:32:16,0,0,0,0
2021-07-03 11:32:17,1,0,0,1
2021-07-03 11:32:18,1,0,0,1
2021-07-03 11:32:19,0,0,0,0
2021-07-03 11:32:20,1,0,0,1
2021-07-03 11:32:21,45,1,3,49
2021-07-03 11:32:22,0,0,0,0
2021-07-03 11:32:23,1,1,0,2
2021-07-03 11:32:24,2,0,0,2
2021-07-03 11:32:25,3,0,1,4
2021-07-03 11:32:27,1,0,0,1
2021-07-03 11:32:28,1,0,0,1
2021-07-03 11:32:29,0,0,0,0
2021-07-03 11:32:30,0,0,0,0
2021-07-03 11:32:31,0,0,0,0
2021-07-03 11:32:32,0,0,0,0
2021-07-03 11:32:33,3,0,1,4
2021-07-03 11:32:34,2,0,1,3
2021-07-03 11:32:35,1,0,0,1
2021-07-03 11:32:36,1,0,1,2
2021-07-03 11:32:39,4,0,1,5
2021-07-03 11:32:40,0,0,0,0
2021-07-03 11:32:41,6,0,2,8
2021-07-03 11:32:42,208,6,54,268
2021-07-03 11:32:43,0,0,0,0
2021-07-03 11:32:44,0,0,0,0
2021-07-03 11:32:45,1,0,0,1
2021-07-03 11:32:47,985,29,226,1240
2021-07-03 11:32:48,0,0,0,0
2021-07-03 11:32:51,0,0,0,0
2021-07-03 11:32:52,3,0,0,3
2021-07-03 11:32:55,4,1,1,6
2021-07-03 11:32:56,0,0,0,0
2021-07-03 11:32:58,1,1,0,2
2021-07-03 11:32:59,70,0,24,94
2021-07-03 11:33:00,4,0,3,7
2021-07-03 11:33:01,0,0,0,0
2021-07-03 11:33:03,0,0,0,0
2021-07-03 11:33:04,3,0,0,3
2021-07-03 11:33:05,2,0,0,2
2021-07-03 11:33:06,2,0,0,2
2021-07-03 11:33:07,1,0,1,2
2021-07-03 11:33:08,1,0,1,2
2021-07-03 11:33:09,0,0,0,0
2021-07-03 11:33:11,0,0,0,0
2021-07-03 11:33:13,15,0,2,17
2021-07-03 11:33:17,4,0,1,5
2021-07-03 11:33:19,16,0,9,25
2021-07-03 11:33:20,5,1,1,7
2021-07-03 11:33:21,0,0,0,0
2021-07-03 11:33:23,1,0,2,3
2021-07-03 11:33:24,4,0,1,5
2021-07-03 11:33:25,0,0,0,0
2021-07-03 11:33:28,2,0,0,2
2021-07-03 11:33:29,1,0,0,1
2021-07-03 11:33:30,203,4,60,267
2021-07-03 11:33:31,91,4,34,129
2021-07-03 11:33:32,0,0,0,0
2021-07-03 11:33:34,0,0,2,2
2021-07-03 11:33:35,0,0,1,1
2021-07-03 11:33:39,0,0,1,1
2021-07-03 11:33:40,2,2,4,8
2021-07-03 11:33:41,4,0,2,6
2021-07-03 11:33:42,2,0,3,5
2021-07-03 11:33:44,0,0,2,2
2021-07-03 11:33:45,6,0,6,12
2021-07-03 11:33:46,93,6,29,128
2021-07-03 11:33:48,9,0,7,16
2021-07-03 11:33:50,5,0,4,9
2021-07-03 11:33:52,4,0,2,6
2021-07-03 11:33:53,15,0,6,21
2021-07-03 11:33:54,1,0,1,2
2021-07-03 11:33:55,5,0,3,8
2021-07-03 11:33:56,5,0,2,7
2021-07-03 11:33:58,2,0,1,3
2021-07-03 11:33:59,3,0,2,5
2021-07-03 11:34:00,2,1,1,4
2021-07-03 11:34:01,3,0,1,4
2021-07-03 11:34:02,2,0,1,3
2021-07-03 11:34:03,1,0,1,2
2021-07-03 11:34:04,9,0,4,13
2021-07-03 11:34:06,2,0,3,5
2021-07-03 11:34:07,2,0,3,5
2021-07-03 11:34:09,4,0,2,6
2021-07-03 11:34:10,18,0,6,24
2021-07-03 11:34:12,26,0,10,36
2021-07-03 11:34:13,1,0,1,2
2021-07-03 11:34:14,88,2,34,124
2021-07-03 11:34:15,3,0,2,5
2021-07-03 11:34:16,6,0,3,9
2021-07-03 11:34:17,18,0,9,27
2021-07-03 11:34:19,2,0,2,4
2021-07-03 11:34:20,4,0,3,7
2021-07-03 11:34:21,1,0,1,2
2021-07-03 11:34:25,708,18,136,862
2021-07-03 11:34:26,1,0,1,2
2021-07-03 11:34:27,1,0,1,2
2021-07-03 11:34:28,8,1,4,13
2021-07-03 11:34:29,5,0,3,8
2021-07-03 11:34:30,2,0,2,4
2021-07-03 11:34:33,1,0,1,2
2021-07-03 11:34:34,2,0,0,2
2021-07-03 11:34:35,0,0,0,0
2021-07-03 11:34:36,3,0,2,5
2021-07-03 11:34:37,3,0,0,3
2021-07-03 11:34:38,5,1,0,6
2021-07-03 11:34:41,37,1,4,42
2021-07-03 11:34:42,0,0,0,0
2021-07-03 11:34:43,3,0,2,5
2021-07-03 11:34:44,28,2,5,35
2021-07-03 11:34:45,1,0,1,2
2021-07-03 11:34:46,5,0,0,5
2021-07-03 11:34:47,149,0,17,166
2021-07-03 11:34:48,18,1,2,21
2021-07-03 11:34:49,1,0,1,2
2021-07-03 11:34:50,200,5,29,234
2021-07-03 11:34:51,8,0,2,10
2021-07-03 11:34:52,1,0,1,2
2021-07-03 11:34:54,0,0,0,0
2021-07-03 11:34:57,5,0,3,8
2021-07-03 11:34:58,20,0,6,26
2021-07-03 11:35:00,70,5,24,99
2021-07-03 11:35:01,2,0,0,2
2021-07-03 11:35:04,7,2,5,14
2021-07-03 11:35:05,3,0,1,4
2021-07-03 11:35:07,0,0,0,0
2021-07-03 11:35:08,1,0,1,2
2021-07-03 11:35:09,252,10,74,336
2021-07-03 11:35:10,0,0,0,0
2021-07-03 11:35:11,1,0,0,1
2021-07-03 11:35:12,2,0,1,3
2021-07-03 11:35:13,0,0,0,0
2021-07-03 11:35:14,2,0,0,2
2021-07-03 11:35:19,6,0,1,7
2021-07-03 11:35:20,65,1,27,93
2021-07-03 11:35:21,5,0,3,8
2021-07-03 11:35:22,1558,35,290,1883
2021-07-03 11:35:24,6,2,3,11
2021-07-03 11:35:25,115,2,29,146
2021-07-03 11:35:26,6,0,4,10
2021-07-03 11:35:27,3,0,2,5
2021-07-03 11:35:28,0,0,0,0
2021-07-03 11:35:30,7,0,6,13
2021-07-03 11:35:31,4,1,3,8
2021-07-03 11:35:32,5,0,3,8
2021-07-03 11:35:34,0,0,0,0
2021-07-03 11:35:35,0,0,0,0
2021-07-03 11:35:36,25,0,6,31
2021-07-03 11:35:37,3,0,0,3
2021-07-03 11:35:38,3,1,1,5
2021-07-03 11:35:39,4,0,0,4
2021-07-03 11:35:40,2,0,2,4
2021-07-03 11:35:41,1,0,1,2
2021-07-03 11:35:42,0,0,0,0
2021-07-03 11:35:43,0,0,0,0
2021-07-03 11:35:47,3,0,1,4
2021-07-03 11:35:48,2,0,0,2
2021-07-03 11:35:50,66,3,6,75
2021-07-03 11:35:51,3,0,2,5
2021-07-03 11:35:52,858,7,173,1038
2021-07-03 11:35:53,11,0,0,11
2021-07-03 11:35:54,5,0,0,5
2021-07-03 11:35:55,2218,46,330,2594
2021-07-03 11:35:56,0,0,0,0
2021-07-03 11:35:57,2,0,0,2
2021-07-03 11:35:58,7,0,3,10
2021-07-03 11:35:59,6,1,3,10
2021-07-03 11:36:00,2,0,2,4
2021-07-03 11:36:02,1,0,1,2
2021-07-03 11:36:03,7,0,1,8
2021-07-03 11:36:04,15,0,2,17
2021-07-03 11:36:05,18,0,3,21
2021-07-03 11:36:06,16,0,0,16
2021-07-03 11:36:07,8,4,2,14
2021-07-03 11:36:08,0,0,0,0
2021-07-03 11:36:11,0,0,0,0
2021-07-03 11:36:12,0,0,0,0
2021-07-03 11:36:13,29,0,8,37
2021-07-03 11:36:14,1,0,1,2
2021-07-03 11:36:18,4,1,1,6
2021-07-03 11:36:22,112,4,20,136
2021-07-03 11:36:24,1,0,0,1
2021-07-03 11:36:25,2,1,0,3
2021-07-03 11:36:26,50,0,6,56
2021-07-03 11:36:27,6,0,1,7
2021-07-03 11:36:28,2,0,0,2
2021-07-03 11:36:30,2,0,0,2
2021-07-03 11:36:31,3,0,1,4
2021-07-03 11:36:34,1,0,0,1
2021-07-03 11:36:35,3,0,0,3
2021-07-03 11:36:40,113,3,20,136
2021-07-03 11:36:41,45,0,16,61
2021-07-03 11:36:42,178,6,78,262
2021-07-03 11:36:43,1,0,0,1
2021-07-03 11:36:44,1,0,0,1
2021-07-03 11:36:45,5,0,0,5
2021-07-03 11:36:47,0,0,0,0
2021-07-03 11:36:48,0,0,0,0
2021-07-03 11:36:49,2,0,1,3
2021-07-03 11:36:50,1,0,0,1
2021-07-03 11:36:51,0,0,0,0
2021-07-03 11:36:52,46,4,12,62
2021-07-03 11:36:53,0,0,0,0
2021-07-03 11:36:54,0,0,0,0
2021-07-03 11:36:55,1,0,0,1
2021-07-03 11:36:56,19,0,4,23
2021-07-03 11:36:58,0,0,0,0
2021-07-03 11:37:00,4,1,0,5
2021-07-03 11:37:01,3,0,0,3
2021-07-03 11:37:03,47,2,10,59
2021-07-03 11:37:04,2,0,0,2
2021-07-03 11:37:05,1,1,0,2
2021-07-03 11:37:06,7,5,3,15
2021-07-03 11:37:07,2,0,0,2
2021-07-03 11:37:08,0,0,0,0
2021-07-03 11:37:09,1,0,0,1
2021-07-03 11:37:10,355,27,81,463
2021-07-03 11:37:12,1,0,1,2
2021-07-03 11:37:13,0,0,0,0
2021-07-03 11:37:14,1,1,0,2
2021-07-03 11:37:15,91,1,24,116
2021-07-03 11:37:16,0,0,0,0
2021-07-03 11:37:18,1,0,0,1
2021-07-03 11:37:22,0,0,0,0
2021-07-03 11:37:24,142,2,22,166
2021-07-03 11:37:25,0,0,0,0
2021-07-03 11:37:27,1,0,0,1
2021-07-03 11:37:28,2,0,0,2
2021-07-03 11:37:31,2,0,1,3
2021-07-03 11:37:34,139,2,34,175
2021-07-03 11:37:36,20,1,11,32
2021-07-03 11:37:37,0,0,0,0
2021-07-03 11:37:41,19,0,1,20
2021-07-03 11:37:42,6114,136,912,7162
2021-07-03 11:37:43,25,2,9,36
2021-07-03 11:37:44,1,0,0,1
2021-07-03 11:37:45,0,0,0,0
2021-07-03 11:37:46,0,0,0,0
2021-07-03 11:37:47,0,1,0,1
2021-07-03 11:37:48,1,0,0,1
2021-07-03 11:37:50,463,12,140,615
2021-07-03 11:37:51,2,0,0,2
2021-07-03 11:37:54,0,0,1,1
2021-07-03 11:37:55,0,0,1,1
2021-07-03 11:37:56,0,0,0,0
2021-07-03 11:37:57,3,0,1,4
2021-07-03 11:37:59,0,0,0,0
2021-07-03 11:38:01,0,0,0,0
2021-07-03 11:38:02,181,6,40,227
2021-07-03 11:38:03,14,1,4,19
2021-07-03 11:38:07,0,0,0,0
2021-07-03 11:38:08,1,0,0,1
2021-07-03 11:38:10,7,0,1,8
2021-07-03 11:38:11,36,2,11,49
2021-07-03 11:38:12,0,0,0,0
2021-07-03 11:38:13,1,0,0,1
2021-07-03 11:38:14,1,0,0,1
2021-07-03 11:38:15,957,23,317,1297
2021-07-03 11:38:16,0,0,0,0
2021-07-03 11:38:18,0,0,0,0
2021-07-03 11:38:19,3,0,1,4
2021-07-03 11:38:20,1,0,0,1
2021-07-03 11:38:22,1,0,0,1
2021-07-03 11:38:23,5,0,0,5
2021-07-03 11:38:26,0,0,0,0
2021-07-03 11:38:27,3,0,0,3
2021-07-03 11:38:28,1,0,0,1
2021-07-03 11:38:29,8,0,0,8
2021-07-03 11:38:30,75,2,12,89
2021-07-03 11:38:31,1,0,1,2
2021-07-03 11:38:33,27,0,0,27
2021-07-03 11:38:35,13,1,2,16
2021-07-03 11:38:37,1,0,0,1
2021-07-03 11:38:40,6,0,2,8
2021-07-03 11:38:41,7,0,2,9
2021-07-03 11:38:42,4,0,0,4
2021-07-03 11:38:44,3,0,0,3
2021-07-03 11:38:45,1,0,0,1
2021-07-03 11:38:47,1,1,0,2
2021-07-03 11:38:48,1,0,0,1
2021-07-03 11:38:49,11,0,3,14
2021-07-03 11:38:50,0,0,0,0
2021-07-03 11:38:51,1,0,0,1
2021-07-03 11:38:52,1,0,0,1
2021-07-03 11:38:53,2,0,2,4
2021-07-03 11:38:54,1,0,1,2
2021-07-03 11:38:55,24,0,6,30
2021-07-03 11:38:56,3,0,1,4
2021-07-03 11:38:57,0,0,0,0
2021-07-03 11:38:58,4,0,1,5
2021-07-03 11:38:59,5,0,0,5
2021-07-03 11:39:00,1,0,0,1
2021-07-03 11:39:01,0,0,0,0
2021-07-03 11:39:03,0,1,0,1
2021-07-03 11:39:04,47,1,8,56
2021-07-03 11:39:08,3,0,1,4
2021-07-03 11:39:09,0,0,0,0
2021-07-03 11:39:10,7,0,3,10
2021-07-03 11:39:11,7,0,0,7
2021-07-03 11:39:13,86,3,33,122
2021-07-03 11:39:14,33,0,10,43
2021-07-03 11:39:16,1,0,0,1
2021-07-03 11:39:17,1,0,1,2
2021-07-03 11:39:19,6,0,4,10
2021-07-03 11:39:20,4,0,1,5
2021-07-03 11:39:21,0,0,0,0
2021-07-03 11:39:22,0,0,0,0
2021-07-03 11:39:23,21,0,7,28
2021-07-03 11:39:24,6,0,0,6
2021-07-03 11:39:25,1,0,0,1
2021-07-03 11:39:27,1,0,0,1
2021-07-03 11:39:30,1,0,1,2
2021-07-03 11:39:31,0,0,0,0
2021-07-03 11:39:32,13,2,5,20
2021-07-03 11:39:33,0,0,0,0
2021-07-03 11:39:34,0,0,0,0
2021-07-03 11:39:35,1169,40,240,1449
2021-07-03 11:39:38,0,0,0,0
2021-07-03 11:39:39,0,0,0,0
2021-07-03 11:39:40,9,1,2,12
2021-07-03 11:39:41,16,1,6,23
2021-07-03 11:39:42,2,0,0,2
2021-07-03 11:39:43,0,0,0,0
2021-07-03 11:39:45,0,0,0,0
2021-07-03 11:39:46,1,1,0,2
2021-07-03 11:39:48,1,0,0,1
2021-07-03 11:39:49,0,0,0,0
2021-07-03 11:39:50,6,2,0,8
2021-07-03 11:39:51,2,0,0,2
2021-07-03 11:39:52,0,0,0,0
2021-07-03 11:39:53,2,0,0,2
2021-07-03 11:39:54,4,0,3,7
2021-07-03 11:39:55,2,0,0,2
2021-07-03 11:39:56,0,0,0,0
2021-07-03 11:39:57,0,1,0,1
2021-07-03 11:39:59,1,0,0,1
2021-07-03 11:40:00,1130,71,279,1480
2021-07-03 11:40:01,2,0,0,2
2021-07-03 11:40:02,83,0,16,99
2021-07-03 11:40:05,0,0,0,0
2021-07-03 11:40:07,1,0,0,1
2021-07-03 11:40:08,1,0,0,1
2021-07-03 11:40:09,1,0,0,1
2021-07-03 11:40:11,1,1,0,2
2021-07-03 11:40:13,12,0,1,13
2021-07-03 11:40:14,1525,87,307,1919
2021-07-03 11:40:15,1,0,0,1
2021-07-03 11:40:16,26,1,5,32
2021-07-03 11:40:17,1,0,0,1
2021-07-03 11:40:19,1,0,1,2
2021-07-03 11:40:20,18123,295,2104,20522
2021-07-03 11:40:22,1,0,0,1
2021-07-03 11:40:23,0,0,0,0
2021-07-03 11:40:24,0,0,0,0
2021-07-03 11:40:25,8,0,2,10
2021-07-03 11:40:26,105,4,23,132
2021-07-03 11:40:27,0,0,1,1
2021-07-03 11:40:28,4,0,0,4
2021-07-03 11:40:30,2,1,0,3
2021-07-03 11:40:31,3,1,0,4
2021-07-03 11:40:33,3,0,0,3
2021-07-03 11:40:34,0,0,0,0
2021-07-03 11:40:35,2,1,2,5
2021-07-03 11:40:36,0,0,0,0
2021-07-03 11:40:39,186,6,45,237
2021-07-03 11:40:40,0,0,0,0
2021-07-03 11:40:41,1,0,0,1
2021-07-03 11:40:42,1,0,0,1
2021-07-03 11:40:43,3,0,0,3
2021-07-03 11:40:44,0,0,0,0
2021-07-03 11:40:46,2,0,0,2
2021-07-03 11:40:47,0,0,0,0
2021-07-03 11:40:48,5,1,0,6
2021-07-03 11:40:49,1,0,0,1
2021-07-03 11:40:51,0,0,0,0
2021-07-03 11:40:53,3,0,0,3
2021-07-03 11:40:55,1,0,0,1
2021-07-03 11:40:57,233,9,70,312
2021-07-03 11:40:58,0,0,0,0
2021-07-03 11:40:59,4,0,1,5
2021-07-03 11:41:00,2,0,0,2
2021-07-03 11:41:01,0,0,0,0
2021-07-03 11:41:02,0,0,0,0
2021-07-03 11:41:03,0,1,0,1
2021-07-03 11:41:04,7,1,1,9
2021-07-03 11:41:06,3,0,0,3
2021-07-03 11:41:09,0,0,0,0
2021-07-03 11:41:10,0,0,0,0
2021-07-03 11:41:11,0,0,0,0
2021-07-03 11:41:12,1,0,0,1
2021-07-03 11:41:13,1,1,0,2
2021-07-03 11:41:14,2,1,0,3
2021-07-03 11:41:15,64,1,6,71
2021-07-03 11:41:16,1,1,0,2
2021-07-03 11:41:17,1,0,0,1
2021-07-03 11:41:18,0,0,0,0
2021-07-03 11:41:19,153,6,14,173
2021-07-03 11:41:20,1,0,1,2
2021-07-03 11:41:22,4,0,0,4
2021-07-03 11:41:23,1,0,0,1
2021-07-03 11:41:24,0,0,0,0
2021-07-03 11:41:25,0,0,0,0
2021-07-03 11:41:27,5,0,3,8
2021-07-03 11:41:29,0,0,0,0
2021-07-03 11:41:30,1,0,0,1
2021-07-03 11:41:31,1,0,1,2
2021-07-03 11:41:32,0,0,0,0
2021-07-03 11:41:33,0,0,0,0
2021-07-03 11:41:36,4,0,2,6
2021-07-03 11:41:37,1,1,0,2
2021-07-03 11:41:38,0,0,1,1
2021-07-03 11:41:39,1,0,1,2
2021-07-03 11:41:40,46,3,30,79
2021-07-03 11:41:41,126,6,33,165
2021-07-03 11:41:42,8,0,4,12
2021-07-03 11:41:43,1,0,1,2
2021-07-03 11:41:44,4,0,3,7
2021-07-03 11:41:45,1,0,1,2
2021-07-03 11:41:48,2,0,4,6
2021-07-03 11:41:49,1,0,2,3
2021-07-03 11:41:50,0,0,1,1
2021-07-03 11:41:51,39,3,10,52
2021-07-03 11:41:53,0,0,1,1
2021-07-03 11:41:54,0,0,0,0
2021-07-03 11:41:55,2,0,1,3
2021-07-03 11:41:56,0,0,1,1
2021-07-03 11:41:57,0,0,1,1
2021-07-03 11:42:00,2,0,2,4
2021-07-03 11:42:01,4,0,1,5
2021-07-03 11:42:02,4605,51,310,4966
2021-07-03 11:42:03,1,0,2,3
2021-07-03 11:42:04,1,1,2,4
2021-07-03 11:42:05,15,0,5,20
2021-07-03 11:42:07,529,20,104,653
2021-07-03 11:42:08,8,1,1,10
2021-07-03 11:42:10,0,0,1,1
2021-07-03 11:42:11,2,0,3,5
2021-07-03 11:42:12,0,0,1,1
2021-07-03 11:42:13,3,0,1,4
2021-07-03 11:42:14,399,7,71,477
2021-07-03 11:42:15,1,1,4,6
2021-07-03 11:42:16,4,0,0,4
2021-07-03 11:42:17,0,0,1,1
2021-07-03 11:42:18,3,0,4,7
2021-07-03 11:42:19,2,0,2,4
2021-07-03 11:42:20,0,0,0,0
2021-07-03 11:42:21,4,0,1,5
2021-07-03 11:42:22,0,0,1,1
2021-07-03 11:42:23,0,0,1,1
2021-07-03 11:42:24,2,0,2,4
2021-07-03 11:42:25,5,0,7,12
2021-07-03 11:42:26,0,0,1,1
2021-07-03 11:42:27,17,2,8,27
2021-07-03 11:42:28,111,2,26,139
2021-07-03 11:42:29,5,0,2,7
2021-07-03 11:42:30,2758,54,500,3312
2021-07-03 11:42:31,8,0,6,14
2021-07-03 11:42:32,2,0,2,4
2021-07-03 11:42:33,2,0,1,3
2021-07-03 11:42:34,0,0,1,1
2021-07-03 11:42:36,4,0,1,5
2021-07-03 11:42:37,126,1,33,160
2021-07-03 11:42:38,2,0,0,2
2021-07-03 11:42:39,282,6,16,304
2021-07-03 11:42:40,0,0,0,0
2021-07-03 11:42:42,1,0,0,1
2021-07-03 11:42:43,366,3,63,432
2021-07-03 11:42:44,1,0,0,1
2021-07-03 11:42:45,1,0,0,1
2021-07-03 11:42:46,1,0,0,1
2021-07-03 11:42:49,2,0,0,2
2021-07-03 11:42:50,39,0,12,51
2021-07-03 11:42:51,0,0,0,0
2021-07-03 11:42:52,1,0,0,1
2021-07-03 11:42:53,9,0,3,12
2021-07-03 11:42:54,2631,76,323,3030
2021-07-03 11:42:55,7,0,3,10
2021-07-03 11:42:59,670,10,178,858
2021-07-03 11:43:00,15,2,3,20
2021-07-03 11:43:01,3,0,1,4
2021-07-03 11:43:02,2,0,0,2
2021-07-03 11:43:03,0,0,0,0
2021-07-03 11:43:04,4,0,1,5
2021-07-03 11:43:05,3,0,0,3
2021-07-03 11:43:07,9,0,1,10
2021-07-03 11:43:09,103,0,32,135
2021-07-03 11:43:12,0,0,0,0
2021-07-03 11:43:13,4,0,0,4
2021-07-03 11:43:14,0,0,0,0
2021-07-03 11:43:17,0,1,0,1
2021-07-03 11:43:18,0,0,0,0
2021-07-03 11:43:19,1,0,1,2
2021-07-03 11:43:20,0,0,0,0
2021-07-03 11:43:21,8,2,0,10
2021-07-03 11:43:22,2,0,0,2
2021-07-03 11:43:23,2,0,0,2
2021-07-03 11:43:24,8,2,2,12
2021-07-03 11:43:26,1,0,0,1
2021-07-03 11:43:27,15,0,4,19
2021-07-03 11:43:28,0,0,0,0
2021-07-03 11:43:29,1,0,1,2
2021-07-03 11:43:30,0,0,0,0
2021-07-03 11:43:33,7,0,3,10
2021-07-03 11:43:34,59,1,11,71
2021-07-03 11:43:35,118,2,3,123
2021-07-03 11:43:36,0,0,0,0
2021-07-03 11:43:37,0,0,0,0
2021-07-03 11:43:38,119,6,20,145
2021-07-03 11:43:39,25,1,12,38
2021-07-03 11:43:40,14,0,8,22
2021-07-03 11:43:41,1,0,0,1
2021-07-03 11:43:42,3,1,0,4
2021-07-03 11:43:44,1,0,1,2
2021-07-03 11:43:45,0,0,0,0
2021-07-03 11:43:46,12,0,2,14
2021-07-03 11:43:47,1,0,0,1
2021-07-03 11:43:51,1,0,0,1
2021-07-03 11:43:52,3,0,0,3
2021-07-03 11:43:53,2,0,0,2
2021-07-03 11:43:54,1,0,0,1
2021-07-03 11:43:56,2,0,0,2
2021-07-03 11:43:57,2,0,0,2
2021-07-03 11:43:58,6,0,0,6
2021-07-03 11:43:59,0,0,0,0
2021-07-03 11:44:00,5,0,2,7
2021-07-03 11:44:01,4,0,0,4
2021-07-03 11:44:05,0,0,0,0
2021-07-03 11:44:06,38,0,14,52
2021-07-03 11:44:07,0,0,0,0
2021-07-03 11:44:09,9,1,3,13
2021-07-03 11:44:10,1,0,0,1
2021-07-03 11:44:12,3551,135,486,4172
2021-07-03 11:44:14,2,0,1,3
2021-07-03 11:44:15,2,0,0,2
2021-07-03 11:44:17,28,0,9,37
2021-07-03 11:44:18,1,0,0,1
2021-07-03 11:44:20,0,0,0,0
2021-07-03 11:44:21,11,1,7,19
2021-07-03 11:44:22,3,0,0,3
2021-07-03 11:44:24,2,0,0,2
2021-07-03 11:44:25,13,1,8,22
2021-07-03 11:44:26,2,0,1,3
2021-07-03 11:44:28,2,1,0,3
2021-07-03 11:44:29,567,17,141,725
2021-07-03 11:44:31,0,0,0,0
2021-07-03 11:44:34,0,0,0,0
2021-07-03 11:44:35,0,0,0,0
2021-07-03 11:44:38,0,0,0,0
2021-07-03 11:44:40,0,0,0,0
2021-07-03 11:44:42,0,0,0,0
2021-07-03 11:44:43,5,1,0,6
2021-07-03 11:44:44,0,0,0,0
2021-07-03 11:44:45,0,0,0,0
2021-07-03 11:44:46,0,0,0,0
2021-07-03 11:44:49,0,0,0,0
2021-07-03 11:44:51,24364,638,2221,27223
2021-07-03 11:44:52,1,0,1,2
2021-07-03 11:44:53,30,1,2,33
2021-07-03 11:44:54,1,0,0,1
2021-07-03 11:44:55,9,1,0,10
2021-07-03 11:44:56,60,1,19,80
2021-07-03 11:44:57,3,0,0,3
2021-07-03 11:44:58,9,1,1,11
2021-07-03 11:44:59,0,0,0,0
2021-07-03 11:45:00,11,1,5,17
2021-07-03 11:45:02,0,0,0,0
2021-07-03 11:45:03,10,0,6,16
2021-07-03 11:45:04,0,0,0,0
2021-07-03 11:45:06,1,0,0,1
2021-07-03 11:45:07,48,1,7,56
2021-07-03 11:45:08,0,0,0,0
2021-07-03 11:45:09,0,0,0,0
2021-07-03 11:45:11,0,0,0,0
2021-07-03 11:45:12,2,0,0,2
2021-07-03 11:45:13,0,0,0,0
2021-07-03 11:45:14,0,0,0,0
2021-07-03 11:45:15,0,0,0,0
2021-07-03 11:45:17,0,0,0,0
2021-07-03 11:45:19,2,0,0,2
2021-07-03 11:45:21,0,0,0,0
2021-07-03 11:45:22,425,24,53,502
2021-07-03 11:45:24,2,0,0,2
2021-07-03 11:45:26,35,0,8,43
2021-07-03 11:45:27,64,4,16,84
2021-07-03 11:45:28,1,0,0,1
2021-07-03 11:45:29,2,0,0,2
2021-07-03 11:45:31,85,2,14,101
2021-07-03 11:45:32,256,4,55,315
2021-07-03 11:45:35,18,0,1,19
2021-07-03 11:45:36,0,0,0,0
2021-07-03 11:45:37,3,0,1,4
2021-07-03 11:45:38,0,0,0,0
2021-07-03 11:45:39,9,1,2,12
2021-07-03 11:45:40,1,0,0,1
2021-07-03 11:45:43,52,3,21,76
2021-07-03 11:45:44,4,0,3,7
2021-07-03 11:45:45,1,1,0,2
2021-07-03 11:45:46,634,36,142,812
2021-07-03 11:45:47,2,0,0,2
2021-07-03 11:45:48,3,0,0,3
2021-07-03 11:45:49,2,0,0,2
2021-07-03 11:45:51,0,0,0,0
2021-07-03 11:45:52,1,0,0,1
2021-07-03 11:45:53,0,0,1,1
2021-07-03 11:45:54,0,0,0,0
2021-07-03 11:45:55,0,0,0,0
2021-07-03 11:45:56,2,0,0,2
2021-07-03 11:45:58,3,0,0,3
2021-07-03 11:45:59,14,1,3,18
2021-07-03 11:46:00,0,0,0,0
2021-07-03 11:46:03,0,0,0,0
2021-07-03 11:46:04,4,0,0,4
2021-07-03 11:46:05,3,0,1,4
2021-07-03 11:46:06,63,5,17,85
2021-07-03 11:46:07,2,0,0,2
2021-07-03 11:46:08,0,0,0,0
2021-07-03 11:46:09,0,0,0,0
2021-07-03 11:46:10,5,0,1,6
2021-07-03 11:46:14,1,0,0,1
2021-07-03 11:46:15,0,0,0,0
2021-07-03 11:46:16,0,0,0,0
2021-07-03 11:46:17,2,0,0,2
2021-07-03 11:46:18,237,5,59,301
2021-07-03 11:46:21,0,0,0,0
2021-07-03 11:46:22,816,16,166,998
2021-07-03 11:46:23,4,0,0,4
2021-07-03 11:46:24,4,0,1,5
2021-07-03 11:46:25,0,0,0,0
2021-07-03 11:46:27,326,10,61,397
2021-07-03 11:46:28,2,1,0,3
2021-07-03 11:46:29,0,0,2,2
2021-07-03 11:46:30,28,1,17,46
2021-07-03 11:46:31,352,6,113,471
2021-07-03 11:46:32,0,0,0,0
2021-07-03 11:46:33,0,0,1,1
2021-07-03 11:46:35,6,0,2,8
2021-07-03 11:46:36,0,0,1,1
2021-07-03 11:46:37,0,0,1,1
2021-07-03 11:46:38,0,0,2,2
2021-07-03 11:46:40,0,1,3,4
2021-07-03 11:46:41,14,0,5,19
2021-07-03 11:46:42,3,0,2,5
2021-07-03 11:46:43,0,0,1,1
2021-07-03 11:46:45,10,0,8,18
2021-07-03 11:46:48,6,0,3,9
2021-07-03 11:46:49,0,0,0,0
2021-07-03 11:46:50,2,0,0,2
2021-07-03 11:46:51,0,0,0,0
2021-07-03 11:46:52,0,0,0,0
2021-07-03 11:46:53,574,19,67,660
2021-07-03 11:46:54,20,2,2,24
2021-07-03 11:46:56,3,1,0,4
2021-07-03 11:47:00,16,0,6,22
2021-07-03 11:47:02,6,0,2,8
2021-07-03 11:47:05,1,0,0,1
2021-07-03 11:47:07,6,2,1,9
2021-07-03 11:47:08,4,0,1,5
2021-07-03 11:47:11,4,0,1,5
2021-07-03 11:47:12,0,0,0,0
2021-07-03 11:47:15,4,0,0,4
2021-07-03 11:47:20,0,0,0,0
2021-07-03 11:47:21,0,0,0,0
2021-07-03 11:47:23,2,0,0,2
2021-07-03 11:47:24,0,0,0,0
2021-07-03 11:47:27,1,0,0,1
2021-07-03 11:47:28,11,0,2,13
2021-07-03 11:47:29,61,5,18,84
2021-07-03 11:47:31,3,1,0,4
2021-07-03 11:47:32,23,0,3,26
2021-07-03 11:47:33,1,0,0,1
2021-07-03 11:47:34,3,0,0,3
2021-07-03 11:47:35,4,0,0,4
2021-07-03 11:47:36,0,0,0,0
2021-07-03 11:47:37,1,0,0,1
2021-07-03 11:47:38,12,1,0,13
2021-07-03 11:47:39,12,0,1,13
2021-07-03 11:47:40,1,0,0,1
2021-07-03 11:47:42,62,6,11,79
2021-07-03 11:47:43,0,0,0,0
2021-07-03 11:47:44,1,0,0,1
2021-07-03 11:47:45,1,0,0,1
2021-07-03 11:47:46,1,0,0,1
2021-07-03 11:47:47,101,0,31,132
2021-07-03 11:47:49,5,0,0,5
2021-07-03 11:47:51,106,4,28,138
2021-07-03 11:47:52,0,0,0,0
2021-07-03 11:47:53,1,0,0,1
2021-07-03 11:47:54,1,0,0,1
2021-07-03 11:47:55,2,0,0,2
2021-07-03 11:47:56,3,0,1,4
2021-07-03 11:47:57,1,1,0,2
2021-07-03 11:47:58,9,4,0,13
2021-07-03 11:47:59,4,1,2,7
2021-07-03 11:48:00,4,0,1,5
2021-07-03 11:48:01,335,6,49,390
2021-07-03 11:48:02,1,1,0,2
2021-07-03 11:48:03,1,1,0,2
2021-07-03 11:48:04,1,1,0,2
2021-07-03 11:48:05,10,0,1,11
2021-07-03 11:48:06,113,3,10,126
2021-07-03 11:48:07,1,1,0,2
2021-07-03 11:48:08,7,0,0,7
2021-07-03 11:48:10,0,0,0,0
2021-07-03 11:48:11,4366,53,672,5091
2021-07-03 11:48:13,1,0,0,1
2021-07-03 11:48:14,1,0,0,1
2021-07-03 11:48:15,5,0,2,7
2021-07-03 11:48:16,2,0,0,2
2021-07-03 11:48:17,1,0,0,1
2021-07-03 11:48:18,0,0,1,1
2021-07-03 11:48:19,0,5,0,5
2021-07-03 11:48:20,14,4,5,23
2021-07-03 11:48:24,0,0,0,0
2021-07-03 11:48:26,5,1,2,8
2021-07-03 11:48:29,0,1,0,1
2021-07-03 11:48:30,3,0,1,4
2021-07-03 11:48:31,7,2,0,9
2021-07-03 11:48:32,4,0,0,4
2021-07-03 11:48:33,53,1,16,70
2021-07-03 11:48:34,4,0,4,8
2021-07-03 11:48:35,4,0,1,5
2021-07-03 11:48:36,6,0,3,9
2021-07-03 11:48:37,5,0,5,10
2021-07-03 11:48:38,3,0,1,4
2021-07-03 11:48:39,85,1,26,112
2021-07-03 11:48:41,2,0,2,4
2021-07-03 11:48:42,2,0,1,3
2021-07-03 11:48:43,1680,31,271,1982
2021-07-03 11:48:44,1,0,1,2
2021-07-03 11:48:45,9,0,4,13
2021-07-03 11:48:46,0,0,0,0
2021-07-03 11:48:48,0,0,0,0
2021-07-03 11:48:49,4,0,1,5
2021-07-03 11:48:51,1,0,0,1
2021-07-03 11:48:52,1,0,0,1
2021-07-03 11:48:53,4,0,0,4
2021-07-03 11:48:54,10,1,4,15
2021-07-03 11:48:55,15,0,0,15
2021-07-03 11:48:56,0,0,0,0
2021-07-03 11:48:57,1,0,1,2
2021-07-03 11:48:58,0,0,0,0
2021-07-03 11:48:59,16,0,5,21
2021-07-03 11:49:01,0,0,0,0
2021-07-03 11:49:02,1,0,0,1
2021-07-03 11:49:03,1163,17,153,1333
2021-07-03 11:49:04,6,0,0,6
2021-07-03 11:49:05,5,0,0,5
2021-07-03 11:49:06,7810,109,1054,8973
2021-07-03 11:49:08,12,3,2,17
2021-07-03 11:49:09,13,1,1,15
2021-07-03 11:49:10,5,0,2,7
2021-07-03 11:49:11,30,4,7,41
2021-07-03 11:49:12,8,0,2,10
2021-07-03 11:49:13,0,0,0,0
2021-07-03 11:49:14,0,0,0,0
2021-07-03 11:49:16,2,0,0,2
2021-07-03 11:49:18,8,1,2,11
2021-07-03 11:49:19,0,1,0,1
2021-07-03 11:49:20,9058,280,1812,11150
2021-07-03 11:49:21,0,0,0,0
2021-07-03 11:49:23,12782,535,1140,14457
2021-07-03 11:49:24,2,0,1,3
2021-07-03 11:49:25,1,0,0,1
2021-07-03 11:49:26,1,0,0,1
2021-07-03 11:49:27,3,0,0,3
2021-07-03 11:49:28,1,0,0,1
2021-07-03 11:49:29,0,0,0,0
2021-07-03 11:49:30,0,0,0,0
2021-07-03 11:49:31,1,0,0,1
2021-07-03 11:49:32,7,0,2,9
2021-07-03 11:49:33,236,8,44,288
2021-07-03 11:49:35,6,0,1,7
2021-07-03 11:49:36,3,1,3,7
2021-07-03 11:49:37,0,0,0,0
2021-07-03 11:49:38,35,1,14,50
2021-07-03 11:49:40,0,0,0,0
2021-07-03 11:49:41,0,0,0,0
2021-07-03 11:49:42,0,0,0,0
2021-07-03 11:49:43,0,0,0,0
2021-07-03 11:49:44,1,0,1,2
2021-07-03 11:49:45,0,0,0,0
2021-07-03 11:49:46,1,1,0,2
2021-07-03 11:49:47,681,3,6,690
2021-07-03 11:49:48,15,0,5,20
2021-07-03 11:49:49,28,0,7,35
2021-07-03 11:49:50,107,0,18,125
2021-07-03 11:49:51,0,0,0,0
2021-07-03 11:49:52,14,0,3,17
2021-07-03 11:49:54,1,0,0,1
2021-07-03 11:49:55,1,1,0,2
2021-07-03 11:49:56,0,0,0,0
2021-07-03 11:49:57,25,0,4,29
2021-07-03 11:49:58,0,0,0,0
2021-07-03 11:49:59,0,0,0,0
2021-07-03 11:50:00,229,18,70,317
2021-07-03 11:50:01,71,0,9,80
2021-07-03 11:50:03,1,0,1,2
2021-07-03 11:50:04,1,0,0,1
2021-07-03 11:50:05,38,1,6,45
2021-07-03 11:50:06,0,0,0,0
2021-07-03 11:50:07,0,0,0,0
2021-07-03 11:50:08,2,0,1,3
2021-07-03 11:50:09,3,0,0,3
2021-07-03 11:50:10,109,2,31,142
2021-07-03 11:50:11,9,0,0,9
2021-07-03 11:50:12,3,0,1,4
2021-07-03 11:50:13,2,0,0,2
2021-07-03 11:50:14,9,1,1,11
2021-07-03 11:50:15,42,1,10,53
2021-07-03 11:50:16,0,0,0,0
2021-07-03 11:50:17,6,1,0,7
2021-07-03 11:50:18,1,0,0,1
2021-07-03 11:50:19,3,0,1,4
2021-07-03 11:50:21,0,0,0,0
2021-07-03 11:50:22,0,0,0,0
2021-07-03 11:50:23,3,0,0,3
2021-07-03 11:50:24,1,0,0,1
2021-07-03 11:50:26,94,2,24,120
2021-07-03 11:50:27,2,0,0,2
2021-07-03 11:50:28,4,0,0,4
2021-07-03 11:50:29,0,0,0,0
2021-07-03 11:50:30,493,8,88,589
2021-07-03 11:50:31,0,0,0,0
2021-07-03 11:50:32,5,1,1,7
2021-07-03 11:50:33,23,0,0,23
2021-07-03 11:50:34,9,0,3,12
2021-07-03 11:50:36,0,0,0,0
2021-07-03 11:50:37,1,0,0,1
2021-07-03 11:50:38,515,6,78,599
2021-07-03 11:50:39,3,0,1,4
2021-07-03 11:50:40,2,1,0,3
2021-07-03 11:50:41,0,0,0,0
2021-07-03 11:50:43,14,0,0,14
2021-07-03 11:50:44,0,0,0,0
2021-07-03 11:50:48,0,0,0,0
2021-07-03 11:50:49,0,0,0,0
2021-07-03 11:50:50,0,0,0,0
2021-07-03 11:50:51,1,0,0,1
2021-07-03 11:50:52,1,0,1,2
2021-07-03 11:50:53,224,6,61,291
2021-07-03 11:50:55,122,2,8,132
2021-07-03 11:50:56,0,0,0,0
2021-07-03 11:50:57,2,0,1,3
2021-07-03 11:50:58,7,2,0,9
2021-07-03 11:50:59,1,0,0,1
2021-07-03 11:51:00,1,0,0,1
2021-07-03 11:51:01,0,0,0,0
2021-07-03 11:51:02,6,0,1,7
2021-07-03 11:51:03,1,0,1,2
2021-07-03 11:51:05,1,0,1,2
2021-07-03 11:51:06,0,0,0,0
2021-07-03 11:51:07,1,1,0,2
2021-07-03 11:51:10,0,0,0,0
2021-07-03 11:51:12,3,0,2,5
2021-07-03 11:51:13,2,0,1,3
2021-07-03 11:51:15,1,0,0,1
2021-07-03 11:51:17,0,0,0,0
2021-07-03 11:51:19,469,9,127,605
2021-07-03 11:51:20,0,0,0,0
2021-07-03 11:51:21,0,0,0,0
2021-07-03 11:51:22,0,0,0,0
2021-07-03 11:51:23,1,1,0,2
2021-07-03 11:51:24,0,1,0,1
2021-07-03 11:51:25,0,0,0,0
2021-07-03 11:51:26,1,0,0,1
2021-07-03 11:51:27,5,0,2,7
2021-07-03 11:51:28,8,1,2,11
2021-07-03 11:51:29,1,0,0,1
2021-07-03 11:51:30,5,0,1,6
2021-07-03 11:51:31,833,22,216,1071
2021-07-03 11:51:32,13,0,1,14
2021-07-03 11:51:33,13,1,5,19
2021-07-03 11:51:34,0,0,0,0
2021-07-03 11:51:36,41,0,12,53
2021-07-03 11:51:37,0,0,0,0
2021-07-03 11:51:39,6,0,4,10
2021-07-03 11:51:40,77,1,15,93
2021-07-03 11:51:41,0,0,0,0
2021-07-03 11:51:43,288,3,13,304
2021-07-03 11:51:44,3,0,4,7
2021-07-03 11:51:45,0,0,0,0
2021-07-03 11:51:46,70,1,5,76
2021-07-03 11:51:48,2,0,0,2
2021-07-03 11:51:49,1,0,0,1
2021-07-03 11:51:50,5,0,0,5
2021-07-03 11:51:51,2,0,0,2
2021-07-03 11:51:52,0,0,0,0
2021-07-03 11:51:53,5,1,0,6
2021-07-03 11:51:54,2,0,1,3
2021-07-03 11:51:55,2,0,0,2
2021-07-03 11:51:56,0,0,0,0
2021-07-03 11:51:57,9,3,0,12
2021-07-03 11:52:00,6,0,0,6
2021-07-03 11:52:01,0,0,0,0
2021-07-03 11:52:02,1,0,0,1
2021-07-03 11:52:03,0,0,0,0
2021-07-03 11:52:04,1,0,0,1
2021-07-03 11:52:05,37,0,10,47
2021-07-03 11:52:06,3,1,0,4
2021-07-03 11:52:08,0,0,0,0
2021-07-03 11:52:09,6,0,1,7
2021-07-03 11:52:10,0,0,0,0
2021-07-03 11:52:11,1,0,0,1
2021-07-03 11:52:12,0,0,0,0
2021-07-03 11:52:13,0,0,0,0
2021-07-03 11:52:14,2,0,1,3
2021-07-03 11:52:15,6,1,2,9
2021-07-03 11:52:16,6,2,0,8
2021-07-03 11:52:18,6,1,0,7
2021-07-03 11:52:19,9,1,1,11
2021-07-03 11:52:21,40,6,3,49
2021-07-03 11:52:22,0,0,0,0
2021-07-03 11:52:23,97,5,22,124
2021-07-03 11:52:25,10,2,0,12
2021-07-03 11:52:26,5220,122,844,6186
2021-07-03 11:52:27,0,0,0,0
2021-07-03 11:52:30,0,0,0,0
2021-07-03 11:52:32,0,0,1,1
2021-07-03 11:52:33,0,0,0,0
2021-07-03 11:52:34,2,1,1,4
2021-07-03 11:52:35,7,0,0,7
2021-07-03 11:52:38,2,0,3,5
2021-07-03 11:52:39,0,0,0,0
2021-07-03 11:52:40,2,0,0,2
2021-07-03 11:52:41,5,0,1,6
2021-07-03 11:52:42,0,0,0,0
2021-07-03 11:52:43,0,0,0,0
2021-07-03 11:52:44,5,0,0,5
2021-07-03 11:52:45,6348,11,910,7269
2021-07-03 11:52:46,0,0,0,0
2021-07-03 11:52:47,14,2,0,16
2021-07-03 11:52:48,3,0,0,3
2021-07-03 11:52:49,3,0,0,3
2021-07-03 11:52:50,0,0,0,0
2021-07-03 11:52:51,576,22,168,766
2021-07-03 11:52:53,2,0,1,3
2021-07-03 11:52:55,61,1,16,78
2021-07-03 11:52:56,160,1,40,201
2021-07-03 11:52:57,4,0,2,6
2021-07-03 11:52:58,1,0,0,1
2021-07-03 11:53:00,16,1,5,22
2021-07-03 11:53:01,0,0,0,0
2021-07-03 11:53:02,1,0,0,1
2021-07-03 11:53:03,8,0,3,11
2021-07-03 11:53:05,0,0,0,0
2021-07-03 11:53:07,7,1,0,8
2021-07-03 11:53:08,0,0,0,0
2021-07-03 11:53:09,3,0,0,3
2021-07-03 11:53:10,18,0,2,20
2021-07-03 11:53:11,1,0,0,1
2021-07-03 11:53:12,158,6,33,197
2021-07-03 11:53:13,0,0,0,0
2021-07-03 11:53:15,22,1,10,33
2021-07-03 11:53:16,3,0,1,4
2021-07-03 11:53:17,62,0,8,70
2021-07-03 11:53:18,6,2,1,9
2021-07-03 11:53:19,0,0,0,0
2021-07-03 11:53:20,53,0,20,73
2021-07-03 11:53:21,0,0,0,0
2021-07-03 11:53:22,3,0,0,3
2021-07-03 11:53:24,1,0,0,1
2021-07-03 11:53:25,0,0,0,0
2021-07-03 11:53:26,2,0,1,3
2021-07-03 11:53:27,16,0,6,22
2021-07-03 11:53:28,2,0,0,2
2021-07-03 11:53:29,1,0,0,1
2021-07-03 11:53:30,6,0,0,6
2021-07-03 11:53:31,2,0,0,2
2021-07-03 11:53:33,0,0,0,0
2021-07-03 11:53:34,6,0,5,11
2021-07-03 11:53:35,2,0,2,4
2021-07-03 11:53:36,13,0,1,14
2021-07-03 11:53:37,1,0,0,1
2021-07-03 11:53:38,5,0,1,6
2021-07-03 11:53:40,73,5,11,89
2021-07-03 11:53:41,3,0,0,3
2021-07-03 11:53:42,6,0,1,7
2021-07-03 11:53:45,3,0,2,5
2021-07-03 11:53:46,1,0,0,1
2021-07-03 11:53:47,6,0,1,7
2021-07-03 11:53:48,11,0,0,11
2021-07-03 11:53:50,2,0,0,2
2021-07-03 11:53:53,2,0,0,2
2021-07-03 11:53:54,2,0,0,2
2021-07-03 11:53:55,4,2,0,6
2021-07-03 11:53:56,15,0,0,15
2021-07-03 11:53:57,0,0,0,0
2021-07-03 11:54:00,7,1,6,14
2021-07-03 11:54:01,0,0,0,0
2021-07-03 11:54:02,1,0,0,1
2021-07-03 11:54:03,1,0,2,3
2021-07-03 11:54:04,4394,142,734,5270
2021-07-03 11:54:05,5,0,2,7
2021-07-03 11:54:07,15,0,0,15
2021-07-03 11:54:08,0,0,0,0
2021-07-03 11:54:09,4,0,0,4
2021-07-03 11:54:10,0,0,0,0
2021-07-03 11:54:11,0,0,1,1
2021-07-03 11:54:12,2,0,0,2
2021-07-03 11:54:13,2,0,0,2
2021-07-03 11:54:14,5,2,1,8
2021-07-03 11:54:15,0,0,0,0
2021-07-03 11:54:16,0,0,0,0
2021-07-03 11:54:18,1,0,0,1
2021-07-03 11:54:20,0,0,0,0
2021-07-03 11:54:22,40,0,12,52
2021-07-03 11:54:23,1,0,0,1
2021-07-03 11:54:24,54,1,2,57
2021-07-03 11:54:25,10,0,2,12
2021-07-03 11:54:26,11,2,3,16
2021-07-03 11:54:28,5704,80,1064,6848
2021-07-03 11:54:29,163,3,8,174
2021-07-03 11:54:30,1,0,0,1
2021-07-03 11:54:31,1,0,0,1
2021-07-03 11:54:34,3,0,0,3
2021-07-03 11:54:35,13,0,4,17
2021-07-03 11:54:36,1,0,0,1
2021-07-03 11:54:40,4,0,0,4
2021-07-03 11:54:41,4,0,0,4
2021-07-03 11:54:43,11,1,3,15
2021-07-03 11:54:44,1603,90,59,1752
2021-07-03 11:54:45,0,0,0,0
2021-07-03 11:54:46,5,1,1,7
2021-07-03 11:54:47,0,0,0,0
2021-07-03 11:54:48,1032,11,116,1159
2021-07-03 11:54:49,1,0,1,2
2021-07-03 11:54:50,4,0,0,4
2021-07-03 11:54:51,6224,95,994,7313
2021-07-03 11:54:52,1,0,0,1
2021-07-03 11:54:54,1,0,0,1
2021-07-03 11:54:57,8,0,0,8
2021-07-03 11:54:58,1,0,0,1
2021-07-03 11:54:59,3,1,0,4
2021-07-03 11:55:00,2457,263,169,2889
2021-07-03 11:55:01,65,1,4,70
2021-07-03 11:55:02,393,9,137,539
2021-07-03 11:55:03,4,0,0,4
2021-07-03 11:55:04,3,1,0,4
2021-07-03 11:55:05,1,0,0,1
2021-07-03 11:55:06,2,0,0,2
2021-07-03 11:55:09,4,0,0,4
2021-07-03 11:55:12,2,0,0,2
2021-07-03 11:55:13,1,0,0,1
2021-07-03 11:55:14,144,19,13,176
2021-07-03 11:55:15,90,2,28,120
2021-07-03 11:55:16,8,2,1,11
2021-07-03 11:55:17,10,0,0,10
2021-07-03 11:55:19,1,0,0,1
2021-07-03 11:55:20,47,3,13,63
2021-07-03 11:55:21,5,1,2,8
2021-07-03 11:55:22,3,0,0,3
2021-07-03 11:55:23,2,0,0,2
2021-07-03 11:55:24,1,0,0,1
2021-07-03 11:55:28,3,0,0,3
2021-07-03 11:55:29,1,0,0,1
2021-07-03 11:55:30,316,19,8,343
2021-07-03 11:55:31,76,0,5,81
2021-07-03 11:55:34,3,0,0,3
2021-07-03 11:55:35,1,0,0,1
2021-07-03 11:55:36,3,0,0,3
2021-07-03 11:55:37,1,0,0,1
2021-07-03 11:55:38,72,2,9,83
2021-07-03 11:55:39,1,0,0,1
2021-07-03 11:55:40,6,0,1,7
2021-07-03 11:55:41,141,6,40,187
2021-07-03 11:55:42,1,0,0,1
2021-07-03 11:55:43,1,0,0,1
2021-07-03 11:55:45,12,1,2,15
2021-07-03 11:55:46,1,0,0,1
2021-07-03 11:55:47,24,1,7,32
2021-07-03 11:55:48,0,0,0,0
2021-07-03 11:55:49,4,0,0,4
2021-07-03 11:55:50,523,1,77,601
2021-07-03 11:55:51,2,0,0,2
2021-07-03 11:55:52,957,7,133,1097
2021-07-03 11:55:53,5,0,0,5
2021-07-03 11:55:55,2,0,0,2
2021-07-03 11:55:56,4,0,2,6
2021-07-03 11:55:57,0,0,0,0
2021-07-03 11:55:58,4,0,3,7
2021-07-03 11:55:59,0,0,0,0
2021-07-03 11:56:00,9,0,2,11
2021-07-03 11:56:01,2,0,1,3
2021-07-03 11:56:02,8,0,6,14
2021-07-03 11:56:03,2,0,2,4
2021-07-03 11:56:04,0,0,0,0
2021-07-03 11:56:05,1,2,0,3
2021-07-03 11:56:07,814,103,68,985
2021-07-03 11:56:08,0,0,0,0
2021-07-03 11:56:09,5,0,1,6
2021-07-03 11:56:10,0,0,1,1
2021-07-03 11:56:12,1,0,0,1
2021-07-03 11:56:13,2,1,0,3
2021-07-03 11:56:15,4,0,0,4
2021-07-03 11:56:16,0,0,0,0
2021-07-03 11:56:18,433,15,62,510
2021-07-03 11:56:20,1,0,0,1
2021-07-03 11:56:21,1,0,0,1
2021-07-03 11:56:22,2,0,1,3
2021-07-03 11:56:23,71,1,9,81
2021-07-03 11:56:24,11,2,2,15
2021-07-03 11:56:25,0,0,0,0
2021-07-03 11:56:26,3,0,1,4
2021-07-03 11:56:27,3,0,0,3
2021-07-03 11:56:28,3,0,0,3
2021-07-03 11:56:29,4,0,1,5
2021-07-03 11:56:30,10,1,3,14
2021-07-03 11:56:32,1,0,0,1
2021-07-03 11:56:33,1,0,0,1
2021-07-03 11:56:35,0,0,1,1
2021-07-03 11:56:37,11,0,3,14
2021-07-03 11:56:38,0,0,0,0
2021-07-03 11:56:39,0,0,0,0
2021-07-03 11:56:42,0,0,0,0
2021-07-03 11:56:43,6,0,2,8
2021-07-03 11:56:44,0,0,0,0
2021-07-03 11:56:45,2,0,0,2
2021-07-03 11:56:46,424,17,67,508
2021-07-03 11:56:47,18,2,1,21
2021-07-03 11:56:48,6,1,1,8
2021-07-03 11:56:49,8,0,1,9
2021-07-03 11:56:50,0,0,0,0
2021-07-03 11:56:52,0,0,0,0
2021-07-03 11:56:54,2,0,0,2
2021-07-03 11:56:55,53,0,7,60
2021-07-03 11:56:56,7,0,2,9
2021-07-03 11:56:58,1,0,1,2
2021-07-03 11:56:59,7,0,3,10
2021-07-03 11:57:00,18,0,6,24
2021-07-03 11:57:02,0,0,0,0
2021-07-03 11:57:03,4,0,0,4
2021-07-03 11:57:04,4,2,2,8
2021-07-03 11:57:05,1,0,0,1
2021-07-03 11:57:06,3,0,2,5
2021-07-03 11:57:08,2,0,1,3
2021-07-03 11:57:09,32,2,7,41
2021-07-03 11:57:10,0,0,0,0
2021-07-03 11:57:11,7,0,1,8
2021-07-03 11:57:12,26,0,1,27
2021-07-03 11:57:13,7,0,3,10
2021-07-03 11:57:14,4,0,1,5
2021-07-03 11:57:15,0,0,0,0
2021-07-03 11:57:16,2,0,0,2
2021-07-03 11:57:17,17,1,0,18
2021-07-03 11:57:18,497,8,124,629
2021-07-03 11:57:19,1,0,0,1
2021-07-03 11:57:20,268,16,70,354
2021-07-03 11:57:21,172,3,26,201
2021-07-03 11:57:22,3,1,2,6
2021-07-03 11:57:23,13,1,1,15
2021-07-03 11:57:24,23,1,11,35
2021-07-03 11:57:25,7923,452,885,9260
2021-07-03 11:57:26,31,0,9,40
2021-07-03 11:57:27,2,1,0,3
2021-07-03 11:57:29,25,2,1,28
2021-07-03 11:57:30,85,11,34,130
2021-07-03 11:57:32,3,2,1,6
2021-07-03 11:57:33,0,1,0,1
2021-07-03 11:57:34,2,2,0,4
2021-07-03 11:57:35,1,2,0,3
2021-07-03 11:57:36,6391,248,1131,7770
2021-07-03 11:57:37,110,5,40,155
2021-07-03 11:57:38,0,0,0,0
2021-07-03 11:57:39,83,0,21,104
2021-07-03 11:57:40,0,0,0,0
2021-07-03 11:57:42,0,0,0,0
2021-07-03 11:57:43,2,0,0,2
2021-07-03 11:57:44,0,0,0,0
2021-07-03 11:57:46,5,1,0,6
2021-07-03 11:57:47,4,0,2,6
2021-07-03 11:57:48,0,0,0,0
2021-07-03 11:57:50,15,1,2,18
2021-07-03 11:57:51,3,0,0,3
2021-07-03 11:57:52,1,0,0,1
2021-07-03 11:57:53,0,0,0,0
2021-07-03 11:57:55,0,0,0,0
2021-07-03 11:57:56,2,0,0,2
2021-07-03 11:57:58,4,0,2,6
2021-07-03 11:58:00,0,0,0,0
2021-07-03 11:58:01,304,12,84,400
2021-07-03 11:58:04,1,0,0,1
2021-07-03 11:58:05,1,0,0,1
2021-07-03 11:58:06,2,0,0,2
2021-07-03 11:58:07,21,0,2,23
2021-07-03 11:58:08,3,0,0,3
2021-07-03 11:58:09,4,0,0,4
2021-07-03 11:58:10,1,0,0,1
2021-07-03 11:58:11,1,0,0,1
2021-07-03 11:58:12,2,0,0,2
2021-07-03 11:58:13,1,0,0,1
2021-07-03 11:58:14,672,14,176,862
2021-07-03 11:58:15,1,0,0,1
2021-07-03 11:58:16,9,1,4,14
2021-07-03 11:58:17,2,0,0,2
2021-07-03 11:58:18,10,0,1,11
2021-07-03 11:58:19,7,0,1,8
2021-07-03 11:58:20,3,0,1,4
2021-07-03 11:58:21,0,0,0,0
2021-07-03 11:58:23,0,0,0,0
2021-07-03 11:58:24,4,0,1,5
2021-07-03 11:58:25,1,0,0,1
2021-07-03 11:58:26,2,0,1,3
2021-07-03 11:58:27,1,0,0,1
2021-07-03 11:58:28,4,0,0,4
2021-07-03 11:58:29,2,0,0,2
2021-07-03 11:58:30,2,0,0,2
2021-07-03 11:58:31,0,0,0,0
2021-07-03 11:58:32,1,0,0,1
2021-07-03 11:58:33,14,5,2,21
2021-07-03 11:58:36,7,1,3,11
2021-07-03 11:58:37,160,14,31,205
2021-07-03 11:58:38,10,1,3,14
2021-07-03 11:58:39,8,0,2,10
2021-07-03 11:58:40,1,0,1,2
2021-07-03 11:58:41,66,2,9,77
2021-07-03 11:58:43,0,0,0,0
2021-07-03 11:58:44,6,0,2,8
2021-07-03 11:58:46,212,10,62,284
2021-07-03 11:58:47,4,0,2,6
2021-07-03 11:58:48,3,0,1,4
2021-07-03 11:58:49,0,0,0,0
2021-07-03 11:58:50,6,0,3,9
2021-07-03 11:58:51,1,0,1,2
2021-07-03 11:58:52,2,2,0,4
2021-07-03 11:58:54,1,0,0,1
2021-07-03 11:58:55,3,0,0,3
2021-07-03 11:58:56,2,0,0,2
2021-07-03 11:58:58,90,2,11,103
2021-07-03 11:58:59,0,0,0,0
2021-07-03 11:59:00,5,0,3,8
2021-07-03 11:59:01,0,0,0,0
2021-07-03 11:59:03,0,0,0,0
2021-07-03 11:59:04,0,0,0,0
2021-07-03 11:59:05,4,0,1,5
2021-07-03 11:59:06,2,0,0,2
2021-07-03 11:59:07,6,0,2,8
2021-07-03 11:59:09,0,0,0,0
2021-07-03 11:59:11,13,0,1,14
2021-07-03 11:59:13,10,0,5,15
2021-07-03 11:59:14,1,0,0,1
2021-07-03 11:59:15,0,0,0,0
2021-07-03 11:59:16,1,0,0,1
2021-07-03 11:59:18,1,0,0,1
2021-07-03 11:59:20,6,0,2,8
2021-07-03 11:59:22,6,2,4,12
2021-07-03 11:59:23,2,0,0,2
2021-07-03 11:59:24,1,0,0,1
2021-07-03 11:59:25,2,0,0,2
2021-07-03 11:59:26,0,0,0,0
2021-07-03 11:59:27,6,0,0,6
2021-07-03 11:59:29,0,0,0,0
2021-07-03 11:59:30,907,13,34,954
2021-07-03 11:59:31,12,0,3,15
2021-07-03 11:59:33,188,7,56,251
2021-07-03 11:59:35,31,4,10,45
2021-07-03 11:59:37,5,0,1,6
2021-07-03 11:59:38,4,0,4,8
2021-07-03 11:59:39,5,0,4,9
2021-07-03 11:59:40,355,2,72,429
2021-07-03 11:59:41,82,3,22,107
2021-07-03 11:59:42,1,0,0,1
2021-07-03 11:59:44,1,0,0,1
2021-07-03 11:59:45,10,0,0,10
2021-07-03 11:59:46,0,0,0,0
2021-07-03 11:59:47,7,0,2,9
2021-07-03 11:59:49,0,0,0,0
2021-07-03 11:59:50,0,0,0,0
2021-07-03 11:59:51,41,7,17,65
2021-07-03 11:59:53,0,0,0,0
2021-07-03 11:59:54,0,0,0,0
2021-07-03 11:59:55,0,0,0,0
2021-07-03 11:59:57,3,0,0,3
2021-07-03 11:59:59,1,1,0,2
2021-07-03 12:00:00,4,0,2,6
2021-07-03 12:00:01,1205,34,302,1541
2021-07-03 12:00:02,1,0,0,1
2021-07-03 12:00:03,3,0,1,4
2021-07-03 12:00:04,1,0,0,1
2021-07-03 12:00:06,7,0,3,10
2021-07-03 12:00:07,36,5,5,46
2021-07-03 12:00:08,0,0,0,0
2021-07-03 12:00:09,0,0,0,0
2021-07-03 12:00:11,8,1,0,9
2021-07-03 12:00:12,0,0,0,0
2021-07-03 12:00:13,4,0,0,4
2021-07-03 12:00:14,1,0,0,1
2021-07-03 12:00:15,240,6,72,318
2021-07-03 12:00:16,0,0,0,0
2021-07-03 12:00:20,2,0,0,2
2021-07-03 12:00:21,0,0,0,0
2021-07-03 12:00:22,0,0,0,0
2021-07-03 12:00:23,4,0,7,11
2021-07-03 12:00:24,2,0,0,2
2021-07-03 12:00:25,1,1,0,2
2021-07-03 12:00:26,1,0,0,1
2021-07-03 12:00:27,1,0,1,2
2021-07-03 12:00:28,0,0,0,0
2021-07-03 12:00:29,5,0,0,5
2021-07-03 12:00:31,13,0,1,14
2021-07-03 12:00:34,0,0,0,0
2021-07-03 12:00:35,2,1,0,3
2021-07-03 12:00:36,6,0,2,8
2021-07-03 12:00:37,1,0,0,1
2021-07-03 12:00:39,9,0,1,10
2021-07-03 12:00:41,0,0,0,0
2021-07-03 12:00:43,0,0,0,0
2021-07-03 12:00:44,1,0,1,2
2021-07-03 12:00:45,1,0,1,2
2021-07-03 12:00:47,0,0,0,0
2021-07-03 12:00:49,4,0,2,6
2021-07-03 12:00:50,0,0,0,0
2021-07-03 12:00:51,0,0,0,0
2021-07-03 12:00:52,11,1,2,14
2021-07-03 12:00:54,1,0,0,1
2021-07-03 12:00:56,3,0,1,4
2021-07-03 12:00:58,5,0,0,5
2021-07-03 12:01:00,0,0,0,0
2021-07-03 12:01:01,1,0,1,2
2021-07-03 12:01:05,7,5,4,16
2021-07-03 12:01:06,0,0,0,0
2021-07-03 12:01:07,0,0,0,0
2021-07-03 12:01:08,2,0,0,2
2021-07-03 12:01:11,96,2,12,110
2021-07-03 12:01:12,52,4,17,73
2021-07-03 12:01:14,5,0,0,5
2021-07-03 12:01:16,37,3,1,41
2021-07-03 12:01:17,0,0,0,0
2021-07-03 12:01:18,2,0,0,2
2021-07-03 12:01:19,0,0,0,0
2021-07-03 12:01:20,98,0,4,102
2021-07-03 12:01:21,12,1,5,18
2021-07-03 12:01:24,2,0,0,2
2021-07-03 12:01:25,2,0,0,2
2021-07-03 12:01:26,7,0,3,10
2021-07-03 12:01:29,37,3,0,40
2021-07-03 12:01:31,0,0,0,0
2021-07-03 12:01:32,1,0,1,2
2021-07-03 12:01:33,1232,120,190,1542
2021-07-03 12:01:37,0,0,0,0
2021-07-03 12:01:38,111,7,32,150
2021-07-03 12:01:40,1,0,0,1
2021-07-03 12:01:41,1,0,0,1
2021-07-03 12:01:42,12,0,6,18
2021-07-03 12:01:43,0,0,0,0
2021-07-03 12:01:44,1,1,0,2
2021-07-03 12:01:46,0,0,0,0
2021-07-03 12:01:47,2,0,0,2
2021-07-03 12:01:48,2,0,0,2
2021-07-03 12:01:49,1,0,0,1
2021-07-03 12:01:51,0,0,0,0
2021-07-03 12:01:52,3,0,1,4
2021-07-03 12:01:54,0,0,0,0
2021-07-03 12:01:55,1,0,1,2
2021-07-03 12:01:56,0,0,0,0
2021-07-03 12:01:58,0,0,0,0
2021-07-03 12:02:00,0,0,0,0
2021-07-03 12:02:01,0,0,0,0
2021-07-03 12:02:04,1,0,0,1
2021-07-03 12:02:05,0,0,0,0
2021-07-03 12:02:06,4,1,0,5
2021-07-03 12:02:07,43,1,10,54
2021-07-03 12:02:08,1,0,0,1
2021-07-03 12:02:09,3,0,1,4
2021-07-03 12:02:12,1,0,0,1
2021-07-03 12:02:16,2,0,2,4
2021-07-03 12:02:18,18,2,5,25
2021-07-03 12:02:19,4,0,1,5
2021-07-03 12:02:21,1,0,0,1
2021-07-03 12:02:22,3,0,1,4
2021-07-03 12:02:23,12,1,4,17
2021-07-03 12:02:26,1,0,0,1
2021-07-03 12:02:27,2,0,0,2
2021-07-03 12:02:28,3,0,0,3
2021-07-03 12:02:29,35,0,5,40
2021-07-03 12:02:30,0,0,0,0
2021-07-03 12:02:31,0,0,0,0
2021-07-03 12:02:32,327,10,83,420
2021-07-03 12:02:35,1,0,0,1
2021-07-03 12:02:37,0,0,0,0
2021-07-03 12:02:38,1,0,1,2
2021-07-03 12:02:39,2,0,1,3
2021-07-03 12:02:40,2,0,1,3
2021-07-03 12:02:42,0,0,0,0
2021-07-03 12:02:46,38,1,0,39
2021-07-03 12:02:47,0,0,0,0
2021-07-03 12:02:48,1,0,0,1
2021-07-03 12:02:50,1,0,0,1
2021-07-03 12:02:51,89,2,28,119
2021-07-03 12:02:52,12,0,2,14
2021-07-03 12:02:57,2,0,0,2
2021-07-03 12:02:58,1,0,1,2
2021-07-03 12:03:00,20,2,5,27
2021-07-03 12:03:03,3,2,0,5
2021-07-03 12:03:04,644,26,142,812
2021-07-03 12:03:05,0,1,0,1
2021-07-03 12:03:06,0,0,0,0
2021-07-03 12:03:07,3,0,0,3
2021-07-03 12:03:09,0,0,0,0
2021-07-03 12:03:10,0,0,0,0
2021-07-03 12:03:11,13,0,8,21
2021-07-03 12:03:13,10,0,0,10
2021-07-03 12:03:14,0,0,0,0
2021-07-03 12:03:19,6,1,2,9
2021-07-03 12:03:21,11,0,3,14
2021-07-03 12:03:22,2,0,0,2
2021-07-03 12:03:23,29,3,9,41
2021-07-03 12:03:24,0,0,0,0
2021-07-03 12:03:25,0,0,0,0
2021-07-03 12:03:26,2,0,1,3
2021-07-03 12:03:27,0,0,0,0
2021-07-03 12:03:29,1,0,0,1
2021-07-03 12:03:30,0,0,0,0
2021-07-03 12:03:31,0,0,0,0
2021-07-03 12:03:34,0,0,0,0
2021-07-03 12:03:35,0,0,0,0
2021-07-03 12:03:36,9,1,1,11
2021-07-03 12:03:38,0,0,0,0
2021-07-03 12:03:39,248,3,19,270
2021-07-03 12:03:41,2,0,0,2
2021-07-03 12:03:43,34,2,12,48
2021-07-03 12:03:44,20,0,7,27
2021-07-03 12:03:45,111,2,19,132
2021-07-03 12:03:46,2,0,1,3
2021-07-03 12:03:47,3,0,0,3
2021-07-03 12:03:50,0,0,0,0
2021-07-03 12:03:53,1,0,0,1
2021-07-03 12:03:54,3,0,0,3
2021-07-03 12:03:56,0,0,0,0
2021-07-03 12:03:57,2,0,0,2
2021-07-03 12:03:58,78,4,13,95
2021-07-03 12:04:00,0,0,0,0
2021-07-03 12:04:01,0,0,0,0
2021-07-03 12:04:02,1,0,0,1
2021-07-03 12:04:04,1,2,1,4
2021-07-03 12:04:05,2,0,0,2
2021-07-03 12:04:07,0,0,0,0
2021-07-03 12:04:08,462,12,76,550
2021-07-03 12:04:10,15,1,2,18
2021-07-03 12:04:11,1,0,0,1
2021-07-03 12:04:13,0,0,0,0
2021-07-03 12:04:15,1,0,0,1
2021-07-03 12:04:16,0,0,0,0
2021-07-03 12:04:17,23,1,8,32
2021-07-03 12:04:18,1,0,0,1
2021-07-03 12:04:19,17,0,2,19
2021-07-03 12:04:20,842,17,194,1053
2021-07-03 12:04:22,0,0,0,0
2021-07-03 12:04:24,2,0,2,4
2021-07-03 12:04:25,5,0,1,6
2021-07-03 12:04:26,3,0,0,3
2021-07-03 12:04:27,10,0,5,15
2021-07-03 12:04:28,1,0,0,1
2021-07-03 12:04:29,30,0,2,32
2021-07-03 12:04:30,5,0,1,6
2021-07-03 12:04:31,3,0,0,3
2021-07-03 12:04:33,16,2,5,23
2021-07-03 12:04:36,5,2,0,7
2021-07-03 12:04:37,2,0,0,2
2021-07-03 12:04:38,0,0,0,0
2021-07-03 12:04:39,40,0,0,40
2021-07-03 12:04:40,2,0,0,2
2021-07-03 12:04:42,0,0,0,0
2021-07-03 12:04:43,12,0,0,12
2021-07-03 12:04:44,6,0,0,6
2021-07-03 12:04:45,33,3,14,50
2021-07-03 12:04:47,0,0,0,0
2021-07-03 12:04:48,4698,73,762,5533
2021-07-03 12:04:49,9,0,2,11
2021-07-03 12:04:50,0,0,0,0
2021-07-03 12:04:51,0,0,0,0
2021-07-03 12:04:52,3,0,0,3
2021-07-03 12:04:54,0,0,0,0
2021-07-03 12:04:55,0,0,0,0
2021-07-03 12:04:56,396,10,2,408
2021-07-03 12:04:57,2,0,0,2
2021-07-03 12:04:58,0,0,0,0
2021-07-03 12:04:59,0,0,0,0
2021-07-03 12:05:00,48,3,14,65
2021-07-03 12:05:01,0,0,0,0
2021-07-03 12:05:03,2,3,0,5
2021-07-03 12:05:04,0,1,0,1
2021-07-03 12:05:05,0,0,0,0
2021-07-03 12:05:06,1,0,0,1
2021-07-03 12:05:07,1,0,0,1
2021-07-03 12:05:09,2,0,0,2
2021-07-03 12:05:10,5,0,0,5
2021-07-03 12:05:11,0,0,0,0
2021-07-03 12:05:13,0,0,0,0
2021-07-03 12:05:14,7,0,0,7
2021-07-03 12:05:15,18,0,13,31
2021-07-03 12:05:16,0,0,0,0
2021-07-03 12:05:18,1,0,0,1
2021-07-03 12:05:19,0,0,0,0
2021-07-03 12:05:20,0,0,0,0
2021-07-03 12:05:21,47,0,4,51
2021-07-03 12:05:22,76,0,11,87
2021-07-03 12:05:23,30,0,6,36
2021-07-03 12:05:24,4,0,0,4
2021-07-03 12:05:25,2,0,0,2
2021-07-03 12:05:26,1,0,0,1
2021-07-03 12:05:28,0,0,0,0
2021-07-03 12:05:29,354,6,98,458
2021-07-03 12:05:30,15,0,3,18
2021-07-03 12:05:31,1154,27,164,1345
2021-07-03 12:05:32,0,0,0,0
2021-07-03 12:05:33,10,0,5,15
2021-07-03 12:05:34,43,3,11,57
2021-07-03 12:05:35,4,0,1,5
2021-07-03 12:05:36,10,2,2,14
2021-07-03 12:05:38,0,0,0,0
2021-07-03 12:05:39,5,0,1,6
2021-07-03 12:05:41,2,0,0,2
2021-07-03 12:05:42,415,6,68,489
2021-07-03 12:05:43,92,3,24,119
2021-07-03 12:05:44,0,0,0,0
2021-07-03 12:05:46,1,0,1,2
2021-07-03 12:05:48,0,0,0,0
2021-07-03 12:05:49,4,0,0,4
2021-07-03 12:05:50,0,0,0,0
2021-07-03 12:05:51,3,0,0,3
2021-07-03 12:05:52,31,0,9,40
2021-07-03 12:05:53,1,0,0,1
2021-07-03 12:05:54,0,0,1,1
2021-07-03 12:05:55,0,0,0,0
2021-07-03 12:05:56,0,0,0,0
2021-07-03 12:05:57,3,0,1,4
2021-07-03 12:05:58,2,0,0,2
2021-07-03 12:05:59,0,0,0,0
2021-07-03 12:06:00,0,0,0,0
2021-07-03 12:06:01,0,0,0,0
2021-07-03 12:06:02,0,0,0,0
2021-07-03 12:06:03,0,0,0,0
2021-07-03 12:06:04,0,0,0,0
2021-07-03 12:06:05,5,1,0,6
2021-07-03 12:06:06,0,0,0,0
2021-07-03 12:06:07,0,0,0,0
2021-07-03 12:06:08,0,0,0,0
2021-07-03 12:06:10,299,11,95,405
2021-07-03 12:06:11,3,0,1,4
2021-07-03 12:06:12,3,0,0,3
2021-07-03 12:06:13,9,0,2,11
2021-07-03 12:06:14,1,0,1,2
2021-07-03 12:06:15,0,0,0,0
2021-07-03 12:06:16,0,0,0,0
2021-07-03 12:06:17,27,1,5,33
2021-07-03 12:06:18,0,0,0,0
2021-07-03 12:06:19,8,0,2,10
2021-07-03 12:06:20,0,0,0,0
2021-07-03 12:06:21,0,0,0,0
2021-07-03 12:06:22,30,0,9,39
2021-07-03 12:06:23,5,0,1,6
2021-07-03 12:06:24,0,0,0,0
2021-07-03 12:06:25,0,0,0,0
2021-07-03 12:06:26,1,0,0,1
2021-07-03 12:06:27,4,0,0,4
2021-07-03 12:06:28,14,0,4,18
2021-07-03 12:06:29,0,0,0,0
2021-07-03 12:06:30,660,12,120,792
2021-07-03 12:06:31,5,0,0,5
2021-07-03 12:06:32,103,1,31,135
2021-07-03 12:06:34,0,0,0,0
2021-07-03 12:06:35,20,0,4,24
2021-07-03 12:06:36,2,0,1,3
2021-07-03 12:06:37,0,0,0,0
2021-07-03 12:06:38,8,0,2,10
2021-07-03 12:06:39,0,0,0,0
2021-07-03 12:06:40,1,0,0,1
2021-07-03 12:06:41,0,0,0,0
2021-07-03 12:06:42,8,1,1,10
2021-07-03 12:06:43,2,0,0,2
2021-07-03 12:06:44,92,0,18,110
2021-07-03 12:06:45,9,0,2,11
2021-07-03 12:06:46,1,0,1,2
2021-07-03 12:06:47,40,0,5,45
2021-07-03 12:06:49,1,0,0,1
2021-07-03 12:06:50,0,0,0,0
2021-07-03 12:06:51,1,0,0,1
2021-07-03 12:06:52,2,0,1,3
2021-07-03 12:06:53,0,0,0,0
2021-07-03 12:06:54,184,8,60,252
2021-07-03 12:06:55,3,0,1,4
2021-07-03 12:06:56,6,0,0,6
2021-07-03 12:06:57,3,0,0,3
2021-07-03 12:06:58,2,0,0,2
2021-07-03 12:07:00,0,0,0,0
2021-07-03 12:07:01,68,3,13,84
2021-07-03 12:07:02,5,0,0,5
2021-07-03 12:07:03,2,0,0,2
2021-07-03 12:07:04,1,0,0,1
2021-07-03 12:07:05,0,0,0,0
2021-07-03 12:07:06,1,0,0,1
2021-07-03 12:07:07,1018,31,129,1178
2021-07-03 12:07:08,2,0,0,2
2021-07-03 12:07:09,2,0,0,2
2021-07-03 12:07:10,4,0,1,5
2021-07-03 12:07:11,23,0,2,25
2021-07-03 12:07:12,0,0,0,0
2021-07-03 12:07:13,0,0,0,0
2021-07-03 12:07:14,3,0,2,5
2021-07-03 12:07:15,1,0,0,1
2021-07-03 12:07:17,24,0,7,31
2021-07-03 12:07:18,0,0,0,0
2021-07-03 12:07:20,10,3,0,13
2021-07-03 12:07:21,4,0,3,7
2021-07-03 12:07:22,7,0,0,7
2021-07-03 12:07:23,0,0,0,0
2021-07-03 12:07:24,0,0,0,0
2021-07-03 12:07:25,0,0,0,0
2021-07-03 12:07:26,8,0,1,9
2021-07-03 12:07:27,0,0,0,0
2021-07-03 12:07:28,1,0,1,2
2021-07-03 12:07:30,0,0,0,0
2021-07-03 12:07:31,4,0,0,4
2021-07-03 12:07:33,1,0,0,1
2021-07-03 12:07:34,6,1,3,10
2021-07-03 12:07:35,0,0,0,0
2021-07-03 12:07:37,3,1,0,4
2021-07-03 12:07:39,1,0,0,1
2021-07-03 12:07:40,9,0,5,14
2021-07-03 12:07:41,0,0,0,0
2021-07-03 12:07:42,1,0,0,1
2021-07-03 12:07:43,0,0,0,0
2021-07-03 12:07:44,0,0,0,0
2021-07-03 12:07:45,11,0,0,11
2021-07-03 12:07:48,183,1,13,197
2021-07-03 12:07:50,0,0,0,0
2021-07-03 12:07:51,33,0,7,40
2021-07-03 12:07:52,1,0,0,1
2021-07-03 12:07:53,0,0,0,0
2021-07-03 12:07:54,2,0,0,2
2021-07-03 12:07:55,0,0,0,0
2021-07-03 12:07:56,0,0,0,0
2021-07-03 12:07:57,0,0,0,0
2021-07-03 12:07:58,0,0,0,0
2021-07-03 12:07:59,0,0,0,0
2021-07-03 12:08:00,2,0,1,3
2021-07-03 12:08:01,2,1,0,3
2021-07-03 12:08:02,2,1,0,3
2021-07-03 12:08:04,4,0,0,4
2021-07-03 12:08:05,94,4,28,126
2021-07-03 12:08:08,1,0,0,1
2021-07-03 12:08:09,0,0,0,0
2021-07-03 12:08:10,2,0,0,2
2021-07-03 12:08:11,346,16,101,463
2021-07-03 12:08:14,20,3,3,26
2021-07-03 12:08:15,0,0,0,0
2021-07-03 12:08:16,0,0,0,0
2021-07-03 12:08:17,1,0,0,1
2021-07-03 12:08:18,0,0,0,0
2021-07-03 12:08:20,89,5,33,127
2021-07-03 12:08:21,0,0,0,0
2021-07-03 12:08:23,2,0,0,2
2021-07-03 12:08:24,0,0,0,0
2021-07-03 12:08:26,2,0,3,5
2021-07-03 12:08:27,3,0,0,3
2021-07-03 12:08:28,52,7,11,70
2021-07-03 12:08:29,0,0,0,0
2021-07-03 12:08:30,4,0,0,4
2021-07-03 12:08:31,13,0,2,15
2021-07-03 12:08:32,2,1,0,3
2021-07-03 12:08:33,6,1,1,8
2021-07-03 12:08:34,0,0,0,0
2021-07-03 12:08:35,0,0,0,0
2021-07-03 12:08:36,0,0,0,0
2021-07-03 12:08:38,0,0,0,0
2021-07-03 12:08:39,1,0,0,1
2021-07-03 12:08:40,0,0,0,0
2021-07-03 12:08:42,9,0,4,13
2021-07-03 12:08:43,0,0,0,0
2021-07-03 12:08:44,6,0,2,8
2021-07-03 12:08:47,5,0,3,8
2021-07-03 12:08:48,15,3,0,18
2021-07-03 12:08:49,11,0,3,14
2021-07-03 12:08:50,27,0,8,35
2021-07-03 12:08:52,147,5,38,190
2021-07-03 12:08:53,2,0,0,2
2021-07-03 12:08:54,2,0,0,2
2021-07-03 12:08:55,185,0,32,217
2021-07-03 12:08:56,27,1,4,32
2021-07-03 12:08:58,103,4,34,141
2021-07-03 12:09:01,4,0,2,6
2021-07-03 12:09:02,6,0,1,7
2021-07-03 12:09:03,1,0,0,1
2021-07-03 12:09:04,1,0,0,1
2021-07-03 12:09:05,6,0,2,8
2021-07-03 12:09:06,0,0,0,0
2021-07-03 12:09:07,2,0,0,2
2021-07-03 12:09:08,4,0,0,4
2021-07-03 12:09:09,15,1,2,18
2021-07-03 12:09:10,0,0,0,0
2021-07-03 12:09:11,0,0,0,0
2021-07-03 12:09:12,0,0,0,0
2021-07-03 12:09:13,26,0,12,38
2021-07-03 12:09:14,0,0,0,0
2021-07-03 12:09:16,0,0,0,0
2021-07-03 12:09:17,0,0,0,0
2021-07-03 12:09:19,1636,55,281,1972
2021-07-03 12:09:20,0,0,0,0
2021-07-03 12:09:21,0,0,0,0
2021-07-03 12:09:22,0,0,0,0
2021-07-03 12:09:23,5,0,0,5
2021-07-03 12:09:24,0,0,0,0
2021-07-03 12:09:25,41,0,8,49
2021-07-03 12:09:27,41,0,12,53
2021-07-03 12:09:28,0,0,0,0
2021-07-03 12:09:29,5,0,0,5
2021-07-03 12:09:30,24,0,5,29
2021-07-03 12:09:31,0,0,0,0
2021-07-03 12:09:32,49,1,11,61
2021-07-03 12:09:33,5,3,0,8
2021-07-03 12:09:34,13266,170,1130,14566
2021-07-03 12:09:35,3,2,0,5
2021-07-03 12:09:36,1,1,0,2
2021-07-03 12:09:37,6,2,0,8
2021-07-03 12:09:38,6,2,0,8
2021-07-03 12:09:40,4,0,0,4
2021-07-03 12:09:41,3,0,0,3
2021-07-03 12:09:42,1,0,0,1
2021-07-03 12:09:43,0,0,0,0
2021-07-03 12:09:45,0,0,0,0
2021-07-03 12:09:47,0,0,0,0
2021-07-03 12:09:48,0,0,0,0
2021-07-03 12:09:50,17,1,4,22
2021-07-03 12:09:51,26,0,5,31
2021-07-03 12:09:53,2,0,0,2
2021-07-03 12:09:54,0,0,0,0
2021-07-03 12:09:55,1,0,1,2
2021-07-03 12:09:56,0,0,0,0
2021-07-03 12:09:57,0,0,0,0
2021-07-03 12:09:59,2,0,0,2
2021-07-03 12:10:00,3325,1088,303,4716
2021-07-03 12:10:01,0,0,0,0
2021-07-03 12:10:02,0,0,0,0
2021-07-03 12:10:03,91,1,22,114
2021-07-03 12:10:04,1,0,0,1
2021-07-03 12:10:05,2,0,0,2
2021-07-03 12:10:06,3,1,0,4
2021-07-03 12:10:07,1,0,0,1
2021-07-03 12:10:08,3,0,0,3
2021-07-03 12:10:09,5,1,0,6
2021-07-03 12:10:10,1,0,0,1
2021-07-03 12:10:11,0,0,0,0
2021-07-03 12:10:12,2,2,0,4
2021-07-03 12:10:13,564,16,170,750
2021-07-03 12:10:14,15,1,2,18
2021-07-03 12:10:15,0,0,0,0
2021-07-03 12:10:16,1,0,0,1
2021-07-03 12:10:17,1,0,0,1
2021-07-03 12:10:18,1,0,0,1
2021-07-03 12:10:19,0,0,0,0
2021-07-03 12:10:20,44,0,16,60
2021-07-03 12:10:21,2,0,0,2
2021-07-03 12:10:22,80,2,20,102
2021-07-03 12:10:24,1,0,0,1
2021-07-03 12:10:25,0,0,0,0
2021-07-03 12:10:26,8,0,3,11
2021-07-03 12:10:27,0,0,0,0
2021-07-03 12:10:28,6,0,2,8
2021-07-03 12:10:29,2,0,0,2
2021-07-03 12:10:30,2,0,0,2
2021-07-03 12:10:31,918,22,134,1074
2021-07-03 12:10:32,1,0,0,1
2021-07-03 12:10:34,1,0,1,2
2021-07-03 12:10:35,16,3,3,22
2021-07-03 12:10:36,3,0,0,3
2021-07-03 12:10:37,2,0,0,2
2021-07-03 12:10:38,7,0,1,8
2021-07-03 12:10:40,3,0,0,3
2021-07-03 12:10:41,789,12,173,974
2021-07-03 12:10:42,25,2,6,33
2021-07-03 12:10:43,4,0,0,4
2021-07-03 12:10:44,2,0,1,3
2021-07-03 12:10:45,3,0,0,3
2021-07-03 12:10:46,719,25,189,933
2021-07-03 12:10:47,2,1,0,3
2021-07-03 12:10:48,19,1,3,23
2021-07-03 12:10:49,6,3,0,9
2021-07-03 12:10:51,7,0,0,7
2021-07-03 12:10:52,13,1,0,14
2021-07-03 12:10:53,6,1,0,7
2021-07-03 12:10:54,3,0,0,3
2021-07-03 12:10:55,96,2,18,116
2021-07-03 12:10:56,1,1,0,2
2021-07-03 12:10:57,11,0,2,13
2021-07-03 12:10:58,3,1,1,5
2021-07-03 12:11:00,3875,26,539,4440
2021-07-03 12:11:01,3,1,1,5
2021-07-03 12:11:02,1,1,1,3
2021-07-03 12:11:03,4,0,1,5
2021-07-03 12:11:04,4,0,2,6
2021-07-03 12:11:07,9,0,2,11
2021-07-03 12:11:08,1,0,1,2
2021-07-03 12:11:09,1,0,0,1
2021-07-03 12:11:10,11,0,4,15
2021-07-03 12:11:11,3,0,1,4
2021-07-03 12:11:12,1,0,1,2
2021-07-03 12:11:13,1,0,0,1
2021-07-03 12:11:14,1,0,0,1
2021-07-03 12:11:15,4,1,0,5
2021-07-03 12:11:16,117,2,13,132
2021-07-03 12:11:17,16,2,7,25
2021-07-03 12:11:18,3,0,1,4
2021-07-03 12:11:19,0,0,0,0
2021-07-03 12:11:20,2,0,0,2
2021-07-03 12:11:21,6,0,0,6
2021-07-03 12:11:22,2,0,0,2
2021-07-03 12:11:24,1,0,0,1
2021-07-03 12:11:25,7,0,0,7
2021-07-03 12:11:26,39,2,8,49
2021-07-03 12:11:27,1,0,0,1
2021-07-03 12:11:28,1,0,0,1
2021-07-03 12:11:29,4,0,3,7
2021-07-03 12:11:30,7,0,2,9
2021-07-03 12:11:31,0,1,0,1
2021-07-03 12:11:32,24,0,4,28
2021-07-03 12:11:33,1,0,0,1
2021-07-03 12:11:34,0,0,0,0
2021-07-03 12:11:35,0,0,0,0
2021-07-03 12:11:37,0,0,0,0
2021-07-03 12:11:38,51,0,21,72
2021-07-03 12:11:39,15,0,3,18
2021-07-03 12:11:41,0,0,0,0
2021-07-03 12:11:42,1,0,0,1
2021-07-03 12:11:43,0,0,0,0
2021-07-03 12:11:44,0,0,0,0
2021-07-03 12:11:45,3,0,1,4
2021-07-03 12:11:46,12,0,3,15
2021-07-03 12:11:47,3,0,1,4
2021-07-03 12:11:48,0,0,0,0
2021-07-03 12:11:49,0,0,0,0
2021-07-03 12:11:52,39,1,4,44
2021-07-03 12:11:53,5,0,0,5
2021-07-03 12:11:54,1,0,1,2
2021-07-03 12:11:55,55,3,14,72
2021-07-03 12:11:56,0,0,0,0
2021-07-03 12:11:57,2,0,2,4
2021-07-03 12:11:58,0,0,0,0
2021-07-03 12:12:00,0,0,0,0
2021-07-03 12:12:02,0,0,0,0
2021-07-03 12:12:03,0,0,0,0
2021-07-03 12:12:04,8,0,0,8
2021-07-03 12:12:05,35,2,9,46
2021-07-03 12:12:07,1,0,0,1
2021-07-03 12:12:08,6,0,0,6
2021-07-03 12:12:09,306,10,53,369
2021-07-03 12:12:10,2,0,0,2
2021-07-03 12:12:11,0,0,0,0
2021-07-03 12:12:12,4,0,1,5
2021-07-03 12:12:13,0,0,0,0
2021-07-03 12:12:14,1,0,1,2
2021-07-03 12:12:15,2,0,0,2
2021-07-03 12:12:16,1,0,0,1
2021-07-03 12:12:17,0,0,0,0
2021-07-03 12:12:18,0,0,0,0
2021-07-03 12:12:20,0,0,0,0
2021-07-03 12:12:21,1,0,0,1
2021-07-03 12:12:22,35,0,13,48
2021-07-03 12:12:23,0,0,0,0
2021-07-03 12:12:25,0,0,0,0
2021-07-03 12:12:26,0,0,0,0
2021-07-03 12:12:28,7,0,5,12
2021-07-03 12:12:29,0,0,0,0
2021-07-03 12:12:30,2,0,0,2
2021-07-03 12:12:31,1,0,0,1
2021-07-03 12:12:32,5,1,1,7
2021-07-03 12:12:33,0,0,0,0
2021-07-03 12:12:34,9,0,3,12
2021-07-03 12:12:35,2,1,0,3
2021-07-03 12:12:36,0,0,0,0
2021-07-03 12:12:37,7,0,0,7
2021-07-03 12:12:38,6,1,2,9
2021-07-03 12:12:39,0,0,0,0
2021-07-03 12:12:40,1,0,0,1
2021-07-03 12:12:41,2,0,0,2
2021-07-03 12:12:42,3,0,0,3
2021-07-03 12:12:43,2,0,0,2
2021-07-03 12:12:44,0,0,0,0
2021-07-03 12:12:45,4,0,0,4
2021-07-03 12:12:46,0,0,0,0
2021-07-03 12:12:47,1,0,0,1
2021-07-03 12:12:48,1,0,0,1
2021-07-03 12:12:49,1,0,0,1
2021-07-03 12:12:50,27,1,7,35
2021-07-03 12:12:51,0,0,0,0
2021-07-03 12:12:52,24,0,1,25
2021-07-03 12:12:53,0,0,0,0
2021-07-03 12:12:54,0,0,0,0
2021-07-03 12:12:55,0,0,0,0
2021-07-03 12:12:56,0,0,0,0
2021-07-03 12:12:57,4,0,2,6
2021-07-03 12:12:59,0,0,0,0
2021-07-03 12:13:00,2,0,0,2
2021-07-03 12:13:01,0,0,0,0
2021-07-03 12:13:02,2,0,0,2
2021-07-03 12:13:03,0,0,0,0
2021-07-03 12:13:05,0,0,0,0
2021-07-03 12:13:07,13,0,2,15
2021-07-03 12:13:08,0,0,0,0
2021-07-03 12:13:09,22,0,1,23
2021-07-03 12:13:10,7,1,1,9
2021-07-03 12:13:11,0,0,0,0
2021-07-03 12:13:12,0,0,0,0
2021-07-03 12:13:13,3,0,0,3
2021-07-03 12:13:14,5,0,2,7
2021-07-03 12:13:15,96,2,24,122
2021-07-03 12:13:16,15126,216,2076,17418
2021-07-03 12:13:18,0,0,0,0
2021-07-03 12:13:19,4,0,0,4
2021-07-03 12:13:20,1,1,0,2
2021-07-03 12:13:21,11,0,3,14
2021-07-03 12:13:22,1,0,0,1
2021-07-03 12:13:23,10645,384,1186,12215
2021-07-03 12:13:24,0,0,0,0
2021-07-03 12:13:25,0,0,0,0
2021-07-03 12:13:26,2,0,1,3
2021-07-03 12:13:28,0,0,0,0
2021-07-03 12:13:29,1,1,0,2
2021-07-03 12:13:30,0,0,0,0
2021-07-03 12:13:31,5,1,2,8
2021-07-03 12:13:32,2,0,1,3
2021-07-03 12:13:33,6,0,2,8
2021-07-03 12:13:34,0,0,0,0
2021-07-03 12:13:35,0,0,0,0
2021-07-03 12:13:36,20,0,7,27
2021-07-03 12:13:37,0,0,0,0
2021-07-03 12:13:38,3,2,0,5
2021-07-03 12:13:39,13,0,6,19
2021-07-03 12:13:40,28,1,2,31
2021-07-03 12:13:41,4,0,2,6
2021-07-03 12:13:42,0,1,0,1
2021-07-03 12:13:43,0,0,0,0
2021-07-03 12:13:45,0,0,0,0
2021-07-03 12:13:46,26,0,1,27
2021-07-03 12:13:47,2,0,0,2
2021-07-03 12:13:48,2,0,0,2
2021-07-03 12:13:49,0,0,0,0
2021-07-03 12:13:50,190,3,37,230
2021-07-03 12:13:51,0,0,0,0
2021-07-03 12:13:52,0,0,0,0
2021-07-03 12:13:53,1,0,0,1
2021-07-03 12:13:54,0,0,0,0
2021-07-03 12:13:55,0,0,0,0
2021-07-03 12:13:56,61,5,10,76
2021-07-03 12:13:57,4,0,1,5
2021-07-03 12:13:58,8,0,5,13
2021-07-03 12:13:59,0,0,0,0
2021-07-03 12:14:00,11,1,2,14
2021-07-03 12:14:01,0,0,0,0
2021-07-03 12:14:05,2,0,2,4
2021-07-03 12:14:07,0,0,1,1
2021-07-03 12:14:09,7,2,1,10
2021-07-03 12:14:10,0,0,0,0
2021-07-03 12:14:12,0,0,0,0
2021-07-03 12:14:14,0,0,0,0
2021-07-03 12:14:15,1,0,0,1
2021-07-03 12:14:16,40,3,4,47
2021-07-03 12:14:17,4,0,0,4
2021-07-03 12:14:18,2,0,0,2
2021-07-03 12:14:19,5,0,1,6
2021-07-03 12:14:20,3,0,0,3
2021-07-03 12:14:21,2,0,0,2
2021-07-03 12:14:22,7,0,0,7
2021-07-03 12:14:23,7,0,1,8
2021-07-03 12:14:24,140,1,47,188
2021-07-03 12:14:25,84,3,15,102
2021-07-03 12:14:26,1,0,0,1
2021-07-03 12:14:27,230,21,66,317
2021-07-03 12:14:28,138,4,10,152
2021-07-03 12:14:29,3,0,1,4
2021-07-03 12:14:30,5,0,2,7
2021-07-03 12:14:32,5,0,0,5
2021-07-03 12:14:33,2,0,0,2
2021-07-03 12:14:34,1,0,0,1
2021-07-03 12:14:35,2,0,0,2
2021-07-03 12:14:36,38,3,6,47
2021-07-03 12:14:37,2,0,0,2
2021-07-03 12:14:38,12,0,2,14
2021-07-03 12:14:39,2,0,0,2
2021-07-03 12:14:41,2,0,0,2
2021-07-03 12:14:42,7,0,0,7
2021-07-03 12:14:45,2,0,0,2
2021-07-03 12:14:46,9,2,0,11
2021-07-03 12:14:47,3,0,0,3
2021-07-03 12:14:48,3,0,1,4
2021-07-03 12:14:49,1,1,0,2
2021-07-03 12:14:50,6,0,2,8
2021-07-03 12:14:51,3,0,0,3
2021-07-03 12:14:52,2,0,0,2
2021-07-03 12:14:53,2,0,0,2
2021-07-03 12:14:54,1,0,0,1
2021-07-03 12:14:55,2,0,0,2
2021-07-03 12:14:58,9,0,0,9
2021-07-03 12:14:59,1,0,0,1
2021-07-03 12:15:00,258,9,82,349
2021-07-03 12:15:02,3,1,1,5
2021-07-03 12:15:03,0,0,0,0
2021-07-03 12:15:04,4,0,0,4
2021-07-03 12:15:05,2,0,0,2
2021-07-03 12:15:06,2,0,0,2
2021-07-03 12:15:07,5,0,1,6
2021-07-03 12:15:08,19,0,10,29
2021-07-03 12:15:10,1,0,0,1
2021-07-03 12:15:11,0,0,0,0
2021-07-03 12:15:14,0,0,0,0
2021-07-03 12:15:15,1,0,0,1
2021-07-03 12:15:16,0,0,0,0
2021-07-03 12:15:19,1,0,1,2
2021-07-03 12:15:20,0,0,0,0
2021-07-03 12:15:21,3,0,0,3
2021-07-03 12:15:22,5,0,0,5
2021-07-03 12:15:23,2,2,0,4
2021-07-03 12:15:24,1,1,1,3
2021-07-03 12:15:25,5047,85,864,5996
2021-07-03 12:15:26,1,0,0,1
2021-07-03 12:15:28,0,0,0,0
2021-07-03 12:15:29,1,0,1,2
2021-07-03 12:15:30,1,0,0,1
2021-07-03 12:15:32,0,0,0,0
2021-07-03 12:15:33,5,0,2,7
2021-07-03 12:15:34,17,0,4,21
2021-07-03 12:15:35,555,2,122,679
2021-07-03 12:15:36,0,0,0,0
2021-07-03 12:15:38,2,0,0,2
2021-07-03 12:15:39,1672,31,431,2134
2021-07-03 12:15:40,0,0,0,0
2021-07-03 12:15:42,1,0,0,1
2021-07-03 12:15:43,15,1,4,20
2021-07-03 12:15:44,5,0,2,7
2021-07-03 12:15:45,0,0,0,0
2021-07-03 12:15:46,6,0,3,9
2021-07-03 12:15:48,37,2,9,48
2021-07-03 12:15:49,0,0,0,0
2021-07-03 12:15:51,8,1,0,9
2021-07-03 12:15:54,0,0,0,0
2021-07-03 12:15:55,1,0,0,1
2021-07-03 12:15:57,0,0,0,0
2021-07-03 12:15:58,11,0,2,13
2021-07-03 12:15:59,1,0,0,1
2021-07-03 12:16:01,1,0,0,1
2021-07-03 12:16:03,11468,145,1598,13211
2021-07-03 12:16:04,1,0,1,2
2021-07-03 12:16:05,93,2,30,125
2021-07-03 12:16:07,1282,149,303,1734
2021-07-03 12:16:09,7,2,1,10
2021-07-03 12:16:10,0,0,0,0
2021-07-03 12:16:11,37,0,14,51
2021-07-03 12:16:13,1,0,1,2
2021-07-03 12:16:15,1,0,0,1
2021-07-03 12:16:16,0,0,0,0
2021-07-03 12:16:18,0,0,0,0
2021-07-03 12:16:19,2,0,1,3
2021-07-03 12:16:20,2,0,0,2
2021-07-03 12:16:21,56,4,15,75
2021-07-03 12:16:22,0,0,0,0
2021-07-03 12:16:23,0,0,0,0
2021-07-03 12:16:24,0,0,0,0
2021-07-03 12:16:25,7,0,0,7
2021-07-03 12:16:27,1,0,1,2
2021-07-03 12:16:28,1,0,0,1
2021-07-03 12:16:30,78,0,25,103
2021-07-03 12:16:31,6,0,3,9
2021-07-03 12:16:32,5,0,0,5
2021-07-03 12:16:34,1,0,0,1
2021-07-03 12:16:35,1,0,0,1
2021-07-03 12:16:36,1,1,0,2
2021-07-03 12:16:38,1,0,0,1
2021-07-03 12:16:39,6,0,4,10
2021-07-03 12:16:40,1,0,0,1
2021-07-03 12:16:41,684,15,147,846
2021-07-03 12:16:42,0,0,0,0
2021-07-03 12:16:43,90,1,28,119
2021-07-03 12:16:44,12,0,2,14
2021-07-03 12:16:45,3,0,0,3
2021-07-03 12:16:46,52,1,0,53
2021-07-03 12:16:47,3,0,0,3
2021-07-03 12:16:48,13,0,7,20
2021-07-03 12:16:49,0,0,0,0
2021-07-03 12:16:51,0,0,0,0
2021-07-03 12:16:52,2,0,1,3
2021-07-03 12:16:53,25,1,11,37
2021-07-03 12:16:54,3,0,0,3
2021-07-03 12:16:56,0,0,0,0
2021-07-03 12:16:57,2,0,0,2
2021-07-03 12:16:59,6,0,0,6
2021-07-03 12:17:01,1,0,0,1
2021-07-03 12:17:02,1,0,0,1
2021-07-03 12:17:03,246,1,8,255
2021-07-03 12:17:04,3314,37,407,3758
2021-07-03 12:17:06,426,28,75,529
2021-07-03 12:17:07,1,0,0,1
2021-07-03 12:17:08,3,0,0,3
2021-07-03 12:17:10,458,11,77,546
2021-07-03 12:17:11,16,0,2,18
2021-07-03 12:17:12,4,0,0,4
2021-07-03 12:17:13,2,0,1,3
2021-07-03 12:17:14,4,0,1,5
2021-07-03 12:17:15,1,0,0,1
2021-07-03 12:17:16,7,0,0,7
2021-07-03 12:17:17,54,4,16,74
2021-07-03 12:17:18,2,0,0,2
2021-07-03 12:17:19,1423,22,143,1588
2021-07-03 12:17:20,0,0,0,0
2021-07-03 12:17:21,1,0,0,1
2021-07-03 12:17:22,0,0,0,0
2021-07-03 12:17:23,0,0,0,0
2021-07-03 12:17:25,4,0,3,7
2021-07-03 12:17:26,12,1,4,17
2021-07-03 12:17:27,50,0,5,55
2021-07-03 12:17:28,2,1,0,3
2021-07-03 12:17:29,6,2,1,9
2021-07-03 12:17:30,15,3,6,24
2021-07-03 12:17:32,1,1,0,2
2021-07-03 12:17:34,3,2,0,5
2021-07-03 12:17:35,694,20,150,864
2021-07-03 12:17:36,0,0,0,0
2021-07-03 12:17:37,0,0,0,0
2021-07-03 12:17:39,3,0,1,4
2021-07-03 12:17:40,1,0,0,1
2021-07-03 12:17:41,30,0,2,32
2021-07-03 12:17:42,0,0,0,0
2021-07-03 12:17:43,0,0,0,0
2021-07-03 12:17:44,1,0,0,1
2021-07-03 12:17:45,10,0,1,11
2021-07-03 12:17:46,6,0,0,6
2021-07-03 12:17:47,2,1,0,3
2021-07-03 12:17:48,404,0,122,526
2021-07-03 12:17:49,0,0,0,0
2021-07-03 12:17:51,1,0,0,1
2021-07-03 12:17:52,1,1,0,2
2021-07-03 12:17:53,2,0,0,2
2021-07-03 12:17:54,0,0,0,0
2021-07-03 12:17:55,19,0,2,21
2021-07-03 12:17:56,1,0,0,1
2021-07-03 12:17:57,3,0,0,3
2021-07-03 12:17:58,2,0,0,2
2021-07-03 12:17:59,3,0,0,3
2021-07-03 12:18:00,1,0,0,1
2021-07-03 12:18:01,4096,82,619,4797
2021-07-03 12:18:02,0,0,0,0
2021-07-03 12:18:04,1,0,0,1
2021-07-03 12:18:05,3,0,0,3
2021-07-03 12:18:06,98,4,18,120
2021-07-03 12:18:07,2907,69,626,3602
2021-07-03 12:18:08,4,0,0,4
2021-07-03 12:18:09,1,0,0,1
2021-07-03 12:18:10,0,0,0,0
2021-07-03 12:18:11,2,0,0,2
2021-07-03 12:18:12,1,0,0,1
2021-07-03 12:18:13,1,0,1,2
2021-07-03 12:18:15,1,0,0,1
2021-07-03 12:18:16,3,0,0,3
2021-07-03 12:18:17,0,0,0,0
2021-07-03 12:18:18,39,0,10,49
2021-07-03 12:18:19,2,0,0,2
2021-07-03 12:18:20,17,1,0,18
2021-07-03 12:18:22,7,1,3,11
2021-07-03 12:18:23,1,0,0,1
2021-07-03 12:18:25,9,0,1,10
2021-07-03 12:18:26,2,0,1,3
2021-07-03 12:18:27,5,0,0,5
2021-07-03 12:18:28,1,0,0,1
2021-07-03 12:18:29,12,6,4,22
2021-07-03 12:18:30,1,0,0,1
2021-07-03 12:18:31,1,0,0,1
2021-07-03 12:18:32,21,1,3,25
2021-07-03 12:18:33,7,0,1,8
2021-07-03 12:18:34,17,0,0,17
2021-07-03 12:18:35,7,0,1,8
2021-07-03 12:18:37,1,0,0,1
2021-07-03 12:18:38,108,0,8,116
2021-07-03 12:18:39,3,0,1,4
2021-07-03 12:18:40,113,0,10,123
2021-07-03 12:18:41,2,0,0,2
2021-07-03 12:18:42,0,0,0,0
2021-07-03 12:18:43,396,5,57,458
2021-07-03 12:18:45,11,2,4,17
2021-07-03 12:18:46,0,0,0,0
2021-07-03 12:18:47,8,0,1,9
2021-07-03 12:18:48,5,0,1,6
2021-07-03 12:18:49,7,0,1,8
2021-07-03 12:18:50,3,0,0,3
2021-07-03 12:18:52,10,0,0,10
2021-07-03 12:18:53,3,1,0,4
2021-07-03 12:18:54,5,0,0,5
2021-07-03 12:18:55,1,0,0,1
2021-07-03 12:18:56,4,0,1,5
2021-07-03 12:18:58,2,0,0,2
2021-07-03 12:18:59,750,2,174,926
2021-07-03 12:19:00,6,0,0,6
2021-07-03 12:19:01,162,0,20,182
2021-07-03 12:19:02,3,0,3,6
2021-07-03 12:19:03,1,0,0,1
2021-07-03 12:19:04,0,0,0,0
2021-07-03 12:19:05,2,0,0,2
2021-07-03 12:19:06,1,0,1,2
2021-07-03 12:19:07,1,0,0,1
2021-07-03 12:19:08,2,0,0,2
2021-07-03 12:19:09,531,5,121,657
2021-07-03 12:19:10,0,0,0,0
2021-07-03 12:19:11,0,0,0,0
2021-07-03 12:19:12,1,0,2,3
2021-07-03 12:19:13,2,0,2,4
2021-07-03 12:19:14,1,0,0,1
2021-07-03 12:19:15,856,18,210,1084
2021-07-03 12:19:16,0,0,0,0
2021-07-03 12:19:17,1,0,0,1
2021-07-03 12:19:18,1,0,0,1
2021-07-03 12:19:20,1,0,0,1
2021-07-03 12:19:21,1,0,0,1
2021-07-03 12:19:22,7,0,0,7
2021-07-03 12:19:23,6,0,1,7
2021-07-03 12:19:24,1,0,0,1
2021-07-03 12:19:26,0,0,0,0
2021-07-03 12:19:27,1,0,0,1
2021-07-03 12:19:28,1,0,0,1
2021-07-03 12:19:29,7,0,1,8
2021-07-03 12:19:30,2,0,0,2
2021-07-03 12:19:31,3,0,0,3
2021-07-03 12:19:32,8,0,0,8
2021-07-03 12:19:34,4,0,1,5
2021-07-03 12:19:35,1,0,0,1
2021-07-03 12:19:36,1052,19,262,1333
2021-07-03 12:19:37,6,0,3,9
2021-07-03 12:19:38,0,0,0,0
2021-07-03 12:19:40,4,0,0,4
2021-07-03 12:19:41,13,2,0,15
2021-07-03 12:19:42,3,0,0,3
2021-07-03 12:19:43,1,0,0,1
2021-07-03 12:19:45,14,0,2,16
2021-07-03 12:19:46,9,0,1,10
2021-07-03 12:19:47,2,0,0,2
2021-07-03 12:19:49,20,1,0,21
2021-07-03 12:19:51,22,0,0,22
2021-07-03 12:19:52,5,0,0,5
2021-07-03 12:19:55,3,0,0,3
2021-07-03 12:19:57,0,0,0,0
2021-07-03 12:19:58,3,2,0,5
2021-07-03 12:19:59,0,0,0,0
2021-07-03 12:20:00,6,0,2,8
2021-07-03 12:20:01,38,2,8,48
2021-07-03 12:20:02,4,2,0,6
2021-07-03 12:20:03,0,0,0,0
2021-07-03 12:20:04,0,0,0,0
2021-07-03 12:20:05,31,1,4,36
2021-07-03 12:20:06,24,1,5,30
2021-07-03 12:20:07,31,0,0,31
2021-07-03 12:20:08,0,0,0,0
2021-07-03 12:20:09,2,0,0,2
2021-07-03 12:20:11,10,0,3,13
2021-07-03 12:20:12,3,0,0,3
2021-07-03 12:20:13,0,0,0,0
2021-07-03 12:20:16,0,0,0,0
2021-07-03 12:20:17,1,0,1,2
2021-07-03 12:20:18,1,0,0,1
2021-07-03 12:20:19,1,0,0,1
2021-07-03 12:20:20,97,0,15,112
2021-07-03 12:20:22,0,0,0,0
2021-07-03 12:20:23,2,1,0,3
2021-07-03 12:20:24,24,0,5,29
2021-07-03 12:20:25,4,0,0,4
2021-07-03 12:20:26,3,0,1,4
2021-07-03 12:20:27,1,1,0,2
2021-07-03 12:20:28,70,0,10,80
2021-07-03 12:20:29,0,1,0,1
2021-07-03 12:20:30,1,0,0,1
2021-07-03 12:20:31,1,0,0,1
2021-07-03 12:20:32,16,2,1,19
2021-07-03 12:20:34,0,0,0,0
2021-07-03 12:20:35,1,0,0,1
2021-07-03 12:20:37,652,8,160,820
2021-07-03 12:20:39,1,0,0,1
2021-07-03 12:20:40,1,1,0,2
2021-07-03 12:20:41,5,0,1,6
2021-07-03 12:20:42,13,0,0,13
2021-07-03 12:20:43,23,0,6,29
2021-07-03 12:20:44,3,0,1,4
2021-07-03 12:20:45,4,0,0,4
2021-07-03 12:20:46,2,0,0,2
2021-07-03 12:20:48,1,0,0,1
2021-07-03 12:20:49,2,0,0,2
2021-07-03 12:20:50,1,0,0,1
2021-07-03 12:20:51,1,1,0,2
2021-07-03 12:20:52,171,0,25,196
2021-07-03 12:20:53,10,0,2,12
2021-07-03 12:20:54,106,2,25,133
2021-07-03 12:20:55,1,0,0,1
2021-07-03 12:20:56,1,0,0,1
2021-07-03 12:20:57,4,0,0,4
2021-07-03 12:20:58,6,2,1,9
2021-07-03 12:20:59,4,0,2,6
2021-07-03 12:21:00,16,1,6,23
2021-07-03 12:21:01,1,0,0,1
2021-07-03 12:21:03,103,0,23,126
2021-07-03 12:21:04,0,0,0,0
2021-07-03 12:21:05,3,1,1,5
2021-07-03 12:21:06,1,0,0,1
2021-07-03 12:21:07,58,2,18,78
2021-07-03 12:21:08,8,0,0,8
2021-07-03 12:21:09,17,1,2,20
2021-07-03 12:21:10,13,1,4,18
2021-07-03 12:21:12,2,0,1,3
2021-07-03 12:21:13,0,0,0,0
2021-07-03 12:21:15,2,0,1,3
2021-07-03 12:21:16,0,0,0,0
2021-07-03 12:21:17,222,2,37,261
2021-07-03 12:21:19,2,0,1,3
2021-07-03 12:21:21,1,0,0,1
2021-07-03 12:21:22,2,0,1,3
2021-07-03 12:21:23,0,0,0,0
2021-07-03 12:21:24,5,0,1,6
2021-07-03 12:21:25,43,2,10,55
2021-07-03 12:21:26,0,0,0,0
2021-07-03 12:21:28,6,0,2,8
2021-07-03 12:21:29,0,0,0,0
2021-07-03 12:21:31,26,2,0,28
2021-07-03 12:21:33,6,0,2,8
2021-07-03 12:21:34,2,0,0,2
2021-07-03 12:21:35,1,0,0,1
2021-07-03 12:21:36,0,0,0,0
2021-07-03 12:21:37,4910,203,866,5979
2021-07-03 12:21:38,10,0,1,11
2021-07-03 12:21:39,4,0,0,4
2021-07-03 12:21:40,1,1,0,2
2021-07-03 12:21:43,0,0,0,0
2021-07-03 12:21:44,0,0,0,0
2021-07-03 12:21:45,0,0,0,0
2021-07-03 12:21:46,30,0,9,39
2021-07-03 12:21:47,3,0,0,3
2021-07-03 12:21:48,1,0,0,1
2021-07-03 12:21:49,1,0,0,1
2021-07-03 12:21:50,1,0,0,1
2021-07-03 12:21:52,0,0,0,0
2021-07-03 12:21:53,42,4,7,53
2021-07-03 12:21:54,0,0,0,0
2021-07-03 12:21:56,3,0,1,4
2021-07-03 12:21:58,0,0,0,0
2021-07-03 12:21:59,139,1,29,169
2021-07-03 12:22:00,0,0,1,1
2021-07-03 12:22:01,0,0,0,0
2021-07-03 12:22:02,1,1,0,2
2021-07-03 12:22:03,0,0,0,0
2021-07-03 12:22:04,0,0,0,0
2021-07-03 12:22:05,2,0,0,2
2021-07-03 12:22:07,16,0,7,23
2021-07-03 12:22:08,5,0,1,6
2021-07-03 12:22:09,0,0,0,0
2021-07-03 12:22:10,754,10,182,946
2021-07-03 12:22:11,0,0,0,0
2021-07-03 12:22:12,0,0,0,0
2021-07-03 12:22:13,7,0,2,9
2021-07-03 12:22:14,2,0,0,2
2021-07-03 12:22:15,0,0,0,0
2021-07-03 12:22:16,0,0,0,0
2021-07-03 12:22:17,0,0,0,0
2021-07-03 12:22:18,1,0,0,1
2021-07-03 12:22:19,3,0,0,3
2021-07-03 12:22:20,154,1,5,160
2021-07-03 12:22:21,9,0,2,11
2021-07-03 12:22:22,1,0,0,1
2021-07-03 12:22:23,2,0,0,2
2021-07-03 12:22:24,0,0,0,0
2021-07-03 12:22:26,0,0,0,0
2021-07-03 12:22:27,30,1,2,33
2021-07-03 12:22:28,7,1,1,9
2021-07-03 12:22:29,5,0,0,5
2021-07-03 12:22:30,3,1,0,4
2021-07-03 12:22:32,3,0,2,5
2021-07-03 12:22:33,0,0,0,0
2021-07-03 12:22:34,25,0,3,28
2021-07-03 12:22:35,84,1,25,110
2021-07-03 12:22:36,4,0,0,4
2021-07-03 12:22:38,0,0,0,0
2021-07-03 12:22:39,0,0,0,0
2021-07-03 12:22:40,0,0,0,0
2021-07-03 12:22:41,32,2,10,44
2021-07-03 12:22:42,93,3,4,100
2021-07-03 12:22:44,0,0,0,0
2021-07-03 12:22:45,104,4,4,112
2021-07-03 12:22:48,4,0,0,4
2021-07-03 12:22:49,0,0,0,0
2021-07-03 12:22:50,0,0,0,0
2021-07-03 12:22:51,0,0,0,0
2021-07-03 12:22:52,0,0,0,0
2021-07-03 12:22:54,0,0,0,0
2021-07-03 12:22:55,10,0,2,12
2021-07-03 12:22:56,0,0,0,0
2021-07-03 12:22:57,0,0,0,0
2021-07-03 12:22:58,95,2,16,113
2021-07-03 12:22:59,2,0,0,2
2021-07-03 12:23:01,0,0,0,0
2021-07-03 12:23:02,1,0,0,1
2021-07-03 12:23:03,2,0,0,2
2021-07-03 12:23:04,27,2,4,33
2021-07-03 12:23:05,230,8,42,280
2021-07-03 12:23:06,1,0,0,1
2021-07-03 12:23:07,0,0,0,0
2021-07-03 12:23:08,0,0,0,0
2021-07-03 12:23:09,12,1,3,16
2021-07-03 12:23:10,3,1,0,4
2021-07-03 12:23:11,0,0,0,0
2021-07-03 12:23:12,0,0,0,0
2021-07-03 12:23:13,0,0,0,0
2021-07-03 12:23:14,7,0,1,8
2021-07-03 12:23:15,2,0,0,2
2021-07-03 12:23:16,10,0,10,20
2021-07-03 12:23:17,11,2,0,13
2021-07-03 12:23:18,8,0,0,8
2021-07-03 12:23:19,16,2,2,20
2021-07-03 12:23:20,1752,83,80,1915
2021-07-03 12:23:21,10,0,8,18
2021-07-03 12:23:23,10,1,6,17
2021-07-03 12:23:24,0,0,0,0
2021-07-03 12:23:25,0,0,0,0
2021-07-03 12:23:26,4,1,1,6
2021-07-03 12:23:27,0,0,0,0
2021-07-03 12:23:30,300,6,54,360
2021-07-03 12:23:31,1,1,0,2
2021-07-03 12:23:32,1,0,0,1
2021-07-03 12:23:33,766,17,191,974
2021-07-03 12:23:34,1,0,0,1
2021-07-03 12:23:35,1,1,0,2
2021-07-03 12:23:36,3,0,0,3
2021-07-03 12:23:37,4,1,0,5
2021-07-03 12:23:38,0,0,0,0
2021-07-03 12:23:39,16,0,5,21
2021-07-03 12:23:40,0,0,0,0
2021-07-03 12:23:41,4,0,0,4
2021-07-03 12:23:42,1,0,0,1
2021-07-03 12:23:43,4,0,1,5
2021-07-03 12:23:44,0,0,0,0
2021-07-03 12:23:45,5,0,1,6
2021-07-03 12:23:47,4,0,1,5
2021-07-03 12:23:48,0,0,0,0
2021-07-03 12:23:49,2,0,0,2
2021-07-03 12:23:50,3,0,0,3
2021-07-03 12:23:51,30,0,5,35
2021-07-03 12:23:52,97,3,25,125
2021-07-03 12:23:53,2,0,0,2
2021-07-03 12:23:54,2,0,0,2
2021-07-03 12:23:55,11,1,4,16
2021-07-03 12:23:57,8,0,0,8
2021-07-03 12:23:58,4,0,0,4
2021-07-03 12:23:59,3,1,0,4
2021-07-03 12:24:00,8,0,0,8
2021-07-03 12:24:01,6,1,2,9
2021-07-03 12:24:03,3,0,0,3
2021-07-03 12:24:04,5,0,0,5
2021-07-03 12:24:05,6,1,0,7
2021-07-03 12:24:06,1,0,0,1
2021-07-03 12:24:08,0,0,0,0
2021-07-03 12:24:09,11,0,5,16
2021-07-03 12:24:11,0,0,0,0
2021-07-03 12:24:13,24,1,3,28
2021-07-03 12:24:14,4,0,0,4
2021-07-03 12:24:15,11,0,0,11
2021-07-03 12:24:16,0,0,0,0
2021-07-03 12:24:17,1,0,1,2
2021-07-03 12:24:19,0,0,0,0
2021-07-03 12:24:21,61,1,18,80
2021-07-03 12:24:23,6,1,1,8
2021-07-03 12:24:24,0,0,0,0
2021-07-03 12:24:25,1,0,1,2
2021-07-03 12:24:26,1,0,0,1
2021-07-03 12:24:27,0,0,0,0
2021-07-03 12:24:28,60,4,27,91
2021-07-03 12:24:29,1,0,0,1
2021-07-03 12:24:30,4,0,4,8
2021-07-03 12:24:32,5,0,0,5
2021-07-03 12:24:33,0,0,0,0
2021-07-03 12:24:34,14,2,4,20
2021-07-03 12:24:35,8,0,1,9
2021-07-03 12:24:36,0,0,0,0
2021-07-03 12:24:37,5,1,0,6
2021-07-03 12:24:39,3,0,0,3
2021-07-03 12:24:40,1,0,0,1
2021-07-03 12:24:41,8,0,0,8
2021-07-03 12:24:42,5,0,1,6
2021-07-03 12:24:43,2,0,0,2
2021-07-03 12:24:44,2,0,0,2
2021-07-03 12:24:45,2,0,0,2
2021-07-03 12:24:46,1,0,0,1
2021-07-03 12:24:47,1,0,0,1
2021-07-03 12:24:48,1,0,1,2
2021-07-03 12:24:49,0,0,0,0
2021-07-03 12:24:50,35,0,2,37
2021-07-03 12:24:51,23,2,13,38
2021-07-03 12:24:53,0,0,0,0
2021-07-03 12:24:55,1,0,0,1
2021-07-03 12:24:56,0,0,0,0
2021-07-03 12:24:57,58,2,8,68
2021-07-03 12:24:58,6,0,0,6
2021-07-03 12:24:59,0,0,0,0
2021-07-03 12:25:00,163,0,43,206
2021-07-03 12:25:02,3,1,1,5
2021-07-03 12:25:05,1,0,0,1
2021-07-03 12:25:06,1,0,0,1
2021-07-03 12:25:08,12,0,6,18
2021-07-03 12:25:10,252,6,68,326
2021-07-03 12:25:11,2,0,0,2
2021-07-03 12:25:13,1,1,0,2
2021-07-03 12:25:14,3,0,0,3
2021-07-03 12:25:15,15,1,5,21
2021-07-03 12:25:16,11,1,0,12
2021-07-03 12:25:17,35,3,13,51
2021-07-03 12:25:18,21,0,6,27
2021-07-03 12:25:19,0,0,0,0
2021-07-03 12:25:20,4,0,0,4
2021-07-03 12:25:21,1,0,0,1
2021-07-03 12:25:23,0,0,0,0
2021-07-03 12:25:24,2,0,0,2
2021-07-03 12:25:25,0,0,0,0
2021-07-03 12:25:26,0,0,0,0
2021-07-03 12:25:28,0,0,0,0
2021-07-03 12:25:29,19,0,2,21
2021-07-03 12:25:31,1,0,0,1
2021-07-03 12:25:32,3,0,1,4
2021-07-03 12:25:33,0,0,0,0
2021-07-03 12:25:34,15,0,3,18
2021-07-03 12:25:35,1,0,1,2
2021-07-03 12:25:36,1,0,0,1
2021-07-03 12:25:38,0,0,0,0
2021-07-03 12:25:39,116,1,39,156
2021-07-03 12:25:40,4,0,0,4
2021-07-03 12:25:41,38,0,0,38
2021-07-03 12:25:42,1,0,0,1
2021-07-03 12:25:43,2,0,0,2
2021-07-03 12:25:44,0,0,0,0
2021-07-03 12:25:46,5,0,0,5
2021-07-03 12:25:47,5,0,0,5
2021-07-03 12:25:48,2,0,0,2
2021-07-03 12:25:50,1,0,0,1
2021-07-03 12:25:51,1,0,0,1
2021-07-03 12:25:52,1,1,0,2
2021-07-03 12:25:53,0,0,0,0
2021-07-03 12:25:54,2,0,0,2
2021-07-03 12:25:56,20,2,2,24
2021-07-03 12:25:57,1,0,0,1
2021-07-03 12:25:58,1,0,0,1
2021-07-03 12:25:59,2,0,0,2
2021-07-03 12:26:00,3,0,0,3
2021-07-03 12:26:01,865,8,192,1065
2021-07-03 12:26:03,5,0,0,5
2021-07-03 12:26:04,6,0,0,6
2021-07-03 12:26:05,0,0,0,0
2021-07-03 12:26:06,5,0,0,5
2021-07-03 12:26:07,4,0,1,5
2021-07-03 12:26:08,12,2,7,21
2021-07-03 12:26:09,11,0,3,14
2021-07-03 12:26:11,6,0,2,8
2021-07-03 12:26:12,79,4,10,93
2021-07-03 12:26:14,3,0,1,4
2021-07-03 12:26:15,2,0,1,3
2021-07-03 12:26:17,4,0,3,7
2021-07-03 12:26:18,13,1,3,17
2021-07-03 12:26:19,1,0,1,2
2021-07-03 12:26:21,11,2,4,17
2021-07-03 12:26:22,894,12,176,1082
2021-07-03 12:26:23,7,0,4,11
2021-07-03 12:26:24,1,0,1,2
2021-07-03 12:26:27,3,0,2,5
2021-07-03 12:26:29,2,0,0,2
2021-07-03 12:26:30,2,0,0,2
2021-07-03 12:26:31,0,0,1,1
2021-07-03 12:26:34,1,0,0,1
2021-07-03 12:26:35,1,0,0,1
2021-07-03 12:26:36,1,0,0,1
2021-07-03 12:26:37,361,11,84,456
2021-07-03 12:26:38,2,0,0,2
2021-07-03 12:26:39,0,0,0,0
2021-07-03 12:26:41,7,1,3,11
2021-07-03 12:26:42,18,0,4,22
2021-07-03 12:26:43,0,0,1,1
2021-07-03 12:26:45,7,0,2,9
2021-07-03 12:26:46,11,0,4,15
2021-07-03 12:26:48,0,0,0,0
2021-07-03 12:26:49,48,1,16,65
2021-07-03 12:26:50,0,0,0,0
2021-07-03 12:26:51,2,2,0,4
2021-07-03 12:26:52,0,0,0,0
2021-07-03 12:26:53,0,0,0,0
2021-07-03 12:26:55,8,0,2,10
2021-07-03 12:26:56,2,0,0,2
2021-07-03 12:26:57,0,0,0,0
2021-07-03 12:26:58,24,2,4,30
2021-07-03 12:26:59,0,0,0,0
2021-07-03 12:27:01,0,0,0,0
2021-07-03 12:27:02,1,0,0,1
2021-07-03 12:27:03,0,0,0,0
2021-07-03 12:27:04,0,0,0,0
2021-07-03 12:27:05,0,0,0,0
2021-07-03 12:27:06,5,0,0,5
2021-07-03 12:27:08,6,0,0,6
2021-07-03 12:27:11,2,0,0,2
2021-07-03 12:27:12,0,0,0,0
2021-07-03 12:27:14,10,0,4,14
2021-07-03 12:27:15,195,9,37,241
2021-07-03 12:27:16,1,0,0,1
2021-07-03 12:27:17,4,0,0,4
2021-07-03 12:27:18,14,0,3,17
2021-07-03 12:27:19,13,0,5,18
2021-07-03 12:27:20,2,0,0,2
2021-07-03 12:27:21,55,1,16,72
2021-07-03 12:27:23,2,0,1,3
2021-07-03 12:27:24,3,0,1,4
2021-07-03 12:27:26,0,0,0,0
2021-07-03 12:27:27,0,0,0,0
2021-07-03 12:27:28,1,0,1,2
2021-07-03 12:27:29,0,0,0,0
2021-07-03 12:27:30,0,0,0,0
2021-07-03 12:27:31,4,1,1,6
2021-07-03 12:27:32,16,0,0,16
2021-07-03 12:27:33,0,0,0,0
2021-07-03 12:27:34,23,2,4,29
2021-07-03 12:27:35,46,1,6,53
2021-07-03 12:27:37,0,0,0,0
2021-07-03 12:27:38,0,0,0,0
2021-07-03 12:27:39,12,0,3,15
2021-07-03 12:27:41,2,0,0,2
2021-07-03 12:27:43,2,1,0,3
2021-07-03 12:27:44,4,0,2,6
2021-07-03 12:27:45,1,0,0,1
2021-07-03 12:27:49,0,0,0,0
2021-07-03 12:27:50,4,0,0,4
2021-07-03 12:27:51,0,0,0,0
2021-07-03 12:27:52,48,0,36,84
2021-07-03 12:27:54,14,1,5,20
2021-07-03 12:27:56,2,0,0,2
2021-07-03 12:27:57,1,0,0,1
2021-07-03 12:27:58,31,0,10,41
2021-07-03 12:27:59,0,0,0,0
2021-07-03 12:28:00,0,0,0,0
2021-07-03 12:28:01,17,0,4,21
2021-07-03 12:28:04,1,0,1,2
2021-07-03 12:28:05,93,4,11,108
2021-07-03 12:28:07,0,0,0,0
2021-07-03 12:28:08,0,0,0,0
2021-07-03 12:28:09,43,1,5,49
2021-07-03 12:28:10,83,2,23,108
2021-07-03 12:28:11,18,4,1,23
2021-07-03 12:28:12,0,0,0,0
2021-07-03 12:28:13,0,0,0,0
2021-07-03 12:28:14,0,0,0,0
2021-07-03 12:28:15,2,0,0,2
2021-07-03 12:28:16,1,0,0,1
2021-07-03 12:28:18,0,0,0,0
2021-07-03 12:28:19,0,0,0,0
2021-07-03 12:28:20,0,0,0,0
2021-07-03 12:28:21,0,0,0,0
2021-07-03 12:28:22,0,0,0,0
2021-07-03 12:28:23,0,0,0,0
2021-07-03 12:28:25,9,0,3,12
2021-07-03 12:28:26,0,0,0,0
2021-07-03 12:28:27,0,0,0,0
2021-07-03 12:28:28,3,0,0,3
2021-07-03 12:28:29,285,9,79,373
2021-07-03 12:28:30,6,0,0,6
2021-07-03 12:28:32,34,0,0,34
2021-07-03 12:28:33,230,16,12,258
2021-07-03 12:28:34,0,0,0,0
2021-07-03 12:28:35,154,87,26,267
2021-07-03 12:28:36,9,0,6,15
2021-07-03 12:28:37,0,0,0,0
2021-07-03 12:28:38,0,0,0,0
2021-07-03 12:28:39,1,0,0,1
2021-07-03 12:28:42,1,0,0,1
2021-07-03 12:28:43,5,0,2,7
2021-07-03 12:28:44,2,0,2,4
2021-07-03 12:28:45,118,13,30,161
2021-07-03 12:28:46,1,0,1,2
2021-07-03 12:28:48,39,1,10,50
2021-07-03 12:28:49,0,0,0,0
2021-07-03 12:28:50,77,1,15,93
2021-07-03 12:28:51,3,1,0,4
2021-07-03 12:28:52,0,0,0,0
2021-07-03 12:28:53,1,0,0,1
2021-07-03 12:28:55,6,0,1,7
2021-07-03 12:28:56,2,0,0,2
2021-07-03 12:28:57,0,0,0,0
2021-07-03 12:28:59,0,0,0,0
2021-07-03 12:29:00,1814,12,285,2111
2021-07-03 12:29:01,1,0,1,2
2021-07-03 12:29:03,4,0,1,5
2021-07-03 12:29:05,5,0,2,7
2021-07-03 12:29:06,1,0,1,2
2021-07-03 12:29:07,7,0,1,8
2021-07-03 12:29:08,3,0,1,4
2021-07-03 12:29:09,0,0,0,0
2021-07-03 12:29:12,1,0,1,2
2021-07-03 12:29:16,0,0,0,0
2021-07-03 12:29:17,1,0,0,1
2021-07-03 12:29:18,0,0,0,0
2021-07-03 12:29:19,0,0,1,1
2021-07-03 12:29:20,2,0,1,3
2021-07-03 12:29:21,17,2,5,24
2021-07-03 12:29:23,0,0,0,0
2021-07-03 12:29:24,6,2,4,12
2021-07-03 12:29:26,0,0,0,0
2021-07-03 12:29:27,2,0,1,3
2021-07-03 12:29:29,0,0,0,0
2021-07-03 12:29:30,31,0,2,33
2021-07-03 12:29:31,29,1,8,38
2021-07-03 12:29:33,2,0,0,2
2021-07-03 12:29:34,1,0,0,1
2021-07-03 12:29:35,0,0,0,0
2021-07-03 12:29:36,0,0,0,0
2021-07-03 12:29:37,0,0,0,0
2021-07-03 12:29:38,0,0,0,0
2021-07-03 12:29:40,1,0,0,1
2021-07-03 12:29:42,0,0,0,0
2021-07-03 12:29:43,78,6,37,121
2021-07-03 12:29:44,1717,51,332,2100
2021-07-03 12:29:45,6,2,1,9
2021-07-03 12:29:47,56,0,4,60
2021-07-03 12:29:48,1,0,0,1
2021-07-03 12:29:49,4,0,0,4
2021-07-03 12:29:50,6,1,1,8
2021-07-03 12:29:51,5,0,1,6
2021-07-03 12:29:52,0,0,0,0
2021-07-03 12:29:53,1,0,0,1
2021-07-03 12:29:54,6,0,1,7
2021-07-03 12:29:55,1,0,0,1
2021-07-03 12:29:57,45,2,12,59
2021-07-03 12:29:58,7,0,0,7
2021-07-03 12:29:59,0,1,0,1
2021-07-03 12:30:00,1866,62,455,2383
2021-07-03 12:30:01,34,1,15,50
2021-07-03 12:30:02,1684,18,332,2034
2021-07-03 12:30:04,2,0,1,3
2021-07-03 12:30:05,1,0,0,1
2021-07-03 12:30:07,1,0,0,1
2021-07-03 12:30:08,0,0,0,0
2021-07-03 12:30:09,4,0,0,4
2021-07-03 12:30:10,0,0,0,0
2021-07-03 12:30:11,7,0,0,7
2021-07-03 12:30:12,1,0,0,1
2021-07-03 12:30:13,4,0,2,6
2021-07-03 12:30:14,10,1,1,12
2021-07-03 12:30:15,1,0,2,3
2021-07-03 12:30:18,81,0,8,89
2021-07-03 12:30:19,1247,41,296,1584
2021-07-03 12:30:20,18,0,4,22
2021-07-03 12:30:22,0,0,0,0
2021-07-03 12:30:23,0,0,0,0
2021-07-03 12:30:24,0,0,0,0
2021-07-03 12:30:27,150,0,22,172
2021-07-03 12:30:28,0,0,0,0
2021-07-03 12:30:29,6,0,4,10
2021-07-03 12:30:31,11,0,2,13
2021-07-03 12:30:32,1,0,1,2
2021-07-03 12:30:33,3,0,1,4
2021-07-03 12:30:34,9,0,2,11
2021-07-03 12:30:35,5,1,1,7
2021-07-03 12:30:36,966,36,186,1188
2021-07-03 12:30:37,145,2,31,178
2021-07-03 12:30:38,0,0,0,0
2021-07-03 12:30:39,4,1,0,5
2021-07-03 12:30:40,3,0,2,5
2021-07-03 12:30:42,22,1,10,33
2021-07-03 12:30:43,76,0,20,96
2021-07-03 12:30:44,3,0,1,4
2021-07-03 12:30:45,14,0,4,18
2021-07-03 12:30:48,4,2,1,7
2021-07-03 12:30:49,2,2,0,4
2021-07-03 12:30:50,0,3,1,4
2021-07-03 12:30:51,3,0,0,3
2021-07-03 12:30:52,8,1,3,12
2021-07-03 12:30:53,5,0,2,7
2021-07-03 12:30:55,20,3,4,27
2021-07-03 12:30:56,2,2,1,5
2021-07-03 12:30:57,4,0,2,6
2021-07-03 12:30:58,34,3,4,41
2021-07-03 12:31:00,64,5,20,89
2021-07-03 12:31:01,8,3,2,13
2021-07-03 12:31:03,0,0,0,0
2021-07-03 12:31:04,2,0,0,2
2021-07-03 12:31:07,8,0,2,10
2021-07-03 12:31:08,263,6,55,324
2021-07-03 12:31:09,0,0,0,0
2021-07-03 12:31:10,0,0,0,0
2021-07-03 12:31:11,1,0,1,2
2021-07-03 12:31:12,43,1,8,52
2021-07-03 12:31:14,14,0,2,16
2021-07-03 12:31:16,302,18,49,369
2021-07-03 12:31:18,6,1,1,8
2021-07-03 12:31:19,27,0,2,29
2021-07-03 12:31:20,1,0,0,1
2021-07-03 12:31:21,2,1,1,4
2021-07-03 12:31:22,0,0,0,0
2021-07-03 12:31:23,0,0,0,0
2021-07-03 12:31:25,0,0,0,0
2021-07-03 12:31:26,0,0,0,0
2021-07-03 12:31:27,1,0,0,1
2021-07-03 12:31:29,2,0,2,4
2021-07-03 12:31:30,6,0,0,6
2021-07-03 12:31:32,0,0,0,0
2021-07-03 12:31:33,0,0,0,0
2021-07-03 12:31:35,1,0,0,1
2021-07-03 12:31:36,0,1,0,1
2021-07-03 12:31:38,0,0,0,0
2021-07-03 12:31:39,2,0,0,2
2021-07-03 12:31:40,1,0,0,1
2021-07-03 12:31:41,6,0,2,8
2021-07-03 12:31:43,0,0,0,0
2021-07-03 12:31:44,4,0,2,6
2021-07-03 12:31:45,2,2,1,5
2021-07-03 12:31:46,1,0,0,1
2021-07-03 12:31:47,4,0,0,4
2021-07-03 12:31:48,0,0,0,0
2021-07-03 12:31:49,0,0,0,0
2021-07-03 12:31:50,160,22,42,224
2021-07-03 12:31:51,12,0,1,13
2021-07-03 12:31:52,0,0,0,0
2021-07-03 12:31:53,1,0,0,1
2021-07-03 12:31:54,1,0,1,2
2021-07-03 12:31:55,1,0,0,1
2021-07-03 12:31:56,2,0,1,3
2021-07-03 12:31:58,2,1,0,3
2021-07-03 12:31:59,0,0,0,0
2021-07-03 12:32:01,46,0,14,60
2021-07-03 12:32:03,6,1,0,7
2021-07-03 12:32:04,2,0,0,2
2021-07-03 12:32:05,14,1,1,16
2021-07-03 12:32:07,40,2,10,52
2021-07-03 12:32:09,1,0,0,1
2021-07-03 12:32:10,2,0,0,2
2021-07-03 12:32:13,2,0,0,2
2021-07-03 12:32:14,0,0,0,0
2021-07-03 12:32:15,3,0,2,5
2021-07-03 12:32:16,0,0,0,0
2021-07-03 12:32:17,1,0,0,1
2021-07-03 12:32:18,1,0,0,1
2021-07-03 12:32:19,247,4,46,297
2021-07-03 12:32:20,0,0,0,0
2021-07-03 12:32:21,2,0,0,2
2021-07-03 12:32:26,0,0,0,0
2021-07-03 12:32:27,6,0,1,7
2021-07-03 12:32:28,1,0,0,1
2021-07-03 12:32:29,62,0,19,81
2021-07-03 12:32:30,1,0,0,1
2021-07-03 12:32:32,1,0,0,1
2021-07-03 12:32:33,10,0,0,10
2021-07-03 12:32:34,15,0,12,27
2021-07-03 12:32:35,0,0,0,0
2021-07-03 12:32:36,1,0,0,1
2021-07-03 12:32:38,13,0,6,19
2021-07-03 12:32:39,6,0,0,6
2021-07-03 12:32:41,0,0,0,0
2021-07-03 12:32:43,3178,89,621,3888
2021-07-03 12:32:44,0,0,0,0
2021-07-03 12:32:45,1,0,0,1
2021-07-03 12:32:46,0,0,0,0
2021-07-03 12:32:47,13,0,0,13
2021-07-03 12:32:48,1,0,0,1
2021-07-03 12:32:49,0,0,0,0
2021-07-03 12:32:50,2,0,1,3
2021-07-03 12:32:51,15,0,12,27
2021-07-03 12:32:52,7,1,4,12
2021-07-03 12:32:53,13,0,2,15
2021-07-03 12:32:54,158,4,19,181
2021-07-03 12:32:55,1,0,0,1
2021-07-03 12:32:56,6,0,1,7
2021-07-03 12:32:57,2,0,0,2
2021-07-03 12:32:58,5,0,2,7
2021-07-03 12:32:59,2,0,0,2
2021-07-03 12:33:00,10,0,1,11
2021-07-03 12:33:02,0,0,0,0
2021-07-03 12:33:03,2,0,0,2
2021-07-03 12:33:04,5,0,0,5
2021-07-03 12:33:05,22,0,3,25
2021-07-03 12:33:07,17,1,10,28
2021-07-03 12:33:08,4,0,0,4
2021-07-03 12:33:09,7,0,4,11
2021-07-03 12:33:10,29,2,14,45
2021-07-03 12:33:11,12,1,6,19
2021-07-03 12:33:12,66,6,11,83
2021-07-03 12:33:13,1,0,0,1
2021-07-03 12:33:14,11,2,0,13
2021-07-03 12:33:15,1,0,0,1
2021-07-03 12:33:16,30,1,8,39
2021-07-03 12:33:18,3,0,0,3
2021-07-03 12:33:19,0,0,0,0
2021-07-03 12:33:20,8,0,3,11
2021-07-03 12:33:22,3,1,0,4
2021-07-03 12:33:23,0,0,0,0
2021-07-03 12:33:24,123,3,7,133
2021-07-03 12:33:26,4,0,2,6
2021-07-03 12:33:27,3,0,0,3
2021-07-03 12:33:28,1,0,0,1
2021-07-03 12:33:29,19,0,8,27
2021-07-03 12:33:30,0,0,0,0
2021-07-03 12:33:31,19,2,7,28
2021-07-03 12:33:32,0,0,0,0
2021-07-03 12:33:33,12,0,7,19
2021-07-03 12:33:34,4,0,2,6
2021-07-03 12:33:38,1,0,0,1
2021-07-03 12:33:39,5,1,0,6
2021-07-03 12:33:40,44,0,1,45
2021-07-03 12:33:41,5,0,2,7
2021-07-03 12:33:42,0,0,0,0
2021-07-03 12:33:43,0,0,0,0
2021-07-03 12:33:44,3,0,1,4
2021-07-03 12:33:45,1,0,0,1
2021-07-03 12:33:46,1,0,0,1
2021-07-03 12:33:48,2,0,0,2
2021-07-03 12:33:50,0,0,0,0
2021-07-03 12:33:51,8,2,0,10
2021-07-03 12:33:53,3,0,0,3
2021-07-03 12:33:54,0,0,0,0
2021-07-03 12:33:55,46,0,7,53
2021-07-03 12:33:56,4,0,0,4
2021-07-03 12:33:57,1,0,0,1
2021-07-03 12:33:58,9,0,2,11
2021-07-03 12:33:59,0,0,0,0
2021-07-03 12:34:00,101,4,17,122
2021-07-03 12:34:02,16,2,5,23
2021-07-03 12:34:03,423,12,94,529
2021-07-03 12:34:04,1,1,0,2
2021-07-03 12:34:05,1,0,0,1
2021-07-03 12:34:07,0,0,0,0
2021-07-03 12:34:08,5,0,1,6
2021-07-03 12:34:09,15,0,1,16
2021-07-03 12:34:10,3,0,1,4
2021-07-03 12:34:11,1,0,0,1
2021-07-03 12:34:12,0,0,0,0
2021-07-03 12:34:13,6,2,0,8
2021-07-03 12:34:14,2,0,0,2
2021-07-03 12:34:15,3,0,0,3
2021-07-03 12:34:16,1,0,0,1
2021-07-03 12:34:19,3,0,0,3
2021-07-03 12:34:20,11,1,1,13
2021-07-03 12:34:21,4,0,0,4
2021-07-03 12:34:22,1,0,0,1
2021-07-03 12:34:25,4,0,1,5
2021-07-03 12:34:26,6,1,0,7
2021-07-03 12:34:29,0,0,0,0
2021-07-03 12:34:30,0,0,0,0
2021-07-03 12:34:31,2,1,1,4
2021-07-03 12:34:32,2,1,0,3
2021-07-03 12:34:33,0,0,0,0
2021-07-03 12:34:34,1,0,0,1
2021-07-03 12:34:35,431,6,33,470
2021-07-03 12:34:36,6,0,2,8
2021-07-03 12:34:37,3,0,2,5
2021-07-03 12:34:38,100,2,10,112
2021-07-03 12:34:39,7,0,5,12
2021-07-03 12:34:40,9,5,0,14
2021-07-03 12:34:41,330,13,76,419
2021-07-03 12:34:42,2,0,0,2
2021-07-03 12:34:43,2,0,0,2
2021-07-03 12:34:44,63,1,22,86
2021-07-03 12:34:45,1,0,0,1
2021-07-03 12:34:47,2,0,0,2
2021-07-03 12:34:48,6,0,0,6
2021-07-03 12:34:49,1,0,0,1
2021-07-03 12:34:50,55,2,17,74
2021-07-03 12:34:51,43,0,10,53
2021-07-03 12:34:52,3,0,0,3
2021-07-03 12:34:53,127,0,34,161
2021-07-03 12:34:54,1,0,1,2
2021-07-03 12:34:55,24,0,5,29
2021-07-03 12:34:57,2,0,0,2
2021-07-03 12:34:58,0,0,0,0
2021-07-03 12:35:00,325,11,98,434
2021-07-03 12:35:01,1,0,0,1
2021-07-03 12:35:02,1,0,0,1
2021-07-03 12:35:03,1,0,0,1
2021-07-03 12:35:04,0,0,0,0
2021-07-03 12:35:05,0,0,0,0
2021-07-03 12:35:06,2,0,0,2
2021-07-03 12:35:07,0,0,0,0
2021-07-03 12:35:08,4,0,2,6
2021-07-03 12:35:09,16,2,8,26
2021-07-03 12:35:10,3,0,0,3
2021-07-03 12:35:11,6,0,1,7
2021-07-03 12:35:12,1024,29,223,1276
2021-07-03 12:35:13,0,0,0,0
2021-07-03 12:35:14,11,1,0,12
2021-07-03 12:35:15,13,2,3,18
2021-07-03 12:35:16,1,0,0,1
2021-07-03 12:35:17,2,0,0,2
2021-07-03 12:35:18,0,0,0,0
2021-07-03 12:35:19,0,0,0,0
2021-07-03 12:35:20,0,0,0,0
2021-07-03 12:35:21,0,0,0,0
2021-07-03 12:35:22,32,1,6,39
2021-07-03 12:35:23,34,2,4,40
2021-07-03 12:35:24,13,0,1,14
2021-07-03 12:35:27,12,0,1,13
2021-07-03 12:35:28,0,0,0,0
2021-07-03 12:35:29,11,0,2,13
2021-07-03 12:35:31,1,0,0,1
2021-07-03 12:35:32,11,0,2,13
2021-07-03 12:35:33,653,16,113,782
2021-07-03 12:35:35,0,0,0,0
2021-07-03 12:35:36,2,0,2,4
2021-07-03 12:35:38,164,4,25,193
2021-07-03 12:35:39,0,0,0,0
2021-07-03 12:35:40,2,0,0,2
2021-07-03 12:35:43,365,5,31,401
2021-07-03 12:35:45,0,0,0,0
2021-07-03 12:35:46,0,0,0,0
2021-07-03 12:35:48,2,0,0,2
2021-07-03 12:35:50,0,0,0,0
2021-07-03 12:35:52,967,58,122,1147
2021-07-03 12:35:55,4,0,1,5
2021-07-03 12:35:57,15,0,5,20
2021-07-03 12:35:59,2,0,0,2
2021-07-03 12:36:01,3,0,0,3
2021-07-03 12:36:02,0,0,0,0
2021-07-03 12:36:03,2,0,0,2
2021-07-03 12:36:04,3,0,0,3
2021-07-03 12:36:05,2,0,1,3
2021-07-03 12:36:06,2656,58,455,3169
2021-07-03 12:36:07,58,1,9,68
2021-07-03 12:36:08,62,8,20,90
2021-07-03 12:36:09,8,0,1,9
2021-07-03 12:36:10,0,0,0,0
2021-07-03 12:36:11,8,1,1,10
2021-07-03 12:36:12,2,0,1,3
2021-07-03 12:36:13,0,0,0,0
2021-07-03 12:36:15,0,0,0,0
2021-07-03 12:36:16,1,0,1,2
2021-07-03 12:36:17,8,0,3,11
2021-07-03 12:36:18,2,0,2,4
2021-07-03 12:36:20,0,0,0,0
2021-07-03 12:36:21,5,0,2,7
2021-07-03 12:36:22,9,0,1,10
2021-07-03 12:36:23,2,0,0,2
2021-07-03 12:36:24,0,0,0,0
2021-07-03 12:36:25,0,0,0,0
2021-07-03 12:36:27,1980,218,520,2718
2021-07-03 12:36:28,4,0,0,4
2021-07-03 12:36:29,12,1,6,19
2021-07-03 12:36:30,7,0,1,8
2021-07-03 12:36:31,0,0,0,0
2021-07-03 12:36:32,0,0,1,1
2021-07-03 12:36:33,8,0,0,8
2021-07-03 12:36:34,3,0,4,7
2021-07-03 12:36:35,10,0,2,12
2021-07-03 12:36:36,0,0,0,0
2021-07-03 12:36:37,1,0,0,1
2021-07-03 12:36:38,0,0,0,0
2021-07-03 12:36:39,0,0,0,0
2021-07-03 12:36:40,1014,17,28,1059
2021-07-03 12:36:41,4,0,0,4
2021-07-03 12:36:42,0,0,0,0
2021-07-03 12:36:43,2,1,1,4
2021-07-03 12:36:44,3,0,1,4
2021-07-03 12:36:45,10,0,4,14
2021-07-03 12:36:46,79,2,28,109
2021-07-03 12:36:47,2,1,2,5
2021-07-03 12:36:49,93,2,14,109
2021-07-03 12:36:50,0,0,0,0
2021-07-03 12:36:51,22,1,9,32
2021-07-03 12:36:52,313,8,75,396
2021-07-03 12:36:53,4,0,1,5
2021-07-03 12:36:54,0,0,0,0
2021-07-03 12:36:55,4,0,1,5
2021-07-03 12:36:56,5,0,1,6
2021-07-03 12:36:57,0,0,0,0
2021-07-03 12:36:58,13,0,1,14
2021-07-03 12:37:00,7,2,2,11
2021-07-03 12:37:01,2,0,0,2
2021-07-03 12:37:02,0,0,0,0
2021-07-03 12:37:04,0,0,0,0
2021-07-03 12:37:05,0,0,0,0
2021-07-03 12:37:07,0,0,0,0
2021-07-03 12:37:09,0,0,0,0
2021-07-03 12:37:10,87,7,41,135
2021-07-03 12:37:11,0,1,0,1
2021-07-03 12:37:12,2,0,1,3
2021-07-03 12:37:13,0,0,0,0
2021-07-03 12:37:17,3,0,0,3
2021-07-03 12:37:18,0,0,0,0
2021-07-03 12:37:19,0,0,0,0
2021-07-03 12:37:22,6,1,3,10
2021-07-03 12:37:23,1,0,1,2
2021-07-03 12:37:24,2,0,0,2
2021-07-03 12:37:25,28431,191,2631,31253
2021-07-03 12:37:27,7,0,2,9
2021-07-03 12:37:29,1,0,0,1
2021-07-03 12:37:30,8,1,2,11
2021-07-03 12:37:31,0,1,0,1
2021-07-03 12:37:32,3,0,0,3
2021-07-03 12:37:33,5,2,0,7
2021-07-03 12:37:35,21,1,3,25
2021-07-03 12:37:36,0,0,0,0
2021-07-03 12:37:39,6,0,2,8
2021-07-03 12:37:40,2,0,0,2
2021-07-03 12:37:41,0,0,0,0
2021-07-03 12:37:42,2,0,0,2
2021-07-03 12:37:43,0,0,0,0
2021-07-03 12:37:44,6,1,2,9
2021-07-03 12:37:45,13,0,0,13
2021-07-03 12:37:46,25,1,6,32
2021-07-03 12:37:48,10,0,0,10
2021-07-03 12:37:49,4,0,0,4
2021-07-03 12:37:50,0,0,0,0
2021-07-03 12:37:51,40,0,4,44
2021-07-03 12:37:52,418,10,115,543
2021-07-03 12:37:54,14,1,16,31
2021-07-03 12:37:56,1444,38,203,1685
2021-07-03 12:37:57,964,11,136,1111
2021-07-03 12:37:58,0,0,0,0
2021-07-03 12:37:59,1,0,0,1
2021-07-03 12:38:00,7,0,0,7
2021-07-03 12:38:01,0,0,0,0
2021-07-03 12:38:02,0,0,0,0
2021-07-03 12:38:04,6,0,0,6
2021-07-03 12:38:05,0,0,0,0
2021-07-03 12:38:07,2,0,1,3
2021-07-03 12:38:08,4,0,1,5
2021-07-03 12:38:09,8,1,0,9
2021-07-03 12:38:10,1,0,0,1
2021-07-03 12:38:11,16,0,2,18
2021-07-03 12:38:12,9,0,0,9
2021-07-03 12:38:13,12,0,2,14
2021-07-03 12:38:14,9,0,4,13
2021-07-03 12:38:15,0,0,0,0
2021-07-03 12:38:16,0,0,0,0
2021-07-03 12:38:18,5,0,0,5
2021-07-03 12:38:19,1226,17,281,1524
2021-07-03 12:38:21,0,0,0,0
2021-07-03 12:38:22,0,0,0,0
2021-07-03 12:38:24,44,0,5,49
2021-07-03 12:38:25,924,12,200,1136
2021-07-03 12:38:26,7,1,2,10
2021-07-03 12:38:27,0,0,0,0
2021-07-03 12:38:28,1,0,0,1
2021-07-03 12:38:29,0,0,0,0
2021-07-03 12:38:31,0,0,0,0
2021-07-03 12:38:32,3,0,0,3
2021-07-03 12:38:33,86,0,12,98
2021-07-03 12:38:35,28,0,7,35
2021-07-03 12:38:36,1,0,1,2
2021-07-03 12:38:37,6,0,0,6
2021-07-03 12:38:39,0,0,0,0
2021-07-03 12:38:40,5,0,0,5
2021-07-03 12:38:41,324,5,81,410
2021-07-03 12:38:43,1,0,0,1
2021-07-03 12:38:45,36,0,5,41
2021-07-03 12:38:47,354,10,95,459
2021-07-03 12:38:48,0,0,0,0
2021-07-03 12:38:49,12,0,1,13
2021-07-03 12:38:50,0,0,0,0
2021-07-03 12:38:51,13,0,5,18
2021-07-03 12:38:52,0,0,0,0
2021-07-03 12:38:53,0,0,0,0
2021-07-03 12:38:54,0,0,0,0
2021-07-03 12:38:55,2,0,1,3
2021-07-03 12:38:56,9,1,1,11
2021-07-03 12:38:58,0,0,0,0
2021-07-03 12:38:59,148,4,25,177
2021-07-03 12:39:00,1,0,0,1
2021-07-03 12:39:01,0,0,0,0
2021-07-03 12:39:02,0,0,0,0
2021-07-03 12:39:03,14,0,6,20
2021-07-03 12:39:04,1,0,0,1
2021-07-03 12:39:06,3,0,3,6
2021-07-03 12:39:07,5,0,1,6
2021-07-03 12:39:09,6,1,1,8
2021-07-03 12:39:10,2,0,0,2
2021-07-03 12:39:11,2,0,1,3
2021-07-03 12:39:12,3,0,0,3
2021-07-03 12:39:13,31,2,6,39
2021-07-03 12:39:14,9,1,2,12
2021-07-03 12:39:16,0,0,0,0
2021-07-03 12:39:17,1,0,1,2
2021-07-03 12:39:18,3,0,1,4
2021-07-03 12:39:20,1,0,0,1
2021-07-03 12:39:21,0,0,1,1
2021-07-03 12:39:22,0,0,0,0
2021-07-03 12:39:23,19,0,4,23
2021-07-03 12:39:24,1,0,0,1
2021-07-03 12:39:25,0,0,0,0
2021-07-03 12:39:26,3,0,0,3
2021-07-03 12:39:27,0,0,0,0
2021-07-03 12:39:28,0,0,0,0
2021-07-03 12:39:29,2,0,2,4
2021-07-03 12:39:31,2,0,0,2
2021-07-03 12:39:32,0,0,0,0
2021-07-03 12:39:33,0,0,0,0
2021-07-03 12:39:35,0,1,0,1
2021-07-03 12:39:36,14,0,10,24
2021-07-03 12:39:37,3,0,0,3
2021-07-03 12:39:38,8,1,0,9
2021-07-03 12:39:39,14,0,3,17
2021-07-03 12:39:40,6,0,2,8
2021-07-03 12:39:41,55,1,22,78
2021-07-03 12:39:43,1,0,1,2
2021-07-03 12:39:44,1,0,0,1
2021-07-03 12:39:45,1,0,1,2
2021-07-03 12:39:46,22,1,4,27
2021-07-03 12:39:47,5,0,2,7
2021-07-03 12:39:49,18,0,6,24
2021-07-03 12:39:50,0,0,0,0
2021-07-03 12:39:51,0,0,0,0
2021-07-03 12:39:52,3,0,2,5
2021-07-03 12:39:53,6,0,2,8
2021-07-03 12:39:54,0,0,0,0
2021-07-03 12:39:55,0,0,0,0
2021-07-03 12:39:56,192,5,45,242
2021-07-03 12:39:58,0,0,0,0
2021-07-03 12:39:59,139,2,23,164
2021-07-03 12:40:00,361,13,108,482
2021-07-03 12:40:01,19,1,0,20
2021-07-03 12:40:02,9,0,2,11
2021-07-03 12:40:04,3,0,1,4
2021-07-03 12:40:05,2,0,1,3
2021-07-03 12:40:07,2,0,0,2
2021-07-03 12:40:08,13,0,2,15
2021-07-03 12:40:09,3,0,0,3
2021-07-03 12:40:11,166,9,31,206
2021-07-03 12:40:12,14,0,3,17
2021-07-03 12:40:13,3,0,0,3
2021-07-03 12:40:15,9,1,0,10
2021-07-03 12:40:16,3,0,0,3
2021-07-03 12:40:18,7,0,0,7
2021-07-03 12:40:20,8,0,1,9
2021-07-03 12:40:23,6,0,4,10
2021-07-03 12:40:24,5,1,3,9
2021-07-03 12:40:26,3,0,0,3
2021-07-03 12:40:27,1,0,0,1
2021-07-03 12:40:28,1,0,0,1
2021-07-03 12:40:30,57,1,18,76
2021-07-03 12:40:31,6,0,2,8
2021-07-03 12:40:32,1522,55,417,1994
2021-07-03 12:40:33,4,0,0,4
2021-07-03 12:40:34,20,0,0,20
2021-07-03 12:40:35,3,0,1,4
2021-07-03 12:40:36,9,0,0,9
2021-07-03 12:40:37,6,0,0,6
2021-07-03 12:40:39,2,0,0,2
2021-07-03 12:40:40,2,0,0,2
2021-07-03 12:40:41,4,0,9,13
2021-07-03 12:40:42,16,0,2,18
2021-07-03 12:40:43,3,0,0,3
2021-07-03 12:40:44,9,0,1,10
2021-07-03 12:40:46,13,1,0,14
2021-07-03 12:40:48,3287,63,491,3841
2021-07-03 12:40:49,0,0,0,0
2021-07-03 12:40:50,4,1,0,5
2021-07-03 12:40:51,6,0,1,7
2021-07-03 12:40:53,3,0,0,3
2021-07-03 12:40:54,1,0,0,1
2021-07-03 12:40:55,43,4,10,57
2021-07-03 12:40:57,6,0,0,6
2021-07-03 12:40:58,1,0,0,1
2021-07-03 12:40:59,5,0,3,8
2021-07-03 12:41:00,0,0,0,0
2021-07-03 12:41:01,11,0,5,16
2021-07-03 12:41:02,14,1,6,21
2021-07-03 12:41:03,15,0,3,18
2021-07-03 12:41:04,0,0,0,0
2021-07-03 12:41:06,0,0,0,0
2021-07-03 12:41:07,72,1,28,101
2021-07-03 12:41:08,63,2,40,105
2021-07-03 12:41:09,17,1,2,20
2021-07-03 12:41:10,0,0,0,0
2021-07-03 12:41:11,1,0,0,1
2021-07-03 12:41:14,7,1,0,8
2021-07-03 12:41:15,30,1,5,36
2021-07-03 12:41:16,1,0,0,1
2021-07-03 12:41:17,1,0,1,2
2021-07-03 12:41:19,0,0,0,0
2021-07-03 12:41:20,29,3,12,44
2021-07-03 12:41:21,41,4,1,46
2021-07-03 12:41:22,0,0,0,0
2021-07-03 12:41:23,1,0,1,2
2021-07-03 12:41:24,1,0,1,2
2021-07-03 12:41:25,0,0,0,0
2021-07-03 12:41:26,7,0,3,10
2021-07-03 12:41:27,0,0,0,0
2021-07-03 12:41:28,0,0,0,0
2021-07-03 12:41:29,279,8,77,364
2021-07-03 12:41:30,3,0,2,5
2021-07-03 12:41:31,1,0,0,1
2021-07-03 12:41:33,0,0,0,0
2021-07-03 12:41:34,11,0,7,18
2021-07-03 12:41:35,0,0,0,0
2021-07-03 12:41:36,2,1,0,3
2021-07-03 12:41:38,562,18,49,629
2021-07-03 12:41:39,0,0,0,0
2021-07-03 12:41:40,5,0,1,6
2021-07-03 12:41:42,1,0,0,1
2021-07-03 12:41:43,9,2,5,16
2021-07-03 12:41:44,3,0,1,4
2021-07-03 12:41:45,6,3,2,11
2021-07-03 12:41:46,0,0,0,0
2021-07-03 12:41:47,0,0,1,1
2021-07-03 12:41:48,0,0,0,0
2021-07-03 12:41:49,277,2,50,329
2021-07-03 12:41:51,0,0,0,0
2021-07-03 12:41:52,11,0,4,15
2021-07-03 12:41:53,1,0,0,1
2021-07-03 12:41:54,2,0,0,2
2021-07-03 12:41:55,0,0,0,0
2021-07-03 12:41:56,2,0,0,2
2021-07-03 12:41:57,44,3,11,58
2021-07-03 12:41:58,38,4,4,46
2021-07-03 12:41:59,0,0,1,1
2021-07-03 12:42:00,9,1,2,12
2021-07-03 12:42:02,0,0,0,0
2021-07-03 12:42:04,0,0,0,0
2021-07-03 12:42:05,3,2,0,5
2021-07-03 12:42:07,3,0,1,4
2021-07-03 12:42:08,11,0,0,11
2021-07-03 12:42:10,2,0,1,3
2021-07-03 12:42:11,2,0,1,3
2021-07-03 12:42:12,0,0,0,0
2021-07-03 12:42:13,6,0,4,10
2021-07-03 12:42:14,11,0,3,14
2021-07-03 12:42:15,0,0,0,0
2021-07-03 12:42:16,1086,25,294,1405
2021-07-03 12:42:18,3,0,0,3
2021-07-03 12:42:19,7,0,0,7
2021-07-03 12:42:21,1,0,1,2
2021-07-03 12:42:23,0,0,0,0
2021-07-03 12:42:24,27,1,4,32
2021-07-03 12:42:25,8,0,1,9
2021-07-03 12:42:28,0,0,0,0
2021-07-03 12:42:29,2,0,0,2
2021-07-03 12:42:30,1,0,0,1
2021-07-03 12:42:31,0,0,0,0
2021-07-03 12:42:32,172,2,15,189
2021-07-03 12:42:33,1,1,0,2
2021-07-03 12:42:34,0,0,0,0
2021-07-03 12:42:35,33,2,6,41
2021-07-03 12:42:36,15,1,2,18
2021-07-03 12:42:38,1,0,1,2
2021-07-03 12:42:39,0,0,0,0
2021-07-03 12:42:43,0,0,0,0
2021-07-03 12:42:44,0,0,0,0
2021-07-03 12:42:45,0,0,0,0
2021-07-03 12:42:46,2,0,0,2
2021-07-03 12:42:48,57,0,8,65
2021-07-03 12:42:49,0,0,0,0
2021-07-03 12:42:50,0,0,0,0
2021-07-03 12:42:51,987,14,218,1219
2021-07-03 12:42:56,1,0,0,1
2021-07-03 12:42:57,6,0,0,6
2021-07-03 12:42:58,0,0,0,0
2021-07-03 12:42:59,1,0,0,1
2021-07-03 12:43:02,0,0,0,0
2021-07-03 12:43:03,10,2,2,14
2021-07-03 12:43:04,67,1,34,102
2021-07-03 12:43:05,5,0,1,6
2021-07-03 12:43:06,2,0,2,4
2021-07-03 12:43:07,4,0,0,4
2021-07-03 12:43:08,0,0,0,0
2021-07-03 12:43:09,502,12,100,614
2021-07-03 12:43:10,3,0,0,3
2021-07-03 12:43:11,0,0,0,0
2021-07-03 12:43:12,55,2,18,75
2021-07-03 12:43:14,1,0,0,1
2021-07-03 12:43:15,2,0,1,3
2021-07-03 12:43:16,76,1,19,96
2021-07-03 12:43:17,7,0,3,10
2021-07-03 12:43:18,9,1,2,12
2021-07-03 12:43:19,10,0,4,14
2021-07-03 12:43:20,9,0,3,12
2021-07-03 12:43:22,2,0,0,2
2021-07-03 12:43:23,446,11,94,551
2021-07-03 12:43:24,1,0,0,1
2021-07-03 12:43:27,4,1,0,5
2021-07-03 12:43:30,6,0,2,8
2021-07-03 12:43:31,0,0,0,0
2021-07-03 12:43:32,49,1,13,63
2021-07-03 12:43:33,1,1,1,3
2021-07-03 12:43:34,4,1,0,5
2021-07-03 12:43:35,1,0,1,2
2021-07-03 12:43:36,0,0,0,0
2021-07-03 12:43:37,240,1,80,321
2021-07-03 12:43:38,2,0,0,2
2021-07-03 12:43:39,26,0,9,35
2021-07-03 12:43:40,1,0,0,1
2021-07-03 12:43:41,6,0,5,11
2021-07-03 12:43:42,3,0,1,4
2021-07-03 12:43:43,5,0,0,5
2021-07-03 12:43:44,4,0,0,4
2021-07-03 12:43:45,10,0,6,16
2021-07-03 12:43:46,1,0,0,1
2021-07-03 12:43:47,6,0,1,7
2021-07-03 12:43:48,3,0,0,3
2021-07-03 12:43:50,18,0,2,20
2021-07-03 12:43:51,5,0,0,5
2021-07-03 12:43:53,0,0,0,0
2021-07-03 12:43:54,0,0,0,0
2021-07-03 12:43:55,0,0,0,0
2021-07-03 12:43:57,1,0,1,2
2021-07-03 12:43:58,2,0,0,2
2021-07-03 12:43:59,2,0,0,2
2021-07-03 12:44:00,0,0,0,0
2021-07-03 12:44:03,6,0,1,7
2021-07-03 12:44:04,17,0,5,22
2021-07-03 12:44:06,8,0,1,9
2021-07-03 12:44:07,1,0,1,2
2021-07-03 12:44:08,0,0,0,0
2021-07-03 12:44:10,1,0,0,1
2021-07-03 12:44:11,0,0,0,0
2021-07-03 12:44:13,0,0,0,0
2021-07-03 12:44:14,4,0,0,4
2021-07-03 12:44:15,6,0,2,8
2021-07-03 12:44:17,0,0,0,0
2021-07-03 12:44:18,1,0,0,1
2021-07-03 12:44:19,1,0,0,1
2021-07-03 12:44:20,0,0,0,0
2021-07-03 12:44:21,108,3,4,115
2021-07-03 12:44:25,7,0,0,7
2021-07-03 12:44:26,0,0,0,0
2021-07-03 12:44:27,579,6,80,665
2021-07-03 12:44:28,1,0,0,1
2021-07-03 12:44:29,0,0,0,0
2021-07-03 12:44:30,1,0,0,1
2021-07-03 12:44:31,309,9,26,344
2021-07-03 12:44:33,8,1,2,11
2021-07-03 12:44:35,0,0,0,0
2021-07-03 12:44:36,15,1,2,18
2021-07-03 12:44:38,79,1,12,92
2021-07-03 12:44:40,2,0,1,3
2021-07-03 12:44:41,0,0,0,0
2021-07-03 12:44:43,0,0,0,0
2021-07-03 12:44:44,2,0,1,3
2021-07-03 12:44:47,0,0,0,0
2021-07-03 12:44:50,1,0,0,1
2021-07-03 12:44:51,22,1,0,23
2021-07-03 12:44:52,6,0,1,7
2021-07-03 12:44:53,40,1,8,49
2021-07-03 12:44:54,599,6,114,719
2021-07-03 12:44:55,0,0,0,0
2021-07-03 12:44:56,6,0,0,6
2021-07-03 12:44:57,0,0,0,0
2021-07-03 12:44:59,318,6,89,413
2021-07-03 12:45:00,54,1,18,73
2021-07-03 12:45:01,9,0,1,10
2021-07-03 12:45:05,1,0,0,1
2021-07-03 12:45:06,1,0,0,1
2021-07-03 12:45:07,6,0,2,8
2021-07-03 12:45:08,1,0,0,1
2021-07-03 12:45:09,6,0,0,6
2021-07-03 12:45:10,0,0,0,0
2021-07-03 12:45:11,6,0,1,7
2021-07-03 12:45:13,4,0,1,5
2021-07-03 12:45:14,2,0,1,3
2021-07-03 12:45:15,1,0,0,1
2021-07-03 12:45:16,0,0,0,0
2021-07-03 12:45:17,1,0,0,1
2021-07-03 12:45:18,96,10,28,134
2021-07-03 12:45:20,12,3,4,19
2021-07-03 12:45:22,1425,5,295,1725
2021-07-03 12:45:23,8,0,1,9
2021-07-03 12:45:24,0,0,0,0
2021-07-03 12:45:25,4,1,0,5
2021-07-03 12:45:26,0,0,0,0
2021-07-03 12:45:27,1,0,0,1
2021-07-03 12:45:28,0,0,0,0
2021-07-03 12:45:30,1,0,0,1
2021-07-03 12:45:31,10,0,4,14
2021-07-03 12:45:32,74,0,14,88
2021-07-03 12:45:33,19,0,5,24
2021-07-03 12:45:34,0,0,0,0
2021-07-03 12:45:35,1,0,0,1
2021-07-03 12:45:39,0,0,0,0
2021-07-03 12:45:41,66,2,10,78
2021-07-03 12:45:42,1,0,0,1
2021-07-03 12:45:43,31,0,7,38
2021-07-03 12:45:44,2,0,1,3
2021-07-03 12:45:46,1,0,0,1
2021-07-03 12:45:48,0,0,0,0
2021-07-03 12:45:49,2,0,0,2
2021-07-03 12:45:50,3,0,0,3
2021-07-03 12:45:51,2,0,0,2
2021-07-03 12:45:52,2,0,0,2
2021-07-03 12:45:54,49,2,13,64
2021-07-03 12:45:55,758,12,170,940
2021-07-03 12:45:56,1,0,0,1
2021-07-03 12:45:57,1,0,0,1
2021-07-03 12:45:58,695,4,162,861
2021-07-03 12:45:59,2,0,0,2
2021-07-03 12:46:00,12,0,3,15
2021-07-03 12:46:02,2,0,0,2
2021-07-03 12:46:04,7,0,1,8
2021-07-03 12:46:05,8,0,2,10
2021-07-03 12:46:07,1,0,0,1
2021-07-03 12:46:08,1,0,0,1
2021-07-03 12:46:09,4,0,0,4
2021-07-03 12:46:10,7,0,2,9
2021-07-03 12:46:11,3,0,0,3
2021-07-03 12:46:12,3,0,1,4
2021-07-03 12:46:14,189,6,64,259
2021-07-03 12:46:16,1,0,3,4
2021-07-03 12:46:18,0,0,0,0
2021-07-03 12:46:19,0,0,0,0
2021-07-03 12:46:20,0,0,0,0
2021-07-03 12:46:22,32,2,15,49
2021-07-03 12:46:25,26,1,4,31
2021-07-03 12:46:26,0,0,0,0
2021-07-03 12:46:27,3,0,0,3
2021-07-03 12:46:28,16,1,7,24
2021-07-03 12:46:29,3799,59,840,4698
2021-07-03 12:46:30,3,0,1,4
2021-07-03 12:46:31,9,0,2,11
2021-07-03 12:46:32,184,9,20,213
2021-07-03 12:46:34,1,0,0,1
2021-07-03 12:46:35,1,0,0,1
2021-07-03 12:46:37,1,0,0,1
2021-07-03 12:46:38,0,0,0,0
2021-07-03 12:46:39,1,0,0,1
2021-07-03 12:46:41,64,4,2,70
2021-07-03 12:46:43,19,0,3,22
2021-07-03 12:46:44,1,0,0,1
2021-07-03 12:46:45,133,2,20,155
2021-07-03 12:46:46,4,0,0,4
2021-07-03 12:46:47,124,2,18,144
2021-07-03 12:46:49,205,4,71,280
2021-07-03 12:46:51,0,0,0,0
2021-07-03 12:46:55,61,2,13,76
2021-07-03 12:46:56,1,0,0,1
2021-07-03 12:46:58,9,0,3,12
2021-07-03 12:47:00,9484,93,1411,10988
2021-07-03 12:47:01,2,0,1,3
2021-07-03 12:47:02,2,0,0,2
2021-07-03 12:47:04,1,0,0,1
2021-07-03 12:47:05,0,0,0,0
2021-07-03 12:47:06,1,0,0,1
2021-07-03 12:47:07,25,1,3,29
2021-07-03 12:47:09,6,0,2,8
2021-07-03 12:47:10,2,0,1,3
2021-07-03 12:47:11,20,0,4,24
2021-07-03 12:47:12,1063,22,271,1356
2021-07-03 12:47:13,6,0,0,6
2021-07-03 12:47:14,3,0,0,3
2021-07-03 12:47:15,1,0,0,1
2021-07-03 12:47:16,3,0,0,3
2021-07-03 12:47:20,0,0,0,0
2021-07-03 12:47:21,0,0,0,0
2021-07-03 12:47:22,1,0,0,1
2021-07-03 12:47:23,0,0,0,0
2021-07-03 12:47:24,0,0,0,0
2021-07-03 12:47:25,2,0,0,2
2021-07-03 12:47:26,1,0,0,1
2021-07-03 12:47:27,34,0,6,40
2021-07-03 12:47:28,1,0,0,1
2021-07-03 12:47:29,3,0,0,3
2021-07-03 12:47:30,3,1,0,4
2021-07-03 12:47:31,2,0,0,2
2021-07-03 12:47:32,50,1,1,52
2021-07-03 12:47:33,26,0,0,26
2021-07-03 12:47:36,0,0,0,0
2021-07-03 12:47:39,0,0,0,0
2021-07-03 12:47:40,0,0,0,0
2021-07-03 12:47:41,1,0,0,1
2021-07-03 12:47:42,66,2,16,84
2021-07-03 12:47:44,9,0,4,13
2021-07-03 12:47:45,0,0,0,0
2021-07-03 12:47:46,2,0,0,2
2021-07-03 12:47:49,0,0,0,0
2021-07-03 12:47:50,0,0,0,0
2021-07-03 12:47:51,8,1,0,9
2021-07-03 12:47:53,15,0,2,17
2021-07-03 12:47:54,47,2,6,55
2021-07-03 12:47:55,7,0,1,8
2021-07-03 12:47:56,20,1,3,24
2021-07-03 12:47:57,4,0,1,5
2021-07-03 12:47:59,0,0,0,0
2021-07-03 12:48:01,1,0,0,1
2021-07-03 12:48:02,1,0,0,1
2021-07-03 12:48:03,0,0,0,0
2021-07-03 12:48:04,2,0,0,2
2021-07-03 12:48:05,140,5,0,145
2021-07-03 12:48:06,2,0,0,2
2021-07-03 12:48:07,1,0,0,1
2021-07-03 12:48:11,0,0,0,0
2021-07-03 12:48:12,0,0,0,0
2021-07-03 12:48:13,41,1,7,49
2021-07-03 12:48:14,6,1,2,9
2021-07-03 12:48:15,0,0,0,0
2021-07-03 12:48:16,0,0,0,0
2021-07-03 12:48:17,32,1,0,33
2021-07-03 12:48:19,5,0,1,6
2021-07-03 12:48:20,0,0,1,1
2021-07-03 12:48:22,7,0,1,8
2021-07-03 12:48:23,5,0,1,6
2021-07-03 12:48:24,9,1,4,14
2021-07-03 12:48:26,0,0,0,0
2021-07-03 12:48:27,4,0,0,4
2021-07-03 12:48:28,2,0,1,3
2021-07-03 12:48:29,2,0,0,2
2021-07-03 12:48:30,0,0,0,0
2021-07-03 12:48:31,1,0,1,2
2021-07-03 12:48:32,4,0,1,5
2021-07-03 12:48:33,0,0,0,0
2021-07-03 12:48:34,32,1,8,41
2021-07-03 12:48:35,0,0,0,0
2021-07-03 12:48:37,2,0,1,3
2021-07-03 12:48:38,782,12,170,964
2021-07-03 12:48:40,3,0,0,3
2021-07-03 12:48:42,0,0,0,0
2021-07-03 12:48:44,1,0,0,1
2021-07-03 12:48:45,0,0,0,0
2021-07-03 12:48:46,8,0,3,11
2021-07-03 12:48:47,15357,172,1668,17197
2021-07-03 12:48:48,0,0,0,0
2021-07-03 12:48:49,2,0,0,2
2021-07-03 12:48:51,3,1,0,4
2021-07-03 12:48:53,32,2,5,39
2021-07-03 12:48:54,0,0,0,0
2021-07-03 12:48:55,2223,27,275,2525
2021-07-03 12:48:57,4,0,1,5
2021-07-03 12:48:58,0,0,0,0
2021-07-03 12:48:59,1,0,0,1
2021-07-03 12:49:00,144,2,26,172
2021-07-03 12:49:02,158,2,15,175
2021-07-03 12:49:04,0,0,0,0
2021-07-03 12:49:05,0,0,0,0
2021-07-03 12:49:07,3,0,0,3
2021-07-03 12:49:09,11,1,3,15
2021-07-03 12:49:10,0,0,0,0
2021-07-03 12:49:12,1,0,0,1
2021-07-03 12:49:13,0,0,0,0
2021-07-03 12:49:14,7,0,0,7
2021-07-03 12:49:15,4,0,2,6
2021-07-03 12:49:16,0,0,0,0
2021-07-03 12:49:17,0,0,0,0
2021-07-03 12:49:18,9,0,0,9
2021-07-03 12:49:19,1,1,0,2
2021-07-03 12:49:22,9,0,0,9
2021-07-03 12:49:23,0,0,0,0
2021-07-03 12:49:25,5,0,0,5
2021-07-03 12:49:26,1,0,1,2
2021-07-03 12:49:28,0,0,0,0
2021-07-03 12:49:30,11,1,4,16
2021-07-03 12:49:31,1,0,0,1
2021-07-03 12:49:32,0,0,0,0
2021-07-03 12:49:33,44,2,19,65
2021-07-03 12:49:34,22,0,3,25
2021-07-03 12:49:35,3,0,0,3
2021-07-03 12:49:39,1,0,0,1
2021-07-03 12:49:41,3,1,1,5
2021-07-03 12:49:42,0,0,0,0
2021-07-03 12:49:43,55,2,12,69
2021-07-03 12:49:44,2,0,0,2
2021-07-03 12:49:46,1,0,0,1
2021-07-03 12:49:48,497,12,122,631
2021-07-03 12:49:50,22,1,17,40
2021-07-03 12:49:51,2,0,0,2
2021-07-03 12:49:53,122,3,29,154
2021-07-03 12:49:56,1,0,1,2
2021-07-03 12:49:57,3,0,3,6
2021-07-03 12:49:58,1,0,0,1
2021-07-03 12:50:00,612,11,181,804
2021-07-03 12:50:01,1,1,0,2
2021-07-03 12:50:02,4,0,0,4
2021-07-03 12:50:03,1,0,0,1
2021-07-03 12:50:05,17,0,0,17
2021-07-03 12:50:06,17,7,0,24
2021-07-03 12:50:07,0,0,0,0
2021-07-03 12:50:08,0,0,0,0
2021-07-03 12:50:10,18,0,4,22
2021-07-03 12:50:11,88,13,22,123
2021-07-03 12:50:13,1,0,0,1
2021-07-03 12:50:15,4,0,0,4
2021-07-03 12:50:16,12,0,2,14
2021-07-03 12:50:17,0,0,0,0
2021-07-03 12:50:18,1,0,0,1
2021-07-03 12:50:20,3,0,0,3
2021-07-03 12:50:22,2,0,1,3
2021-07-03 12:50:23,14,0,8,22
2021-07-03 12:50:24,1,0,1,2
2021-07-03 12:50:25,4,1,3,8
2021-07-03 12:50:26,18,0,12,30
2021-07-03 12:50:28,1,0,0,1
2021-07-03 12:50:29,6,0,3,9
2021-07-03 12:50:30,2,0,1,3
2021-07-03 12:50:31,860,4,181,1045
2021-07-03 12:50:32,3,0,1,4
2021-07-03 12:50:34,6,0,3,9
2021-07-03 12:50:35,2,0,0,2
2021-07-03 12:50:36,0,0,1,1
2021-07-03 12:50:37,0,0,0,0
2021-07-03 12:50:38,2,0,2,4
2021-07-03 12:50:39,51,0,17,68
2021-07-03 12:50:40,0,0,0,0
2021-07-03 12:50:41,21,1,8,30
2021-07-03 12:50:42,2,0,1,3
2021-07-03 12:50:43,2,0,2,4
2021-07-03 12:50:44,1,0,2,3
2021-07-03 12:50:46,0,0,0,0
2021-07-03 12:50:47,30,3,7,40
2021-07-03 12:50:48,0,0,1,1
2021-07-03 12:50:50,2,0,2,4
2021-07-03 12:50:51,2,0,1,3
2021-07-03 12:50:52,11,0,0,11
2021-07-03 12:50:53,0,0,3,3
2021-07-03 12:50:59,0,0,0,0
2021-07-03 12:51:00,2,0,2,4
2021-07-03 12:51:01,3,0,2,5
2021-07-03 12:51:03,303,10,85,398
2021-07-03 12:51:04,1,0,1,2
2021-07-03 12:51:05,0,0,0,0
2021-07-03 12:51:06,10,0,2,12
2021-07-03 12:51:07,1343,49,96,1488
2021-07-03 12:51:08,1,0,0,1
2021-07-03 12:51:09,10,1,3,14
2021-07-03 12:51:11,4,0,1,5
2021-07-03 12:51:12,14,0,2,16
2021-07-03 12:51:13,2,0,1,3
2021-07-03 12:51:14,5,0,0,5
2021-07-03 12:51:16,1556,18,360,1934
2021-07-03 12:51:17,7,0,3,10
2021-07-03 12:51:18,4,0,1,5
2021-07-03 12:51:19,2,0,1,3
2021-07-03 12:51:20,4,0,1,5
2021-07-03 12:51:23,4,0,1,5
2021-07-03 12:51:24,183,11,58,252
2021-07-03 12:51:25,6,0,2,8
2021-07-03 12:51:26,5,0,4,9
2021-07-03 12:51:27,20,0,3,23
2021-07-03 12:51:28,7,0,3,10
2021-07-03 12:51:29,13,2,3,18
2021-07-03 12:51:30,4,3,2,9
2021-07-03 12:51:31,3,0,1,4
2021-07-03 12:51:32,10,2,1,13
2021-07-03 12:51:33,8,3,2,13
2021-07-03 12:51:36,7,1,2,10
2021-07-03 12:51:39,97,4,6,107
2021-07-03 12:51:40,3,1,1,5
2021-07-03 12:51:41,6,1,2,9
2021-07-03 12:51:43,4,0,1,5
2021-07-03 12:51:44,18,1,7,26
2021-07-03 12:51:45,4,0,1,5
2021-07-03 12:51:46,8076,101,1159,9336
2021-07-03 12:51:47,6,0,0,6
2021-07-03 12:51:48,7,1,3,11
2021-07-03 12:51:49,2,0,1,3
2021-07-03 12:51:51,1,0,1,2
2021-07-03 12:51:53,1,0,1,2
2021-07-03 12:51:55,6,0,2,8
2021-07-03 12:51:56,1,0,0,1
2021-07-03 12:51:57,10,0,4,14
2021-07-03 12:51:58,1,0,1,2
2021-07-03 12:51:59,1,0,1,2
2021-07-03 12:52:00,6,0,4,10
2021-07-03 12:52:01,0,0,0,0
2021-07-03 12:52:02,2,0,0,2
2021-07-03 12:52:03,4,0,2,6
2021-07-03 12:52:04,2,0,1,3
2021-07-03 12:52:05,0,0,0,0
2021-07-03 12:52:06,2,0,0,2
2021-07-03 12:52:08,159,3,40,202
2021-07-03 12:52:09,9,0,1,10
2021-07-03 12:52:10,0,0,0,0
2021-07-03 12:52:11,1,0,0,1
2021-07-03 12:52:12,0,0,0,0
2021-07-03 12:52:13,1,1,0,2
2021-07-03 12:52:14,1,0,0,1
2021-07-03 12:52:15,1,1,1,3
2021-07-03 12:52:16,0,0,0,0
2021-07-03 12:52:17,125,1,10,136
2021-07-03 12:52:18,2,0,1,3
2021-07-03 12:52:19,7,0,0,7
2021-07-03 12:52:20,0,0,0,0
2021-07-03 12:52:23,0,1,0,1
2021-07-03 12:52:24,0,2,0,2
2021-07-03 12:52:26,0,0,0,0
2021-07-03 12:52:27,0,0,0,0
2021-07-03 12:52:28,0,0,0,0
2021-07-03 12:52:29,0,0,0,0
2021-07-03 12:52:32,6,0,0,6
2021-07-03 12:52:33,3,0,0,3
2021-07-03 12:52:34,0,0,1,1
2021-07-03 12:52:39,0,0,0,0
2021-07-03 12:52:40,0,0,0,0
2021-07-03 12:52:43,4,0,0,4
2021-07-03 12:52:46,8,1,0,9
2021-07-03 12:52:47,0,0,0,0
2021-07-03 12:52:48,97,0,6,103
2021-07-03 12:52:49,0,0,0,0
2021-07-03 12:52:50,31,1,1,33
2021-07-03 12:52:51,3,0,0,3
2021-07-03 12:52:52,2,0,0,2
2021-07-03 12:52:53,2,0,0,2
2021-07-03 12:52:54,3,0,0,3
2021-07-03 12:52:55,1,0,0,1
2021-07-03 12:52:57,2,0,0,2
2021-07-03 12:52:58,6,1,2,9
2021-07-03 12:53:00,1,0,1,2
2021-07-03 12:53:01,1,0,0,1
2021-07-03 12:53:02,0,0,0,0
2021-07-03 12:53:04,1,0,0,1
2021-07-03 12:53:05,2,0,0,2
2021-07-03 12:53:06,2,0,0,2
2021-07-03 12:53:07,0,0,0,0
2021-07-03 12:53:09,37,0,8,45
2021-07-03 12:53:10,1,0,1,2
2021-07-03 12:53:11,54,2,16,72
2021-07-03 12:53:13,7,3,3,13
2021-07-03 12:53:14,5,0,2,7
2021-07-03 12:53:15,13,3,2,18
2021-07-03 12:53:16,277,2,67,346
2021-07-03 12:53:18,0,0,0,0
2021-07-03 12:53:19,1,0,0,1
2021-07-03 12:53:20,2,0,0,2
2021-07-03 12:53:21,0,0,2,2
2021-07-03 12:53:22,0,0,0,0
2021-07-03 12:53:23,0,0,0,0
2021-07-03 12:53:25,17,1,5,23
2021-07-03 12:53:26,13,1,1,15
2021-07-03 12:53:27,121,8,20,149
2021-07-03 12:53:28,1,0,0,1
2021-07-03 12:53:30,6,0,4,10
2021-07-03 12:53:31,33,0,10,43
2021-07-03 12:53:32,0,0,0,0
2021-07-03 12:53:33,0,0,0,0
2021-07-03 12:53:35,0,0,0,0
2021-07-03 12:53:39,0,0,0,0
2021-07-03 12:53:40,13,1,5,19
2021-07-03 12:53:41,55,0,14,69
2021-07-03 12:53:42,1,0,0,1
2021-07-03 12:53:43,326,8,88,422
2021-07-03 12:53:45,2,0,0,2
2021-07-03 12:53:46,2,0,0,2
2021-07-03 12:53:47,135,8,43,186
2021-07-03 12:53:50,1,0,0,1
2021-07-03 12:53:51,38,1,2,41
2021-07-03 12:53:52,12,1,2,15
2021-07-03 12:53:53,3,0,0,3
2021-07-03 12:53:54,5,0,1,6
2021-07-03 12:53:55,6,1,0,7
2021-07-03 12:53:56,1,0,0,1
2021-07-03 12:53:57,3,0,1,4
2021-07-03 12:53:58,1,0,0,1
2021-07-03 12:54:00,1,0,0,1
2021-07-03 12:54:01,2,0,0,2
2021-07-03 12:54:02,5,1,0,6
2021-07-03 12:54:06,284,4,6,294
2021-07-03 12:54:07,12,0,0,12
2021-07-03 12:54:08,5,0,1,6
2021-07-03 12:54:10,2,0,0,2
2021-07-03 12:54:11,2,0,0,2
2021-07-03 12:54:12,478,15,85,578
2021-07-03 12:54:13,1,0,0,1
2021-07-03 12:54:14,1,0,0,1
2021-07-03 12:54:15,2,1,0,3
2021-07-03 12:54:17,222,7,23,252
2021-07-03 12:54:18,35,0,2,37
2021-07-03 12:54:19,1,0,0,1
2021-07-03 12:54:20,5,0,0,5
2021-07-03 12:54:21,0,0,0,0
2021-07-03 12:54:23,10,1,1,12
2021-07-03 12:54:24,110,5,27,142
2021-07-03 12:54:25,1,1,0,2
2021-07-03 12:54:27,0,0,0,0
2021-07-03 12:54:28,1,0,0,1
2021-07-03 12:54:32,3,0,5,8
2021-07-03 12:54:33,1,1,0,2
2021-07-03 12:54:35,2,0,0,2
2021-07-03 12:54:36,0,0,0,0
2021-07-03 12:54:38,1,0,1,2
2021-07-03 12:54:39,15,5,7,27
2021-07-03 12:54:40,6,1,1,8
2021-07-03 12:54:41,1,0,0,1
2021-07-03 12:54:42,1,0,0,1
2021-07-03 12:54:43,3,1,0,4
2021-07-03 12:54:46,0,0,0,0
2021-07-03 12:54:47,2,0,0,2
2021-07-03 12:54:48,4,0,0,4
2021-07-03 12:54:50,1,0,1,2
2021-07-03 12:54:52,2,0,1,3
2021-07-03 12:54:54,14,0,5,19
2021-07-03 12:54:55,3,0,2,5
2021-07-03 12:54:56,0,0,0,0
2021-07-03 12:54:59,3,0,1,4
2021-07-03 12:55:00,128,2,42,172
2021-07-03 12:55:01,2,0,0,2
2021-07-03 12:55:04,0,0,0,0
2021-07-03 12:55:05,0,0,0,0
2021-07-03 12:55:06,9,1,3,13
2021-07-03 12:55:07,1,0,0,1
2021-07-03 12:55:08,75,2,27,104
2021-07-03 12:55:09,1,0,1,2
2021-07-03 12:55:10,4,0,0,4
2021-07-03 12:55:11,829,25,152,1006
2021-07-03 12:55:13,4,0,1,5
2021-07-03 12:55:14,2,0,0,2
2021-07-03 12:55:15,0,0,0,0
2021-07-03 12:55:16,2,0,0,2
2021-07-03 12:55:17,0,0,0,0
2021-07-03 12:55:19,0,0,0,0
2021-07-03 12:55:20,1,0,0,1
2021-07-03 12:55:22,1,1,0,2
2021-07-03 12:55:23,68,0,16,84
2021-07-03 12:55:24,2,0,0,2
2021-07-03 12:55:25,0,0,0,0
2021-07-03 12:55:26,2,0,0,2
2021-07-03 12:55:27,2,1,0,3
2021-07-03 12:55:28,4,1,0,5
2021-07-03 12:55:31,0,0,0,0
2021-07-03 12:55:35,0,0,0,0
2021-07-03 12:55:37,5,0,0,5
2021-07-03 12:55:38,1,0,0,1
2021-07-03 12:55:39,1,0,0,1
2021-07-03 12:55:40,2,0,0,2
2021-07-03 12:55:41,0,0,0,0
2021-07-03 12:55:43,1,0,0,1
2021-07-03 12:55:44,1,0,0,1
2021-07-03 12:55:45,0,0,0,0
2021-07-03 12:55:46,2,0,1,3
2021-07-03 12:55:47,4,0,0,4
2021-07-03 12:55:48,0,0,0,0
2021-07-03 12:55:49,0,0,0,0
2021-07-03 12:55:50,2,0,0,2
2021-07-03 12:55:51,2,0,1,3
2021-07-03 12:55:53,1,0,0,1
2021-07-03 12:55:54,0,0,0,0
2021-07-03 12:55:55,6,0,0,6
2021-07-03 12:55:56,0,0,0,0
2021-07-03 12:55:57,1,0,0,1
2021-07-03 12:55:58,0,0,0,0
2021-07-03 12:55:59,24,1,5,30
2021-07-03 12:56:01,2,0,1,3
2021-07-03 12:56:02,20,0,5,25
2021-07-03 12:56:04,0,0,0,0
2021-07-03 12:56:05,1,0,0,1
2021-07-03 12:56:06,2,0,0,2
2021-07-03 12:56:07,6,0,3,9
2021-07-03 12:56:08,1,0,0,1
2021-07-03 12:56:10,2,0,1,3
2021-07-03 12:56:11,1,0,0,1
2021-07-03 12:56:12,2,0,2,4
2021-07-03 12:56:13,1,0,0,1
2021-07-03 12:56:14,1,0,0,1
2021-07-03 12:56:16,0,0,0,0
2021-07-03 12:56:18,100,8,16,124
2021-07-03 12:56:19,0,0,0,0
2021-07-03 12:56:20,4,1,1,6
2021-07-03 12:56:22,1,0,0,1
2021-07-03 12:56:24,41,1,12,54
2021-07-03 12:56:27,1,0,0,1
2021-07-03 12:56:28,3,0,0,3
2021-07-03 12:56:29,53,0,0,53
2021-07-03 12:56:31,1,0,0,1
2021-07-03 12:56:34,2,0,0,2
2021-07-03 12:56:35,6,0,3,9
2021-07-03 12:56:36,0,0,0,0
2021-07-03 12:56:37,0,0,0,0
2021-07-03 12:56:38,348,11,75,434
2021-07-03 12:56:40,0,0,0,0
2021-07-03 12:56:41,10,2,2,14
2021-07-03 12:56:42,98,2,35,135
2021-07-03 12:56:43,16,1,3,20
2021-07-03 12:56:44,0,0,0,0
2021-07-03 12:56:45,0,0,0,0
2021-07-03 12:56:47,0,0,0,0
2021-07-03 12:56:49,31,2,9,42
2021-07-03 12:56:50,115,0,9,124
2021-07-03 12:56:52,0,0,0,0
2021-07-03 12:56:53,2,1,0,3
2021-07-03 12:56:54,1,0,0,1
2021-07-03 12:56:57,1,0,0,1
2021-07-03 12:56:58,7,0,3,10
2021-07-03 12:57:00,10,0,3,13
2021-07-03 12:57:01,12,0,8,20
2021-07-03 12:57:04,13,0,4,17
2021-07-03 12:57:05,487,8,64,559
2021-07-03 12:57:07,10,0,1,11
2021-07-03 12:57:08,1,0,0,1
2021-07-03 12:57:09,3,0,2,5
2021-07-03 12:57:10,6,0,5,11
2021-07-03 12:57:11,140,5,25,170
2021-07-03 12:57:12,9,0,8,17
2021-07-03 12:57:13,1,0,0,1
2021-07-03 12:57:16,0,0,0,0
2021-07-03 12:57:17,0,0,0,0
2021-07-03 12:57:19,0,0,0,0
2021-07-03 12:57:20,1,0,0,1
2021-07-03 12:57:21,158,2,29,189
2021-07-03 12:57:23,2,1,0,3
2021-07-03 12:57:25,2,1,0,3
2021-07-03 12:57:26,2,0,0,2
2021-07-03 12:57:28,3,0,0,3
2021-07-03 12:57:29,0,0,0,0
2021-07-03 12:57:30,0,1,0,1
2021-07-03 12:57:32,25,0,2,27
2021-07-03 12:57:34,7,2,4,13
2021-07-03 12:57:35,2,1,0,3
2021-07-03 12:57:36,0,0,0,0
2021-07-03 12:57:37,200,4,52,256
2021-07-03 12:57:38,31,1,4,36
2021-07-03 12:57:39,0,0,0,0
2021-07-03 12:57:40,0,0,0,0
2021-07-03 12:57:41,6,1,1,8
2021-07-03 12:57:46,0,0,0,0
2021-07-03 12:57:47,0,0,0,0
2021-07-03 12:57:48,0,0,0,0
2021-07-03 12:57:49,0,0,0,0
2021-07-03 12:57:50,1,0,0,1
2021-07-03 12:57:51,0,0,0,0
2021-07-03 12:57:52,2,0,1,3
2021-07-03 12:57:53,3,0,0,3
2021-07-03 12:57:54,3,0,0,3
2021-07-03 12:57:56,5,0,0,5
2021-07-03 12:57:57,0,0,0,0
2021-07-03 12:57:58,0,0,0,0
2021-07-03 12:57:59,0,0,0,0
2021-07-03 12:58:00,0,0,0,0
2021-07-03 12:58:01,1,1,0,2
2021-07-03 12:58:03,6,0,1,7
2021-07-03 12:58:04,25,6,0,31
2021-07-03 12:58:05,2,0,1,3
2021-07-03 12:58:06,32,2,12,46
2021-07-03 12:58:08,7,1,6,14
2021-07-03 12:58:09,2,0,0,2
2021-07-03 12:58:12,155,0,8,163
2021-07-03 12:58:14,5,0,0,5
2021-07-03 12:58:15,64,2,15,81
2021-07-03 12:58:18,0,0,0,0
2021-07-03 12:58:19,1,0,0,1
2021-07-03 12:58:20,1,0,0,1
2021-07-03 12:58:22,0,0,0,0
2021-07-03 12:58:24,0,0,0,0
2021-07-03 12:58:26,1,0,0,1
2021-07-03 12:58:27,0,0,0,0
2021-07-03 12:58:29,1,1,0,2
2021-07-03 12:58:31,0,0,0,0
2021-07-03 12:58:32,1,0,0,1
2021-07-03 12:58:33,19,0,6,25
2021-07-03 12:58:37,19,0,6,25
2021-07-03 12:58:38,1,0,0,1
2021-07-03 12:58:39,1,0,0,1
2021-07-03 12:58:40,2,0,0,2
2021-07-03 12:58:41,0,0,0,0
2021-07-03 12:58:42,14,0,2,16
2021-07-03 12:58:44,65,2,27,94
2021-07-03 12:58:47,0,0,0,0
2021-07-03 12:58:48,5,0,1,6
2021-07-03 12:58:50,49,1,6,56
2021-07-03 12:58:51,3,0,0,3
2021-07-03 12:58:52,0,0,0,0
2021-07-03 12:58:53,3,0,0,3
2021-07-03 12:58:56,4,0,4,8
2021-07-03 12:58:57,0,0,0,0
2021-07-03 12:58:58,6,1,0,7
2021-07-03 12:58:59,2,0,0,2
2021-07-03 12:59:00,1,0,0,1
2021-07-03 12:59:02,5,1,0,6
2021-07-03 12:59:03,5,1,0,6
2021-07-03 12:59:04,2,0,0,2
2021-07-03 12:59:05,0,0,0,0
2021-07-03 12:59:06,34,0,5,39
2021-07-03 12:59:10,3,0,0,3
2021-07-03 12:59:11,3,0,0,3
2021-07-03 12:59:12,1,0,0,1
2021-07-03 12:59:13,2,0,0,2
2021-07-03 12:59:14,0,0,0,0
2021-07-03 12:59:15,1,0,0,1
2021-07-03 12:59:16,2,0,0,2
2021-07-03 12:59:17,5,0,2,7
2021-07-03 12:59:18,4,0,0,4
2021-07-03 12:59:20,1,0,0,1
2021-07-03 12:59:22,2,0,0,2
2021-07-03 12:59:23,184,2,42,228
2021-07-03 12:59:24,1,0,0,1
2021-07-03 12:59:25,1,0,2,3
2021-07-03 12:59:26,0,0,0,0
2021-07-03 12:59:27,0,0,0,0
2021-07-03 12:59:28,2,0,0,2
2021-07-03 12:59:29,0,0,0,0
2021-07-03 12:59:30,0,0,0,0
2021-07-03 12:59:31,10,0,3,13
2021-07-03 12:59:32,251,5,64,320
2021-07-03 12:59:33,14,0,2,16
2021-07-03 12:59:34,0,0,1,1
2021-07-03 12:59:35,948,20,213,1181
2021-07-03 12:59:36,5,0,2,7
2021-07-03 12:59:37,147,8,50,205
2021-07-03 12:59:40,3,0,0,3
2021-07-03 12:59:41,0,0,0,0
2021-07-03 12:59:42,0,0,0,0
2021-07-03 12:59:43,0,0,0,0
2021-07-03 12:59:44,0,0,0,0
2021-07-03 12:59:45,18,0,3,21
2021-07-03 12:59:47,0,0,0,0
2021-07-03 12:59:50,2,0,1,3
2021-07-03 12:59:51,1,0,1,2
2021-07-03 12:59:53,7,1,3,11
2021-07-03 12:59:54,14,2,0,16
2021-07-03 12:59:55,4,1,1,6
2021-07-03 12:59:56,1,0,0,1
2021-07-03 12:59:57,0,0,0,0
2021-07-03 12:59:59,7,0,3,10
2021-07-03 13:00:00,406,16,111,533
2021-07-03 13:00:01,7,0,3,10
2021-07-03 13:00:02,1,0,1,2
2021-07-03 13:00:03,255,2,20,277
2021-07-03 13:00:04,14,1,4,19
2021-07-03 13:00:07,0,0,0,0
2021-07-03 13:00:09,0,0,0,0
2021-07-03 13:00:10,0,0,0,0
2021-07-03 13:00:12,0,0,0,0
2021-07-03 13:00:14,2,0,1,3
2021-07-03 13:00:15,0,0,0,0
2021-07-03 13:00:16,4,0,1,5
2021-07-03 13:00:17,3,0,1,4
2021-07-03 13:00:18,6,0,0,6
2021-07-03 13:00:19,0,0,0,0
2021-07-03 13:00:20,10,2,0,12
2021-07-03 13:00:21,47,2,3,52
2021-07-03 13:00:22,2,0,0,2
2021-07-03 13:00:23,7,0,2,9
2021-07-03 13:00:25,35,1,5,41
2021-07-03 13:00:26,0,0,0,0
2021-07-03 13:00:27,1,0,0,1
2021-07-03 13:00:29,6,0,1,7
2021-07-03 13:00:30,3,0,2,5
2021-07-03 13:00:32,0,0,0,0
2021-07-03 13:00:33,0,0,0,0
2021-07-03 13:00:34,0,0,0,0
2021-07-03 13:00:35,0,0,0,0
2021-07-03 13:00:36,3,0,2,5
2021-07-03 13:00:39,1,0,0,1
2021-07-03 13:00:41,3,0,0,3
2021-07-03 13:00:42,408,10,76,494
2021-07-03 13:00:43,0,0,0,0
2021-07-03 13:00:44,0,0,0,0
2021-07-03 13:00:45,8,0,0,8
2021-07-03 13:00:46,0,0,0,0
2021-07-03 13:00:47,5,0,5,10
2021-07-03 13:00:48,3,0,2,5
2021-07-03 13:00:49,17,2,0,19
2021-07-03 13:00:50,0,0,0,0
2021-07-03 13:00:52,0,0,0,0
2021-07-03 13:00:53,266,2,79,347
2021-07-03 13:00:54,51,3,10,64
2021-07-03 13:00:55,0,0,1,1
2021-07-03 13:00:56,0,0,0,0
2021-07-03 13:00:57,0,0,0,0
2021-07-03 13:00:58,0,0,0,0
2021-07-03 13:00:59,1,0,0,1
2021-07-03 13:01:00,2,0,0,2
2021-07-03 13:01:01,6,0,0,6
2021-07-03 13:01:02,12,2,0,14
2021-07-03 13:01:04,8,0,1,9
2021-07-03 13:01:05,1,0,0,1
2021-07-03 13:01:06,0,0,0,0
2021-07-03 13:01:07,2,0,0,2
2021-07-03 13:01:08,626,10,110,746
2021-07-03 13:01:10,3,0,0,3
2021-07-03 13:01:11,12,0,6,18
2021-07-03 13:01:13,3,1,1,5
2021-07-03 13:01:14,0,0,0,0
2021-07-03 13:01:15,7651,173,1176,9000
2021-07-03 13:01:16,0,0,0,0
2021-07-03 13:01:17,1,0,0,1
2021-07-03 13:01:19,0,0,0,0
2021-07-03 13:01:20,3,0,0,3
2021-07-03 13:01:21,13,0,0,13
2021-07-03 13:01:22,0,0,0,0
2021-07-03 13:01:24,0,0,0,0
2021-07-03 13:01:26,1,0,1,2
2021-07-03 13:01:28,22,2,6,30
2021-07-03 13:01:29,34,0,8,42
2021-07-03 13:01:30,20,2,0,22
2021-07-03 13:01:31,8,0,3,11
2021-07-03 13:01:33,0,0,0,0
2021-07-03 13:01:34,1,0,0,1
2021-07-03 13:01:35,0,0,0,0
2021-07-03 13:01:36,1,0,0,1
2021-07-03 13:01:38,0,0,0,0
2021-07-03 13:01:39,31,1,1,33
2021-07-03 13:01:41,5,0,1,6
2021-07-03 13:01:42,5,1,0,6
2021-07-03 13:01:44,0,0,0,0
2021-07-03 13:01:45,2,0,0,2
2021-07-03 13:01:46,3,0,0,3
2021-07-03 13:01:48,0,0,0,0
2021-07-03 13:01:49,0,0,0,0
2021-07-03 13:01:50,0,1,0,1
2021-07-03 13:01:51,741,10,156,907
2021-07-03 13:01:52,0,0,0,0
2021-07-03 13:01:54,0,0,0,0
2021-07-03 13:01:55,1,0,0,1
2021-07-03 13:01:56,18,1,1,20
2021-07-03 13:01:58,0,0,0,0
2021-07-03 13:01:59,50,2,16,68
2021-07-03 13:02:00,221,7,45,273
2021-07-03 13:02:01,6,0,0,6
2021-07-03 13:02:02,1,0,1,2
2021-07-03 13:02:03,0,0,0,0
2021-07-03 13:02:04,0,0,0,0
2021-07-03 13:02:05,2,0,0,2
2021-07-03 13:02:07,4,1,0,5
2021-07-03 13:02:08,70,2,9,81
2021-07-03 13:02:10,1,0,0,1
2021-07-03 13:02:12,0,0,0,0
2021-07-03 13:02:14,1,0,0,1
2021-07-03 13:02:15,2,0,0,2
2021-07-03 13:02:16,0,0,0,0
2021-07-03 13:02:17,201,1,49,251
2021-07-03 13:02:18,6558,108,1226,7892
2021-07-03 13:02:19,2,0,0,2
2021-07-03 13:02:20,0,0,0,0
2021-07-03 13:02:21,4,0,1,5
2021-07-03 13:02:22,1,1,0,2
2021-07-03 13:02:23,0,0,1,1
2021-07-03 13:02:27,12,0,0,12
2021-07-03 13:02:28,0,0,0,0
2021-07-03 13:02:30,16,1,0,17
2021-07-03 13:02:31,4,0,0,4
2021-07-03 13:02:33,17,1,14,32
2021-07-03 13:02:34,6,0,0,6
2021-07-03 13:02:35,3,0,0,3
2021-07-03 13:02:36,16,0,8,24
2021-07-03 13:02:37,0,0,0,0
2021-07-03 13:02:38,2,0,2,4
2021-07-03 13:02:39,5,0,0,5
2021-07-03 13:02:40,6,0,3,9
2021-07-03 13:02:41,2,0,1,3
2021-07-03 13:02:42,3,0,0,3
2021-07-03 13:02:44,2,0,1,3
2021-07-03 13:02:45,1,0,0,1
2021-07-03 13:02:46,1,0,0,1
2021-07-03 13:02:48,0,0,0,0
2021-07-03 13:02:49,31,2,3,36
2021-07-03 13:02:50,3,0,2,5
2021-07-03 13:02:51,19,0,5,24
2021-07-03 13:02:53,0,0,0,0
2021-07-03 13:02:55,2,0,0,2
2021-07-03 13:02:58,1,0,0,1
2021-07-03 13:03:00,2,0,0,2
2021-07-03 13:03:01,22,0,1,23
2021-07-03 13:03:02,0,0,0,0
2021-07-03 13:03:03,6,0,2,8
2021-07-03 13:03:05,6,0,0,6
2021-07-03 13:03:06,18,2,4,24
2021-07-03 13:03:07,17,0,3,20
2021-07-03 13:03:09,4,0,1,5
2021-07-03 13:03:10,27,0,3,30
2021-07-03 13:03:11,4,0,0,4
2021-07-03 13:03:12,10,0,3,13
2021-07-03 13:03:13,3,0,1,4
2021-07-03 13:03:15,682,14,66,762
2021-07-03 13:03:16,0,0,0,0
2021-07-03 13:03:17,0,0,0,0
2021-07-03 13:03:18,57,1,19,77
2021-07-03 13:03:19,83,2,19,104
2021-07-03 13:03:20,2,1,0,3
2021-07-03 13:03:21,0,0,0,0
2021-07-03 13:03:22,5,0,3,8
2021-07-03 13:03:23,7,0,5,12
2021-07-03 13:03:24,523,16,90,629
2021-07-03 13:03:25,0,0,0,0
2021-07-03 13:03:27,30,2,2,34
2021-07-03 13:03:28,0,0,0,0
2021-07-03 13:03:29,0,0,0,0
2021-07-03 13:03:30,2,0,0,2
2021-07-03 13:03:31,4,0,2,6
2021-07-03 13:03:33,54,0,8,62
2021-07-03 13:03:34,34,1,7,42
2021-07-03 13:03:35,0,0,0,0
2021-07-03 13:03:38,16,1,2,19
2021-07-03 13:03:39,1,0,1,2
2021-07-03 13:03:40,1430,36,280,1746
2021-07-03 13:03:41,1,0,1,2
2021-07-03 13:03:43,0,0,0,0
2021-07-03 13:03:44,2,0,0,2
2021-07-03 13:03:48,1,0,1,2
2021-07-03 13:03:49,1,0,0,1
2021-07-03 13:03:50,0,0,0,0
2021-07-03 13:03:52,0,0,0,0
2021-07-03 13:03:53,1,0,0,1
2021-07-03 13:03:54,1,0,1,2
2021-07-03 13:03:55,9,0,5,14
2021-07-03 13:03:57,0,0,1,1
2021-07-03 13:03:58,0,0,0,0
2021-07-03 13:04:00,5,0,2,7
2021-07-03 13:04:01,0,0,0,0
2021-07-03 13:04:02,0,0,0,0
2021-07-03 13:04:03,1,0,0,1
2021-07-03 13:04:04,3,0,2,5
2021-07-03 13:04:05,1,0,0,1
2021-07-03 13:04:06,9,0,0,9
2021-07-03 13:04:08,1,0,0,1
2021-07-03 13:04:10,83,0,19,102
2021-07-03 13:04:11,191,5,57,253
2021-07-03 13:04:12,0,0,0,0
2021-07-03 13:04:13,1,0,0,1
2021-07-03 13:04:14,4,2,0,6
2021-07-03 13:04:15,3,0,0,3
2021-07-03 13:04:16,0,0,0,0
2021-07-03 13:04:18,0,0,1,1
2021-07-03 13:04:19,137,0,31,168
2021-07-03 13:04:20,0,0,0,0
2021-07-03 13:04:21,372,11,58,441
2021-07-03 13:04:22,1,0,0,1
2021-07-03 13:04:23,29,0,5,34
2021-07-03 13:04:24,42,1,9,52
2021-07-03 13:04:26,0,0,0,0
2021-07-03 13:04:27,1,0,0,1
2021-07-03 13:04:28,1,0,2,3
2021-07-03 13:04:29,144,2,15,161
2021-07-03 13:04:30,25,1,4,30
2021-07-03 13:04:32,1,0,0,1
2021-07-03 13:04:34,0,0,0,0
2021-07-03 13:04:36,334,11,121,466
2021-07-03 13:04:37,1,0,0,1
2021-07-03 13:04:38,2,0,0,2
2021-07-03 13:04:40,1,0,0,1
2021-07-03 13:04:41,20,2,4,26
2021-07-03 13:04:42,1,0,0,1
2021-07-03 13:04:44,6,2,0,8
2021-07-03 13:04:45,8,0,0,8
2021-07-03 13:04:47,4,0,0,4
2021-07-03 13:04:48,1,0,0,1
2021-07-03 13:04:49,37,5,1,43
2021-07-03 13:04:50,128,1,44,173
2021-07-03 13:04:51,16,2,11,29
2021-07-03 13:04:52,1,0,0,1
2021-07-03 13:04:53,12,2,0,14
2021-07-03 13:04:54,0,0,0,0
2021-07-03 13:04:55,0,0,0,0
2021-07-03 13:04:56,0,0,0,0
2021-07-03 13:04:57,0,0,0,0
2021-07-03 13:04:58,6,0,0,6
2021-07-03 13:04:59,0,0,0,0
2021-07-03 13:05:00,2724,84,752,3560
2021-07-03 13:05:01,1,1,1,3
2021-07-03 13:05:03,5,0,2,7
2021-07-03 13:05:04,22,0,8,30
2021-07-03 13:05:06,0,0,0,0
2021-07-03 13:05:07,0,0,0,0
2021-07-03 13:05:08,0,0,1,1
2021-07-03 13:05:09,1,1,0,2
2021-07-03 13:05:10,16,0,5,21
2021-07-03 13:05:11,40,2,9,51
2021-07-03 13:05:12,4,0,1,5
2021-07-03 13:05:14,4,0,4,8
2021-07-03 13:05:16,0,0,0,0
2021-07-03 13:05:17,7,0,5,12
2021-07-03 13:05:18,0,1,0,1
2021-07-03 13:05:20,0,0,0,0
2021-07-03 13:05:22,0,0,0,0
2021-07-03 13:05:23,1,0,0,1
2021-07-03 13:05:24,7,0,3,10
2021-07-03 13:05:26,2,0,1,3
2021-07-03 13:05:27,0,0,0,0
2021-07-03 13:05:28,0,0,0,0
2021-07-03 13:05:30,1,0,0,1
2021-07-03 13:05:33,3,0,1,4
2021-07-03 13:05:34,14,2,2,18
2021-07-03 13:05:35,0,0,0,0
2021-07-03 13:05:38,6,1,1,8
2021-07-03 13:05:39,33,1,7,41
2021-07-03 13:05:40,0,0,0,0
2021-07-03 13:05:42,4,0,1,5
2021-07-03 13:05:43,0,0,0,0
2021-07-03 13:05:44,0,0,0,0
2021-07-03 13:05:45,2,0,0,2
2021-07-03 13:05:46,2,0,0,2
2021-07-03 13:05:47,1,0,0,1
2021-07-03 13:05:50,0,0,0,0
2021-07-03 13:05:51,0,0,0,0
2021-07-03 13:05:53,2,1,0,3
2021-07-03 13:05:55,1,0,0,1
2021-07-03 13:05:56,1,0,0,1
2021-07-03 13:05:58,10,0,3,13
2021-07-03 13:06:01,17,1,11,29
2021-07-03 13:06:02,4,0,0,4
2021-07-03 13:06:03,862,36,168,1066
2021-07-03 13:06:04,118,2,24,144
2021-07-03 13:06:05,60,1,21,82
2021-07-03 13:06:06,714,34,204,952
2021-07-03 13:06:08,36,2,9,47
2021-07-03 13:06:09,0,0,0,0
2021-07-03 13:06:10,0,0,0,0
2021-07-03 13:06:11,0,0,0,0
2021-07-03 13:06:12,4,1,0,5
2021-07-03 13:06:13,2,0,0,2
2021-07-03 13:06:14,1394,67,256,1717
2021-07-03 13:06:17,0,0,0,0
2021-07-03 13:06:20,3,2,0,5
2021-07-03 13:06:21,6,0,2,8
2021-07-03 13:06:22,1,0,0,1
2021-07-03 13:06:23,0,0,0,0
2021-07-03 13:06:25,0,0,0,0
2021-07-03 13:06:27,502,2,57,561
2021-07-03 13:06:28,441,16,104,561
2021-07-03 13:06:29,0,0,0,0
2021-07-03 13:06:30,3,0,0,3
2021-07-03 13:06:31,0,0,0,0
2021-07-03 13:06:32,25,2,8,35
2021-07-03 13:06:33,4,0,2,6
2021-07-03 13:06:34,1,0,0,1
2021-07-03 13:06:35,364,2,38,404
2021-07-03 13:06:36,1,0,0,1
2021-07-03 13:06:37,0,0,0,0
2021-07-03 13:06:38,4,3,0,7
2021-07-03 13:06:39,0,0,0,0
2021-07-03 13:06:40,2,1,2,5
2021-07-03 13:06:41,3,0,1,4
2021-07-03 13:06:42,510,9,75,594
2021-07-03 13:06:43,0,0,0,0
2021-07-03 13:06:44,5,1,0,6
2021-07-03 13:06:45,93,4,2,99
2021-07-03 13:06:46,4,0,2,6
2021-07-03 13:06:47,1,0,0,1
2021-07-03 13:06:48,18,0,3,21
2021-07-03 13:06:50,119,3,12,134
2021-07-03 13:06:52,2,0,0,2
2021-07-03 13:06:54,6,0,0,6
2021-07-03 13:06:55,16,0,6,22
2021-07-03 13:06:57,4,0,0,4
2021-07-03 13:07:00,2,0,0,2
2021-07-03 13:07:01,0,0,1,1
2021-07-03 13:07:03,4,0,2,6
2021-07-03 13:07:04,1,0,0,1
2021-07-03 13:07:05,1,0,0,1
2021-07-03 13:07:07,2,0,0,2
2021-07-03 13:07:08,21,3,3,27
2021-07-03 13:07:09,633,12,104,749
2021-07-03 13:07:10,0,0,0,0
2021-07-03 13:07:12,0,0,0,0
2021-07-03 13:07:13,3,0,0,3
2021-07-03 13:07:15,1,0,0,1
2021-07-03 13:07:16,2,0,1,3
2021-07-03 13:07:17,239,4,41,284
2021-07-03 13:07:18,0,0,0,0
2021-07-03 13:07:22,6,0,1,7
2021-07-03 13:07:23,10,1,4,15
2021-07-03 13:07:24,4777,35,641,5453
2021-07-03 13:07:27,0,0,0,0
2021-07-03 13:07:28,5,0,2,7
2021-07-03 13:07:29,14,0,0,14
2021-07-03 13:07:30,0,0,0,0
2021-07-03 13:07:31,2,0,0,2
2021-07-03 13:07:32,2222,38,465,2725
2021-07-03 13:07:34,11,3,4,18
2021-07-03 13:07:35,6,2,0,8
2021-07-03 13:07:36,59,0,11,70
2021-07-03 13:07:37,5,0,0,5
2021-07-03 13:07:38,107,3,38,148
2021-07-03 13:07:39,1,0,0,1
2021-07-03 13:07:40,18,0,2,20
2021-07-03 13:07:41,0,0,0,0
2021-07-03 13:07:42,1100,39,108,1247
2021-07-03 13:07:43,0,0,0,0
2021-07-03 13:07:44,0,2,0,2
2021-07-03 13:07:45,861,14,218,1093
2021-07-03 13:07:46,0,0,0,0
2021-07-03 13:07:47,3,0,0,3
2021-07-03 13:07:48,7,0,1,8
2021-07-03 13:07:49,16,1,5,22
2021-07-03 13:07:50,0,0,0,0
2021-07-03 13:07:51,38,0,10,48
2021-07-03 13:07:52,132,2,45,179
2021-07-03 13:07:54,20,0,10,30
2021-07-03 13:07:55,0,0,0,0
2021-07-03 13:07:56,3,0,0,3
2021-07-03 13:07:57,2,0,0,2
2021-07-03 13:07:58,10,0,4,14
2021-07-03 13:07:59,9,0,3,12
2021-07-03 13:08:00,1,0,0,1
2021-07-03 13:08:01,0,0,0,0
2021-07-03 13:08:02,0,0,0,0
2021-07-03 13:08:03,0,0,0,0
2021-07-03 13:08:04,3,0,0,3
2021-07-03 13:08:06,0,0,0,0
2021-07-03 13:08:07,0,0,0,0
2021-07-03 13:08:09,0,0,1,1
2021-07-03 13:08:11,46,3,17,66
2021-07-03 13:08:12,4,0,1,5
2021-07-03 13:08:14,0,0,0,0
2021-07-03 13:08:15,0,1,0,1
2021-07-03 13:08:16,0,0,0,0
2021-07-03 13:08:17,2,0,0,2
2021-07-03 13:08:18,1,0,0,1
2021-07-03 13:08:21,5,0,3,8
2021-07-03 13:08:22,12,0,0,12
2021-07-03 13:08:24,2,0,0,2
2021-07-03 13:08:25,3,0,1,4
2021-07-03 13:08:26,5,0,1,6
2021-07-03 13:08:27,0,0,0,0
2021-07-03 13:08:30,2,0,1,3
2021-07-03 13:08:31,0,0,0,0
2021-07-03 13:08:32,1,0,0,1
2021-07-03 13:08:33,2,0,0,2
2021-07-03 13:08:34,1,0,0,1
2021-07-03 13:08:35,1,0,0,1
2021-07-03 13:08:36,1,0,0,1
2021-07-03 13:08:37,2,0,0,2
2021-07-03 13:08:38,3696,78,810,4584
2021-07-03 13:08:39,2,0,0,2
2021-07-03 13:08:40,2,0,0,2
2021-07-03 13:08:41,1,0,0,1
2021-07-03 13:08:42,2,0,0,2
2021-07-03 13:08:43,0,0,0,0
2021-07-03 13:08:44,0,0,0,0
2021-07-03 13:08:45,11,2,0,13
2021-07-03 13:08:46,0,0,0,0
2021-07-03 13:08:47,0,0,0,0
2021-07-03 13:08:48,1,0,0,1
2021-07-03 13:08:49,6,0,0,6
2021-07-03 13:08:51,0,0,0,0
2021-07-03 13:08:52,0,0,0,0
2021-07-03 13:08:54,0,0,0,0
2021-07-03 13:08:57,14,2,0,16
2021-07-03 13:08:58,1,0,0,1
2021-07-03 13:09:00,0,0,0,0
2021-07-03 13:09:01,4,0,0,4
2021-07-03 13:09:03,0,0,0,0
2021-07-03 13:09:04,4,0,3,7
2021-07-03 13:09:05,0,0,1,1
2021-07-03 13:09:06,9,0,4,13
2021-07-03 13:09:07,0,0,0,0
2021-07-03 13:09:09,1,0,0,1
2021-07-03 13:09:10,0,0,0,0
2021-07-03 13:09:11,0,0,0,0
2021-07-03 13:09:12,2,0,0,2
2021-07-03 13:09:13,1,0,0,1
2021-07-03 13:09:14,0,0,0,0
2021-07-03 13:09:15,1184,29,230,1443
2021-07-03 13:09:16,54,0,11,65
2021-07-03 13:09:17,0,0,0,0
2021-07-03 13:09:18,100,1,21,122
2021-07-03 13:09:19,4,0,1,5
2021-07-03 13:09:21,0,0,0,0
2021-07-03 13:09:23,1,0,1,2
2021-07-03 13:09:24,3,0,0,3
2021-07-03 13:09:26,15,0,4,19
2021-07-03 13:09:28,312,4,59,375
2021-07-03 13:09:29,0,0,0,0
2021-07-03 13:09:30,6,0,3,9
2021-07-03 13:09:31,1,0,0,1
2021-07-03 13:09:32,342,19,57,418
2021-07-03 13:09:35,4,0,0,4
2021-07-03 13:09:36,0,0,0,0
2021-07-03 13:09:37,0,0,0,0
2021-07-03 13:09:38,0,0,0,0
2021-07-03 13:09:39,10,0,0,10
2021-07-03 13:09:42,1,0,1,2
2021-07-03 13:09:44,55,2,16,73
2021-07-03 13:09:45,1,0,0,1
2021-07-03 13:09:47,1,0,0,1
2021-07-03 13:09:49,2,0,1,3
2021-07-03 13:09:50,0,0,0,0
2021-07-03 13:09:51,0,0,0,0
2021-07-03 13:09:52,177,0,35,212
2021-07-03 13:09:53,1,0,0,1
2021-07-03 13:09:55,3,0,1,4
2021-07-03 13:09:56,0,0,0,0
2021-07-03 13:09:58,0,0,0,0
2021-07-03 13:09:59,0,0,0,0
2021-07-03 13:10:00,920,43,225,1188
2021-07-03 13:10:01,1,0,0,1
2021-07-03 13:10:02,28,0,8,36
2021-07-03 13:10:04,2,0,0,2
2021-07-03 13:10:05,0,0,0,0
2021-07-03 13:10:06,8,1,2,11
2021-07-03 13:10:07,1,0,1,2
2021-07-03 13:10:08,7,0,3,10
2021-07-03 13:10:09,1,0,1,2
2021-07-03 13:10:11,0,0,0,0
2021-07-03 13:10:12,500,16,100,616
2021-07-03 13:10:15,4,0,0,4
2021-07-03 13:10:17,0,0,0,0
2021-07-03 13:10:18,3,1,3,7
2021-07-03 13:10:20,0,0,0,0
2021-07-03 13:10:21,2,0,2,4
2021-07-03 13:10:22,4,1,1,6
2021-07-03 13:10:23,0,0,0,0
2021-07-03 13:10:24,3,0,0,3
2021-07-03 13:10:26,0,0,0,0
2021-07-03 13:10:27,0,0,2,2
2021-07-03 13:10:28,33,1,8,42
2021-07-03 13:10:29,1,0,0,1
2021-07-03 13:10:30,44,0,12,56
2021-07-03 13:10:32,3,0,0,3
2021-07-03 13:10:33,0,0,0,0
2021-07-03 13:10:34,2,0,0,2
2021-07-03 13:10:35,1,0,0,1
2021-07-03 13:10:37,0,0,0,0
2021-07-03 13:10:38,1,0,1,2
2021-07-03 13:10:39,4,0,3,7
2021-07-03 13:10:41,0,0,0,0
2021-07-03 13:10:43,1,0,1,2
2021-07-03 13:10:44,1,0,1,2
2021-07-03 13:10:46,2,0,2,4
2021-07-03 13:10:47,0,0,0,0
2021-07-03 13:10:48,0,0,0,0
2021-07-03 13:10:50,0,0,0,0
2021-07-03 13:10:51,0,0,0,0
2021-07-03 13:10:52,4,0,3,7
2021-07-03 13:10:54,2,0,0,2
2021-07-03 13:10:55,151,7,73,231
2021-07-03 13:10:56,17,0,5,22
2021-07-03 13:10:58,11,0,1,12
2021-07-03 13:11:01,0,0,0,0
2021-07-03 13:11:03,21,0,7,28
2021-07-03 13:11:05,0,0,0,0
2021-07-03 13:11:06,23,0,0,23
2021-07-03 13:11:07,45,0,6,51
2021-07-03 13:11:09,29,6,11,46
2021-07-03 13:11:10,112,2,27,141
2021-07-03 13:11:11,0,0,1,1
2021-07-03 13:11:12,1,0,0,1
2021-07-03 13:11:13,0,0,1,1
2021-07-03 13:11:14,1,0,0,1
2021-07-03 13:11:15,1,0,0,1
2021-07-03 13:11:16,0,0,0,0
2021-07-03 13:11:17,1,0,0,1
2021-07-03 13:11:18,2,1,0,3
2021-07-03 13:11:20,0,0,0,0
2021-07-03 13:11:22,3,0,3,6
2021-07-03 13:11:24,2,0,1,3
2021-07-03 13:11:25,0,0,0,0
2021-07-03 13:11:26,3,0,0,3
2021-07-03 13:11:28,6,6,0,12
2021-07-03 13:11:30,0,0,0,0
2021-07-03 13:11:31,3,0,1,4
2021-07-03 13:11:32,0,0,0,0
2021-07-03 13:11:33,401,13,19,433
2021-07-03 13:11:34,2,2,0,4
2021-07-03 13:11:35,16,0,7,23
2021-07-03 13:11:37,2,0,2,4
2021-07-03 13:11:39,1,0,0,1
2021-07-03 13:11:41,0,0,0,0
2021-07-03 13:11:42,0,0,0,0
2021-07-03 13:11:43,3,1,0,4
2021-07-03 13:11:44,1,0,0,1
2021-07-03 13:11:45,1,0,0,1
2021-07-03 13:11:46,2,0,2,4
2021-07-03 13:11:47,1,0,0,1
2021-07-03 13:11:48,4,0,2,6
2021-07-03 13:11:49,0,0,0,0
2021-07-03 13:11:51,1,0,0,1
2021-07-03 13:11:52,29,0,11,40
2021-07-03 13:11:53,0,0,0,0
2021-07-03 13:11:54,1,0,0,1
2021-07-03 13:11:55,5,0,0,5
2021-07-03 13:11:56,7,0,1,8
2021-07-03 13:11:57,3,0,0,3
2021-07-03 13:11:58,14,0,3,17
2021-07-03 13:12:00,0,0,0,0
2021-07-03 13:12:02,1,0,1,2
2021-07-03 13:12:03,1,0,0,1
2021-07-03 13:12:05,1,0,0,1
2021-07-03 13:12:06,2,0,1,3
2021-07-03 13:12:08,0,0,0,0
2021-07-03 13:12:10,1,0,0,1
2021-07-03 13:12:11,75,4,8,87
2021-07-03 13:12:12,26,3,6,35
2021-07-03 13:12:13,10,3,0,13
2021-07-03 13:12:14,51,1,13,65
2021-07-03 13:12:15,38,5,19,62
2021-07-03 13:12:16,9,5,1,15
2021-07-03 13:12:17,3,2,1,6
2021-07-03 13:12:18,2,3,0,5
2021-07-03 13:12:19,1,0,1,2
2021-07-03 13:12:21,776,18,178,972
2021-07-03 13:12:22,0,0,1,1
2021-07-03 13:12:23,0,0,0,0
2021-07-03 13:12:24,4,0,3,7
2021-07-03 13:12:27,0,0,0,0
2021-07-03 13:12:28,0,1,0,1
2021-07-03 13:12:29,4,0,0,4
2021-07-03 13:12:30,3,0,0,3
2021-07-03 13:12:31,3,0,1,4
2021-07-03 13:12:32,19,0,5,24
2021-07-03 13:12:34,1,0,0,1
2021-07-03 13:12:36,2,0,0,2
2021-07-03 13:12:37,0,0,0,0
2021-07-03 13:12:38,0,0,0,0
2021-07-03 13:12:39,1,0,0,1
2021-07-03 13:12:40,0,0,1,1
2021-07-03 13:12:41,0,0,0,0
2021-07-03 13:12:42,0,0,0,0
2021-07-03 13:12:43,0,0,0,0
2021-07-03 13:12:45,0,0,0,0
2021-07-03 13:12:47,2,0,1,3
2021-07-03 13:12:48,3,0,1,4
2021-07-03 13:12:50,3,1,0,4
2021-07-03 13:12:51,91,2,34,127
2021-07-03 13:12:53,2,0,0,2
2021-07-03 13:12:54,39,1,13,53
2021-07-03 13:12:56,0,1,0,1
2021-07-03 13:12:59,3,0,2,5
2021-07-03 13:13:00,2,0,1,3
2021-07-03 13:13:01,1,0,0,1
2021-07-03 13:13:02,3,0,2,5
2021-07-03 13:13:03,3,0,1,4
2021-07-03 13:13:05,0,0,0,0
2021-07-03 13:13:06,1718,145,413,2276
2021-07-03 13:13:07,2,0,0,2
2021-07-03 13:13:08,0,0,0,0
2021-07-03 13:13:09,49,3,18,70
2021-07-03 13:13:10,0,0,0,0
2021-07-03 13:13:11,0,0,0,0
2021-07-03 13:13:12,4,2,4,10
2021-07-03 13:13:15,0,0,0,0
2021-07-03 13:13:17,24534,831,3006,28371
2021-07-03 13:13:18,6,0,0,6
2021-07-03 13:13:19,0,0,0,0
2021-07-03 13:13:20,0,0,0,0
2021-07-03 13:13:21,8,0,1,9
2021-07-03 13:13:22,5,0,2,7
2021-07-03 13:13:23,2,0,0,2
2021-07-03 13:13:24,1,0,0,1
2021-07-03 13:13:25,1,0,0,1
2021-07-03 13:13:26,0,0,0,0
2021-07-03 13:13:27,2,0,0,2
2021-07-03 13:13:29,8,3,1,12
2021-07-03 13:13:30,1,0,1,2
2021-07-03 13:13:33,0,1,0,1
2021-07-03 13:13:34,136,3,20,159
2021-07-03 13:13:35,382,8,72,462
2021-07-03 13:13:36,1,0,0,1
2021-07-03 13:13:37,1,0,0,1
2021-07-03 13:13:38,13,1,2,16
2021-07-03 13:13:39,0,0,0,0
2021-07-03 13:13:40,2,0,0,2
2021-07-03 13:13:41,9,0,1,10
2021-07-03 13:13:43,18,0,2,20
2021-07-03 13:13:44,0,0,0,0
2021-07-03 13:13:45,0,0,0,0
2021-07-03 13:13:46,97,3,28,128
2021-07-03 13:13:47,20,0,9,29
2021-07-03 13:13:50,5,0,1,6
2021-07-03 13:13:51,668,18,33,719
2021-07-03 13:13:53,0,0,0,0
2021-07-03 13:13:54,7,0,3,10
2021-07-03 13:13:57,3,0,0,3
2021-07-03 13:13:58,2,0,1,3
2021-07-03 13:13:59,3,0,0,3
2021-07-03 13:14:00,4,0,3,7
2021-07-03 13:14:01,5,0,1,6
2021-07-03 13:14:03,52,2,13,67
2021-07-03 13:14:04,4,2,2,8
2021-07-03 13:14:05,1,0,0,1
2021-07-03 13:14:06,1,0,0,1
2021-07-03 13:14:07,4,0,0,4
2021-07-03 13:14:09,2,0,0,2
2021-07-03 13:14:10,6,0,0,6
2021-07-03 13:14:11,4,0,1,5
2021-07-03 13:14:12,0,0,0,0
2021-07-03 13:14:14,3,0,0,3
2021-07-03 13:14:17,0,0,0,0
2021-07-03 13:14:18,15,0,0,15
2021-07-03 13:14:19,0,0,0,0
2021-07-03 13:14:20,82,2,12,96
2021-07-03 13:14:23,4,0,0,4
2021-07-03 13:14:25,0,0,0,0
2021-07-03 13:14:26,1,0,0,1
2021-07-03 13:14:27,1,0,0,1
2021-07-03 13:14:28,0,0,2,2
2021-07-03 13:14:29,10,0,1,11
2021-07-03 13:14:30,19,1,5,25
2021-07-03 13:14:31,2,0,0,2
2021-07-03 13:14:32,0,0,0,0
2021-07-03 13:14:33,31,1,7,39
2021-07-03 13:14:34,0,0,0,0
2021-07-03 13:14:35,43,4,16,63
2021-07-03 13:14:36,0,0,2,2
2021-07-03 13:14:39,10,0,4,14
2021-07-03 13:14:40,7,0,6,13
2021-07-03 13:14:41,2,1,0,3
2021-07-03 13:14:42,2,1,0,3
2021-07-03 13:14:43,31,2,12,45
2021-07-03 13:14:44,4,0,1,5
2021-07-03 13:14:45,3,0,0,3
2021-07-03 13:14:46,0,0,0,0
2021-07-03 13:14:48,0,0,0,0
2021-07-03 13:14:49,1,0,0,1
2021-07-03 13:14:50,106,4,10,120
2021-07-03 13:14:51,2,0,0,2
2021-07-03 13:14:53,10,0,0,10
2021-07-03 13:14:54,6,0,3,9
2021-07-03 13:14:55,4,0,0,4
2021-07-03 13:14:56,6,0,2,8
2021-07-03 13:14:58,3,0,0,3
2021-07-03 13:14:59,5,0,0,5
2021-07-03 13:15:00,1209,52,340,1601
2021-07-03 13:15:01,2,0,0,2
2021-07-03 13:15:02,9,2,3,14
2021-07-03 13:15:03,2,0,0,2
2021-07-03 13:15:05,1,0,0,1
2021-07-03 13:15:07,1732,33,278,2043
2021-07-03 13:15:08,2,0,2,4
2021-07-03 13:15:09,2,0,1,3
2021-07-03 13:15:11,1,0,0,1
2021-07-03 13:15:12,1,0,1,2
2021-07-03 13:15:14,5,0,2,7
2021-07-03 13:15:15,23,2,0,25
2021-07-03 13:15:16,0,0,0,0
2021-07-03 13:15:17,1,0,0,1
2021-07-03 13:15:18,0,0,0,0
2021-07-03 13:15:19,0,0,0,0
2021-07-03 13:15:20,2,0,0,2
2021-07-03 13:15:21,0,0,0,0
2021-07-03 13:15:23,6,0,0,6
2021-07-03 13:15:24,5023,91,418,5532
2021-07-03 13:15:25,3,0,0,3
2021-07-03 13:15:26,42,0,18,60
2021-07-03 13:15:27,0,0,0,0
2021-07-03 13:15:28,1,0,0,1
2021-07-03 13:15:29,0,0,0,0
2021-07-03 13:15:30,145,4,13,162
2021-07-03 13:15:31,4,0,3,7
2021-07-03 13:15:32,0,0,0,0
2021-07-03 13:15:33,3,0,1,4
2021-07-03 13:15:34,13,0,3,16
2021-07-03 13:15:35,243,4,41,288
2021-07-03 13:15:36,0,0,0,0
2021-07-03 13:15:38,2,0,2,4
2021-07-03 13:15:39,0,0,0,0
2021-07-03 13:15:41,42,3,6,51
2021-07-03 13:15:42,4,0,0,4
2021-07-03 13:15:43,8,0,2,10
2021-07-03 13:15:45,3,0,0,3
2021-07-03 13:15:46,8,2,4,14
2021-07-03 13:15:47,1,0,0,1
2021-07-03 13:15:48,63,4,11,78
2021-07-03 13:15:49,19,2,6,27
2021-07-03 13:15:50,1,0,1,2
2021-07-03 13:15:51,6,0,1,7
2021-07-03 13:15:52,1134,45,265,1444
2021-07-03 13:15:53,13,0,0,13
2021-07-03 13:15:54,54,0,18,72
2021-07-03 13:15:55,0,0,0,0
2021-07-03 13:15:56,0,0,0,0
2021-07-03 13:15:57,0,0,0,0
2021-07-03 13:15:58,0,0,0,0
2021-07-03 13:15:59,11,3,2,16
2021-07-03 13:16:01,49,1,6,56
2021-07-03 13:16:02,0,0,0,0
2021-07-03 13:16:03,0,0,0,0
2021-07-03 13:16:06,0,0,0,0
2021-07-03 13:16:07,0,0,0,0
2021-07-03 13:16:08,23,1,1,25
2021-07-03 13:16:09,11,0,0,11
2021-07-03 13:16:10,19,0,7,26
2021-07-03 13:16:11,1,0,0,1
2021-07-03 13:16:12,0,0,0,0
2021-07-03 13:16:13,0,0,0,0
2021-07-03 13:16:14,22,0,3,25
2021-07-03 13:16:15,44,4,14,62
2021-07-03 13:16:16,0,0,0,0
2021-07-03 13:16:17,6,0,2,8
2021-07-03 13:16:21,0,0,1,1
2021-07-03 13:16:22,232,6,62,300
2021-07-03 13:16:23,24,1,5,30
2021-07-03 13:16:24,0,0,0,0
2021-07-03 13:16:25,0,0,0,0
2021-07-03 13:16:26,0,0,0,0
2021-07-03 13:16:27,4,1,1,6
2021-07-03 13:16:28,211,4,64,279
2021-07-03 13:16:29,20768,270,2728,23766
2021-07-03 13:16:30,0,0,0,0
2021-07-03 13:16:31,0,0,0,0
2021-07-03 13:16:33,2,0,0,2
2021-07-03 13:16:34,25,1,5,31
2021-07-03 13:16:36,0,0,0,0
2021-07-03 13:16:38,2,1,0,3
2021-07-03 13:16:40,80,2,8,90
2021-07-03 13:16:42,12,0,3,15
2021-07-03 13:16:43,0,0,0,0
2021-07-03 13:16:44,1,0,0,1
2021-07-03 13:16:45,1,0,0,1
2021-07-03 13:16:46,3,0,1,4
2021-07-03 13:16:47,2,0,0,2
2021-07-03 13:16:48,0,0,0,0
2021-07-03 13:16:50,767,28,86,881
2021-07-03 13:16:51,32,1,5,38
2021-07-03 13:16:52,1,0,0,1
2021-07-03 13:16:53,54,22,21,97
2021-07-03 13:16:54,13,1,1,15
2021-07-03 13:16:55,9,0,3,12
2021-07-03 13:16:56,1,0,0,1
2021-07-03 13:16:58,55,3,3,61
2021-07-03 13:17:00,9,0,1,10
2021-07-03 13:17:02,1,0,0,1
2021-07-03 13:17:03,15,1,3,19
2021-07-03 13:17:05,0,0,0,0
2021-07-03 13:17:06,18,0,6,24
2021-07-03 13:17:07,0,0,0,0
2021-07-03 13:17:08,1,0,0,1
2021-07-03 13:17:09,0,0,0,0
2021-07-03 13:17:10,395,2,58,455
2021-07-03 13:17:11,0,0,2,2
2021-07-03 13:17:12,4,0,0,4
2021-07-03 13:17:13,1,0,0,1
2021-07-03 13:17:14,0,0,0,0
2021-07-03 13:17:17,3,0,0,3
2021-07-03 13:17:20,4,0,0,4
2021-07-03 13:17:21,0,0,0,0
2021-07-03 13:17:22,3,0,0,3
2021-07-03 13:17:24,3,1,1,5
2021-07-03 13:17:25,29,0,14,43
2021-07-03 13:17:27,1,0,0,1
2021-07-03 13:17:28,2,0,0,2
2021-07-03 13:17:29,1,0,0,1
2021-07-03 13:17:30,170,4,44,218
2021-07-03 13:17:31,1,0,1,2
2021-07-03 13:17:32,2,0,0,2
2021-07-03 13:17:33,2,0,0,2
2021-07-03 13:17:34,1,0,0,1
2021-07-03 13:17:35,0,0,0,0
2021-07-03 13:17:38,8,0,1,9
2021-07-03 13:17:39,0,0,0,0
2021-07-03 13:17:40,1,0,0,1
2021-07-03 13:17:41,1,0,0,1
2021-07-03 13:17:42,1,0,0,1
2021-07-03 13:17:43,1,0,0,1
2021-07-03 13:17:44,6,0,0,6
2021-07-03 13:17:46,1,0,0,1
2021-07-03 13:17:48,0,0,0,0
2021-07-03 13:17:49,1,0,0,1
2021-07-03 13:17:50,9,0,3,12
2021-07-03 13:17:51,0,1,0,1
2021-07-03 13:17:52,0,0,0,0
2021-07-03 13:17:53,3,1,0,4
2021-07-03 13:17:54,0,0,0,0
2021-07-03 13:17:56,0,0,0,0
2021-07-03 13:17:59,2,0,0,2
2021-07-03 13:18:00,2,1,0,3
2021-07-03 13:18:02,3,0,1,4
2021-07-03 13:18:03,0,0,0,0
2021-07-03 13:18:04,0,0,0,0
2021-07-03 13:18:05,0,0,0,0
2021-07-03 13:18:07,14,0,5,19
2021-07-03 13:18:08,4,0,1,5
2021-07-03 13:18:09,9,0,4,13
2021-07-03 13:18:10,171,3,24,198
2021-07-03 13:18:11,7,1,5,13
2021-07-03 13:18:12,940,38,335,1313
2021-07-03 13:18:14,1,0,0,1
2021-07-03 13:18:16,126,5,39,170
2021-07-03 13:18:18,46,2,2,50
2021-07-03 13:18:19,0,0,0,0
2021-07-03 13:18:20,0,0,0,0
2021-07-03 13:18:21,0,0,0,0
2021-07-03 13:18:22,11,0,6,17
2021-07-03 13:18:23,1,0,1,2
2021-07-03 13:18:24,3,0,0,3
2021-07-03 13:18:25,0,0,0,0
2021-07-03 13:18:26,3,0,0,3
2021-07-03 13:18:27,1,0,0,1
2021-07-03 13:18:28,5,0,0,5
2021-07-03 13:18:29,4,0,2,6
2021-07-03 13:18:30,270,7,50,327
2021-07-03 13:18:31,0,0,1,1
2021-07-03 13:18:32,4,0,2,6
2021-07-03 13:18:33,2,0,1,3
2021-07-03 13:18:34,1,0,0,1
2021-07-03 13:18:38,0,0,0,0
2021-07-03 13:18:40,0,0,0,0
2021-07-03 13:18:41,4,0,4,8
2021-07-03 13:18:42,0,0,0,0
2021-07-03 13:18:43,9,4,0,13
2021-07-03 13:18:44,1,0,1,2
2021-07-03 13:18:45,0,0,0,0
2021-07-03 13:18:47,9,0,3,12
2021-07-03 13:18:48,3,1,0,4
2021-07-03 13:18:49,0,0,0,0
2021-07-03 13:18:50,25,3,8,36
2021-07-03 13:18:51,0,0,0,0
2021-07-03 13:18:52,5,1,0,6
2021-07-03 13:18:53,0,0,0,0
2021-07-03 13:18:55,1,0,0,1
2021-07-03 13:18:56,6,0,0,6
2021-07-03 13:18:59,7,1,0,8
2021-07-03 13:19:02,0,0,0,0
2021-07-03 13:19:04,99,3,18,120
2021-07-03 13:19:05,1,1,1,3
2021-07-03 13:19:06,76,3,26,105
2021-07-03 13:19:07,0,0,0,0
2021-07-03 13:19:08,5,1,0,6
2021-07-03 13:19:09,0,0,0,0
2021-07-03 13:19:10,3,2,0,5
2021-07-03 13:19:11,0,0,0,0
2021-07-03 13:19:15,46,3,6,55
2021-07-03 13:19:16,1,1,0,2
2021-07-03 13:19:17,30,0,2,32
2021-07-03 13:19:18,9,3,3,15
2021-07-03 13:19:19,14,0,0,14
2021-07-03 13:19:20,0,0,0,0
2021-07-03 13:19:21,114,4,18,136
2021-07-03 13:19:22,1,1,0,2
2021-07-03 13:19:23,9,2,0,11
2021-07-03 13:19:24,15,2,1,18
2021-07-03 13:19:25,1,0,1,2
2021-07-03 13:19:27,0,0,0,0
2021-07-03 13:19:28,2,0,2,4
2021-07-03 13:19:29,1,0,0,1
2021-07-03 13:19:30,8,0,1,9
2021-07-03 13:19:31,27,1,8,36
2021-07-03 13:19:32,41,0,3,44
2021-07-03 13:19:33,2,0,0,2
2021-07-03 13:19:34,15,3,4,22
2021-07-03 13:19:37,1,2,0,3
2021-07-03 13:19:38,2,0,0,2
2021-07-03 13:19:39,1,0,1,2
2021-07-03 13:19:40,0,0,0,0
2021-07-03 13:19:41,1,0,0,1
2021-07-03 13:19:42,25,1,8,34
2021-07-03 13:19:43,82,0,22,104
2021-07-03 13:19:44,1,0,0,1
2021-07-03 13:19:47,1,0,0,1
2021-07-03 13:19:48,18,0,4,22
2021-07-03 13:19:51,57,1,7,65
2021-07-03 13:19:53,0,0,0,0
2021-07-03 13:19:54,0,0,0,0
2021-07-03 13:19:55,9,1,0,10
2021-07-03 13:19:56,2988,56,624,3668
2021-07-03 13:19:57,0,0,0,0
2021-07-03 13:19:58,184,2,43,229
2021-07-03 13:20:00,0,0,1,1
2021-07-03 13:20:01,40,3,13,56
2021-07-03 13:20:02,60,0,8,68
2021-07-03 13:20:04,0,0,0,0
2021-07-03 13:20:06,11,0,1,12
2021-07-03 13:20:07,0,0,0,0
2021-07-03 13:20:08,42,4,0,46
2021-07-03 13:20:09,0,0,1,1
2021-07-03 13:20:10,67,1,11,79
2021-07-03 13:20:11,3,1,1,5
2021-07-03 13:20:12,4,0,0,4
2021-07-03 13:20:13,170,4,38,212
2021-07-03 13:20:14,0,0,0,0
2021-07-03 13:20:15,2,0,0,2
2021-07-03 13:20:16,1,0,0,1
2021-07-03 13:20:17,854,32,118,1004
2021-07-03 13:20:18,0,0,0,0
2021-07-03 13:20:19,6,0,4,10
2021-07-03 13:20:20,4,0,1,5
2021-07-03 13:20:21,3,0,0,3
2021-07-03 13:20:22,1,0,0,1
2021-07-03 13:20:23,2,2,0,4
2021-07-03 13:20:24,88,0,6,94
2021-07-03 13:20:25,0,0,0,0
2021-07-03 13:20:27,11,0,5,16
2021-07-03 13:20:28,10,0,2,12
2021-07-03 13:20:29,6,0,0,6
2021-07-03 13:20:30,0,0,0,0
2021-07-03 13:20:31,0,0,0,0
2021-07-03 13:20:32,0,0,0,0
2021-07-03 13:20:33,13,1,3,17
2021-07-03 13:20:34,0,0,0,0
2021-07-03 13:20:36,0,0,0,0
2021-07-03 13:20:37,3,0,0,3
2021-07-03 13:20:38,1,0,0,1
2021-07-03 13:20:39,0,0,0,0
2021-07-03 13:20:41,20,0,3,23
2021-07-03 13:20:42,9,0,3,12
2021-07-03 13:20:43,3,0,4,7
2021-07-03 13:20:45,1,0,0,1
2021-07-03 13:20:46,1,0,0,1
2021-07-03 13:20:48,0,0,0,0
2021-07-03 13:20:49,18,0,2,20
2021-07-03 13:20:50,0,0,0,0
2021-07-03 13:20:51,1,0,1,2
2021-07-03 13:20:52,4,0,2,6
2021-07-03 13:20:53,3,0,0,3
2021-07-03 13:20:54,0,0,4,4
2021-07-03 13:20:55,2,0,2,4
2021-07-03 13:20:56,19,1,1,21
2021-07-03 13:20:57,14,0,0,14
2021-07-03 13:20:58,0,0,1,1
2021-07-03 13:20:59,7,0,2,9
2021-07-03 13:21:00,0,0,0,0
2021-07-03 13:21:02,0,0,0,0
2021-07-03 13:21:03,0,0,0,0
2021-07-03 13:21:05,0,0,0,0
2021-07-03 13:21:07,3,0,0,3
2021-07-03 13:21:08,53,1,10,64
2021-07-03 13:21:09,0,0,0,0
2021-07-03 13:21:10,3,0,0,3
2021-07-03 13:21:13,76,4,6,86
2021-07-03 13:21:14,65,2,17,84
2021-07-03 13:21:15,2,0,2,4
2021-07-03 13:21:16,30,3,1,34
2021-07-03 13:21:18,282,17,88,387
2021-07-03 13:21:21,5,1,0,6
2021-07-03 13:21:25,6,1,2,9
2021-07-03 13:21:26,2,0,0,2
2021-07-03 13:21:27,0,0,0,0
2021-07-03 13:21:28,1,0,3,4
2021-07-03 13:21:29,138,0,16,154
2021-07-03 13:21:30,2,0,1,3
2021-07-03 13:21:31,566,9,125,700
2021-07-03 13:21:32,12,0,2,14
2021-07-03 13:21:35,1,0,0,1
2021-07-03 13:21:37,15,1,3,19
2021-07-03 13:21:38,0,0,0,0
2021-07-03 13:21:40,1,0,2,3
2021-07-03 13:21:41,108,4,44,156
2021-07-03 13:21:42,0,0,0,0
2021-07-03 13:21:43,17,2,5,24
2021-07-03 13:21:44,3,0,0,3
2021-07-03 13:21:45,55,0,18,73
2021-07-03 13:21:49,0,0,0,0
2021-07-03 13:21:50,0,0,0,0
2021-07-03 13:21:51,0,0,2,2
2021-07-03 13:21:52,0,0,0,0
2021-07-03 13:21:53,43,3,18,64
2021-07-03 13:21:54,0,0,1,1
2021-07-03 13:21:56,4,1,0,5
2021-07-03 13:21:57,0,0,0,0
2021-07-03 13:21:58,0,0,0,0
2021-07-03 13:21:59,0,0,0,0
2021-07-03 13:22:01,1,0,0,1
2021-07-03 13:22:02,16,2,5,23
2021-07-03 13:22:03,0,0,2,2
2021-07-03 13:22:05,1,0,1,2
2021-07-03 13:22:06,12,1,1,14
2021-07-03 13:22:07,0,0,0,0
2021-07-03 13:22:08,7,0,0,7
2021-07-03 13:22:09,1,0,0,1
2021-07-03 13:22:10,0,0,0,0
2021-07-03 13:22:13,29,0,10,39
2021-07-03 13:22:14,7,1,1,9
2021-07-03 13:22:17,3,0,1,4
2021-07-03 13:22:19,1,0,0,1
2021-07-03 13:22:20,2,0,0,2
2021-07-03 13:22:22,0,0,0,0
2021-07-03 13:22:23,6,0,0,6
2021-07-03 13:22:24,1,0,0,1
2021-07-03 13:22:25,0,0,0,0
2021-07-03 13:22:26,55,4,13,72
2021-07-03 13:22:27,0,0,0,0
2021-07-03 13:22:29,0,0,0,0
2021-07-03 13:22:30,0,0,0,0
2021-07-03 13:22:31,2,0,0,2
2021-07-03 13:22:32,7,1,1,9
2021-07-03 13:22:33,10,1,3,14
2021-07-03 13:22:34,14,0,0,14
2021-07-03 13:22:35,10,1,2,13
2021-07-03 13:22:36,0,0,0,0
2021-07-03 13:22:37,2,0,0,2
2021-07-03 13:22:38,0,0,0,0
2021-07-03 13:22:39,11,1,4,16
2021-07-03 13:22:40,12,0,3,15
2021-07-03 13:22:41,5,0,3,8
2021-07-03 13:22:42,0,0,0,0
2021-07-03 13:22:43,0,0,0,0
2021-07-03 13:22:44,0,0,2,2
2021-07-03 13:22:46,2,0,0,2
2021-07-03 13:22:47,0,0,0,0
2021-07-03 13:22:49,0,0,0,0
2021-07-03 13:22:50,0,0,0,0
2021-07-03 13:22:51,1797,53,374,2224
2021-07-03 13:22:52,0,0,1,1
2021-07-03 13:22:53,6,0,2,8
2021-07-03 13:22:54,7,1,3,11
2021-07-03 13:22:55,0,0,0,0
2021-07-03 13:22:56,4,0,1,5
2021-07-03 13:22:57,0,0,0,0
2021-07-03 13:22:59,0,0,0,0
2021-07-03 13:23:00,8,0,1,9
2021-07-03 13:23:01,14,2,5,21
2021-07-03 13:23:02,43,1,4,48
2021-07-03 13:23:04,0,0,0,0
2021-07-03 13:23:05,0,0,0,0
2021-07-03 13:23:08,0,0,0,0
2021-07-03 13:23:09,20,2,2,24
2021-07-03 13:23:10,1,0,0,1
2021-07-03 13:23:11,4,0,0,4
2021-07-03 13:23:12,17,0,2,19
2021-07-03 13:23:14,0,1,0,1
2021-07-03 13:23:15,5,0,1,6
2021-07-03 13:23:16,0,0,0,0
2021-07-03 13:23:17,7,0,1,8
2021-07-03 13:23:18,2,1,0,3
2021-07-03 13:23:19,16,0,4,20
2021-07-03 13:23:20,1,0,1,2
2021-07-03 13:23:23,12,0,5,17
2021-07-03 13:23:24,7,0,2,9
2021-07-03 13:23:26,0,0,0,0
2021-07-03 13:23:27,1,0,0,1
2021-07-03 13:23:28,2,0,1,3
2021-07-03 13:23:29,20,0,1,21
2021-07-03 13:23:30,1,0,0,1
2021-07-03 13:23:32,14,0,2,16
2021-07-03 13:23:34,1,0,1,2
2021-07-03 13:23:35,1,0,0,1
2021-07-03 13:23:37,329,5,61,395
2021-07-03 13:23:38,2,0,2,4
2021-07-03 13:23:40,41,0,8,49
2021-07-03 13:23:41,2,0,0,2
2021-07-03 13:23:42,57,1,17,75
2021-07-03 13:23:43,15,1,5,21
2021-07-03 13:23:44,0,0,0,0
2021-07-03 13:23:46,1,0,0,1
2021-07-03 13:23:47,0,0,0,0
2021-07-03 13:23:49,1,0,0,1
2021-07-03 13:23:50,53,0,12,65
2021-07-03 13:23:51,2,0,0,2
2021-07-03 13:23:52,5,1,1,7
2021-07-03 13:23:54,122,0,18,140
2021-07-03 13:23:55,0,0,1,1
2021-07-03 13:23:56,6,0,0,6
2021-07-03 13:23:57,0,0,0,0
2021-07-03 13:23:59,9,1,1,11
2021-07-03 13:24:00,48,1,11,60
2021-07-03 13:24:04,1,0,0,1
2021-07-03 13:24:05,21,1,5,27
2021-07-03 13:24:06,11,0,2,13
2021-07-03 13:24:07,1,0,0,1
2021-07-03 13:24:09,5,0,1,6
2021-07-03 13:24:10,0,0,0,0
2021-07-03 13:24:11,487,6,49,542
2021-07-03 13:24:12,0,0,0,0
2021-07-03 13:24:13,5,1,2,8
2021-07-03 13:24:15,5,0,0,5
2021-07-03 13:24:16,18,0,6,24
2021-07-03 13:24:17,1,0,0,1
2021-07-03 13:24:18,4,1,0,5
2021-07-03 13:24:21,4,0,0,4
2021-07-03 13:24:22,2,0,0,2
2021-07-03 13:24:23,2,0,1,3
2021-07-03 13:24:24,18,2,2,22
2021-07-03 13:24:25,2,0,1,3
2021-07-03 13:24:26,1,0,0,1
2021-07-03 13:24:27,7,0,0,7
2021-07-03 13:24:28,2,0,0,2
2021-07-03 13:24:29,1,0,0,1
2021-07-03 13:24:30,8,0,1,9
2021-07-03 13:24:32,2,0,0,2
2021-07-03 13:24:33,8,1,2,11
2021-07-03 13:24:35,7,0,0,7
2021-07-03 13:24:36,7,0,0,7
2021-07-03 13:24:38,12,0,0,12
2021-07-03 13:24:39,106,0,24,130
2021-07-03 13:24:42,7,1,3,11
2021-07-03 13:24:43,3,0,1,4
2021-07-03 13:24:45,0,0,0,0
2021-07-03 13:24:46,4,0,1,5
2021-07-03 13:24:48,1,0,1,2
2021-07-03 13:24:49,116,8,16,140
2021-07-03 13:24:50,384,4,78,466
2021-07-03 13:24:51,6,0,1,7
2021-07-03 13:24:52,642,14,140,796
2021-07-03 13:24:54,84,0,0,84
2021-07-03 13:24:55,0,0,0,0
2021-07-03 13:24:56,2,1,1,4
2021-07-03 13:24:57,0,2,0,2
2021-07-03 13:24:58,48,2,12,62
2021-07-03 13:24:59,6,0,2,8
2021-07-03 13:25:00,1,0,0,1
2021-07-03 13:25:01,2,1,0,3
2021-07-03 13:25:02,0,0,0,0
2021-07-03 13:25:03,1,0,0,1
2021-07-03 13:25:07,0,0,0,0
2021-07-03 13:25:08,2,0,0,2
2021-07-03 13:25:11,0,0,0,0
2021-07-03 13:25:13,21,0,1,22
2021-07-03 13:25:14,3,0,1,4
2021-07-03 13:25:15,2,0,0,2
2021-07-03 13:25:18,22,1,6,29
2021-07-03 13:25:19,0,0,0,0
2021-07-03 13:25:20,0,0,0,0
2021-07-03 13:25:21,1,0,0,1
2021-07-03 13:25:22,1,0,0,1
2021-07-03 13:25:23,76,4,2,82
2021-07-03 13:25:26,0,0,0,0
2021-07-03 13:25:28,5,0,1,6
2021-07-03 13:25:29,1,0,0,1
2021-07-03 13:25:30,462,18,64,544
2021-07-03 13:25:31,124,4,10,138
2021-07-03 13:25:32,1,0,0,1
2021-07-03 13:25:33,4,0,0,4
2021-07-03 13:25:34,1,0,0,1
2021-07-03 13:25:35,3,0,1,4
2021-07-03 13:25:36,2,0,0,2
2021-07-03 13:25:37,7,0,0,7
2021-07-03 13:25:38,1,0,0,1
2021-07-03 13:25:39,4,0,1,5
2021-07-03 13:25:40,8,0,2,10
2021-07-03 13:25:41,1,0,0,1
2021-07-03 13:25:42,3,0,1,4
2021-07-03 13:25:43,8,0,0,8
2021-07-03 13:25:44,42,1,1,44
2021-07-03 13:25:45,17,1,1,19
2021-07-03 13:25:46,375,3,113,491
2021-07-03 13:25:49,0,0,0,0
2021-07-03 13:25:50,57,1,12,70
2021-07-03 13:25:51,18,2,1,21
2021-07-03 13:25:53,4,1,2,7
2021-07-03 13:25:54,0,0,0,0
2021-07-03 13:25:55,3,0,0,3
2021-07-03 13:25:56,1,0,0,1
2021-07-03 13:25:57,1,0,0,1
2021-07-03 13:25:59,0,0,0,0
2021-07-03 13:26:00,0,0,0,0
2021-07-03 13:26:01,6,0,1,7
2021-07-03 13:26:03,10,0,5,15
2021-07-03 13:26:04,3,0,1,4
2021-07-03 13:26:05,0,0,0,0
2021-07-03 13:26:07,1,0,0,1
2021-07-03 13:26:08,17,0,17,34
2021-07-03 13:26:09,2,0,1,3
2021-07-03 13:26:10,352,3,31,386
2021-07-03 13:26:11,1,0,0,1
2021-07-03 13:26:12,6,1,2,9
2021-07-03 13:26:13,8,1,4,13
2021-07-03 13:26:14,3,0,2,5
2021-07-03 13:26:15,229,3,4,236
2021-07-03 13:26:16,3,0,1,4
2021-07-03 13:26:18,17,3,5,25
2021-07-03 13:26:20,14,0,3,17
2021-07-03 13:26:21,6,0,4,10
2021-07-03 13:26:22,3,0,0,3
2021-07-03 13:26:24,0,0,0,0
2021-07-03 13:26:25,13,3,0,16
2021-07-03 13:26:27,4,2,0,6
2021-07-03 13:26:28,2,0,0,2
2021-07-03 13:26:29,0,0,0,0
2021-07-03 13:26:31,91,2,17,110
2021-07-03 13:26:32,1,0,0,1
2021-07-03 13:26:33,197,4,48,249
2021-07-03 13:26:34,29,2,12,43
2021-07-03 13:26:35,10,0,1,11
2021-07-03 13:26:36,4,0,0,4
2021-07-03 13:26:37,1,0,0,1
2021-07-03 13:26:38,1,0,0,1
2021-07-03 13:26:40,2,0,0,2
2021-07-03 13:26:42,9,0,1,10
2021-07-03 13:26:43,6,1,0,7
2021-07-03 13:26:44,10,2,0,12
2021-07-03 13:26:45,4,0,1,5
2021-07-03 13:26:47,1,0,1,2
2021-07-03 13:26:48,5,0,0,5
2021-07-03 13:26:49,6,0,0,6
2021-07-03 13:26:50,5,0,0,5
2021-07-03 13:26:51,1,0,0,1
2021-07-03 13:26:52,2,0,0,2
2021-07-03 13:26:53,9,0,2,11
2021-07-03 13:26:55,2,0,0,2
2021-07-03 13:26:57,2,0,2,4
2021-07-03 13:26:58,1,0,0,1
2021-07-03 13:26:59,4,0,1,5
2021-07-03 13:27:00,1,0,1,2
2021-07-03 13:27:01,10,2,4,16
2021-07-03 13:27:02,1,0,1,2
2021-07-03 13:27:03,6,0,2,8
2021-07-03 13:27:04,1,0,0,1
2021-07-03 13:27:05,1,0,1,2
2021-07-03 13:27:06,4,0,1,5
2021-07-03 13:27:07,28,5,8,41
2021-07-03 13:27:08,0,0,0,0
2021-07-03 13:27:12,1,0,1,2
2021-07-03 13:27:13,5,0,3,8
2021-07-03 13:27:14,0,0,0,0
2021-07-03 13:27:15,6,0,0,6
2021-07-03 13:27:17,19,1,6,26
2021-07-03 13:27:19,3,0,1,4
2021-07-03 13:27:20,2,0,1,3
2021-07-03 13:27:22,4,2,0,6
2021-07-03 13:27:23,2,0,0,2
2021-07-03 13:27:24,0,0,0,0
2021-07-03 13:27:25,1,0,0,1
2021-07-03 13:27:26,2,0,0,2
2021-07-03 13:27:27,1,0,0,1
2021-07-03 13:27:28,0,0,0,0
2021-07-03 13:27:31,2,0,0,2
2021-07-03 13:27:32,3,0,0,3
2021-07-03 13:27:33,1,0,0,1
2021-07-03 13:27:34,15,0,0,15
2021-07-03 13:27:37,9,2,3,14
2021-07-03 13:27:39,0,0,0,0
2021-07-03 13:27:40,30,0,7,37
2021-07-03 13:27:41,1,0,0,1
2021-07-03 13:27:42,10,0,1,11
2021-07-03 13:27:43,11,0,1,12
2021-07-03 13:27:46,0,0,0,0
2021-07-03 13:27:47,5,0,0,5
2021-07-03 13:27:48,5,1,2,8
2021-07-03 13:27:49,50,1,5,56
2021-07-03 13:27:50,0,0,0,0
2021-07-03 13:27:51,4,0,1,5
2021-07-03 13:27:53,2,0,1,3
2021-07-03 13:27:54,12,2,2,16
2021-07-03 13:27:55,0,0,0,0
2021-07-03 13:27:56,6,0,2,8
2021-07-03 13:27:57,0,0,0,0
2021-07-03 13:27:58,2,0,1,3
2021-07-03 13:27:59,8,0,0,8
2021-07-03 13:28:00,4,0,0,4
2021-07-03 13:28:01,22,2,9,33
2021-07-03 13:28:02,6,0,2,8
2021-07-03 13:28:03,1,0,0,1
2021-07-03 13:28:04,4,2,2,8
2021-07-03 13:28:05,4,0,1,5
2021-07-03 13:28:06,2,0,2,4
2021-07-03 13:28:07,26,2,4,32
2021-07-03 13:28:08,22,1,6,29
2021-07-03 13:28:09,4,0,2,6
2021-07-03 13:28:10,1,0,1,2
2021-07-03 13:28:12,0,0,0,0
2021-07-03 13:28:13,2,0,0,2
2021-07-03 13:28:14,20,1,4,25
2021-07-03 13:28:15,65,3,10,78
2021-07-03 13:28:16,0,0,0,0
2021-07-03 13:28:17,0,0,0,0
2021-07-03 13:28:18,1,0,0,1
2021-07-03 13:28:19,490,6,132,628
2021-07-03 13:28:20,0,0,0,0
2021-07-03 13:28:21,7,2,2,11
2021-07-03 13:28:23,5,0,1,6
2021-07-03 13:28:24,45,1,16,62
2021-07-03 13:28:25,6,0,1,7
2021-07-03 13:28:27,2,0,1,3
2021-07-03 13:28:28,0,0,0,0
2021-07-03 13:28:29,2,0,0,2
2021-07-03 13:28:31,4,2,0,6
2021-07-03 13:28:33,2624,71,264,2959
2021-07-03 13:28:34,11,0,6,17
2021-07-03 13:28:36,6,1,2,9
2021-07-03 13:28:38,2,1,0,3
2021-07-03 13:28:40,2,0,0,2
2021-07-03 13:28:41,1,0,0,1
2021-07-03 13:28:42,1,0,0,1
2021-07-03 13:28:43,0,0,0,0
2021-07-03 13:28:45,3,0,0,3
2021-07-03 13:28:46,0,0,0,0
2021-07-03 13:28:49,8,0,3,11
2021-07-03 13:28:50,74,2,2,78
2021-07-03 13:28:53,0,0,0,0
2021-07-03 13:28:54,4,0,0,4
2021-07-03 13:28:58,23,2,6,31
2021-07-03 13:28:59,1,0,0,1
2021-07-03 13:29:00,0,0,0,0
2021-07-03 13:29:01,5,0,1,6
2021-07-03 13:29:02,0,0,0,0
2021-07-03 13:29:04,13,0,4,17
2021-07-03 13:29:05,2,0,0,2
2021-07-03 13:29:06,0,0,0,0
2021-07-03 13:29:07,59,1,16,76
2021-07-03 13:29:08,91,2,23,116
2021-07-03 13:29:12,0,0,0,0
2021-07-03 13:29:15,77,2,13,92
2021-07-03 13:29:16,1,0,1,2
2021-07-03 13:29:18,0,0,0,0
2021-07-03 13:29:19,5,0,1,6
2021-07-03 13:29:20,1,0,0,1
2021-07-03 13:29:21,3,0,1,4
2021-07-03 13:29:22,1,0,0,1
2021-07-03 13:29:23,6,1,2,9
2021-07-03 13:29:24,8,2,2,12
2021-07-03 13:29:25,1,0,0,1
2021-07-03 13:29:27,2,0,1,3
2021-07-03 13:29:28,6,2,2,10
2021-07-03 13:29:29,3,1,1,5
2021-07-03 13:29:30,6,1,7,14
2021-07-03 13:29:31,113,2,6,121
2021-07-03 13:29:32,1,0,0,1
2021-07-03 13:29:33,3,0,0,3
2021-07-03 13:29:35,3,0,1,4
2021-07-03 13:29:36,4,0,0,4
2021-07-03 13:29:37,6,0,4,10
2021-07-03 13:29:38,1,1,0,2
2021-07-03 13:29:39,1,0,0,1
2021-07-03 13:29:40,462,10,44,516
2021-07-03 13:29:41,11,2,3,16
2021-07-03 13:29:42,2,1,0,3
2021-07-03 13:29:43,112,0,34,146
2021-07-03 13:29:44,1,0,0,1
2021-07-03 13:29:45,69,0,10,79
2021-07-03 13:29:46,25,0,0,25
2021-07-03 13:29:47,0,0,0,0
2021-07-03 13:29:48,2,0,0,2
2021-07-03 13:29:49,15,1,0,16
2021-07-03 13:29:51,4,0,2,6
2021-07-03 13:29:52,0,0,0,0
2021-07-03 13:29:54,5,0,0,5
2021-07-03 13:29:56,51,1,11,63
2021-07-03 13:29:59,0,0,0,0
2021-07-03 13:30:00,458,26,102,586
2021-07-03 13:30:01,1,1,0,2
2021-07-03 13:30:02,2,0,0,2
2021-07-03 13:30:04,8,2,2,12
2021-07-03 13:30:06,8,2,2,12
2021-07-03 13:30:07,48,0,10,58
2021-07-03 13:30:08,0,0,0,0
2021-07-03 13:30:09,0,0,0,0
2021-07-03 13:30:10,2,1,0,3
2021-07-03 13:30:11,0,0,0,0
2021-07-03 13:30:12,1,0,0,1
2021-07-03 13:30:13,0,0,0,0
2021-07-03 13:30:14,0,0,0,0
2021-07-03 13:30:16,1,0,0,1
2021-07-03 13:30:18,16,1,9,26
2021-07-03 13:30:19,16,1,0,17
2021-07-03 13:30:20,12,0,1,13
2021-07-03 13:30:21,2,0,0,2
2021-07-03 13:30:22,6,0,4,10
2021-07-03 13:30:25,2,0,1,3
2021-07-03 13:30:29,1,0,1,2
2021-07-03 13:30:30,7,2,1,10
2021-07-03 13:30:31,15,1,3,19
2021-07-03 13:30:32,20,0,6,26
2021-07-03 13:30:33,3,0,3,6
2021-07-03 13:30:34,255,8,47,310
2021-07-03 13:30:37,8,1,3,12
2021-07-03 13:30:38,8,0,3,11
2021-07-03 13:30:39,19,3,4,26
2021-07-03 13:30:41,8,2,3,13
2021-07-03 13:30:42,1,0,2,3
2021-07-03 13:30:43,52,0,15,67
2021-07-03 13:30:46,3,0,1,4
2021-07-03 13:30:47,24,1,10,35
2021-07-03 13:30:48,6,0,3,9
2021-07-03 13:30:49,2,0,2,4
2021-07-03 13:30:51,6,0,1,7
2021-07-03 13:30:52,74,2,16,92
2021-07-03 13:30:53,3,0,2,5
2021-07-03 13:30:54,2,0,2,4
2021-07-03 13:30:55,16,0,5,21
2021-07-03 13:30:56,2,0,1,3
2021-07-03 13:30:57,1,0,2,3
2021-07-03 13:30:59,8,0,3,11
2021-07-03 13:31:00,10,0,2,12
2021-07-03 13:31:01,3,0,1,4
2021-07-03 13:31:05,28,0,8,36
2021-07-03 13:31:06,10,2,5,17
2021-07-03 13:31:07,164,4,38,206
2021-07-03 13:31:08,3,0,0,3
2021-07-03 13:31:10,6,0,1,7
2021-07-03 13:31:11,2,0,0,2
2021-07-03 13:31:12,2,0,0,2
2021-07-03 13:31:14,2,0,0,2
2021-07-03 13:31:15,7,0,2,9
2021-07-03 13:31:16,4,0,0,4
2021-07-03 13:31:18,2,0,0,2
2021-07-03 13:31:19,1,0,0,1
2021-07-03 13:31:21,14,0,2,16
2021-07-03 13:31:22,1,0,0,1
2021-07-03 13:31:23,19,1,8,28
2021-07-03 13:31:24,6,1,0,7
2021-07-03 13:31:25,94,1,18,113
2021-07-03 13:31:26,2,0,0,2
2021-07-03 13:31:27,5,1,2,8
2021-07-03 13:31:29,3,0,1,4
2021-07-03 13:31:30,20,0,12,32
2021-07-03 13:31:32,7,0,2,9
2021-07-03 13:31:33,1,0,0,1
2021-07-03 13:31:34,2,0,0,2
2021-07-03 13:31:35,165,3,33,201
2021-07-03 13:31:36,0,0,1,1
2021-07-03 13:31:37,264,3,50,317
2021-07-03 13:31:38,1,0,0,1
2021-07-03 13:31:39,7,0,3,10
2021-07-03 13:31:40,20,0,0,20
2021-07-03 13:31:41,1,0,0,1
2021-07-03 13:31:46,7,0,0,7
2021-07-03 13:31:47,860,12,130,1002
2021-07-03 13:31:48,0,0,0,0
2021-07-03 13:31:49,5,0,2,7
2021-07-03 13:31:50,9,0,2,11
2021-07-03 13:31:51,3,0,0,3
2021-07-03 13:31:52,2,1,0,3
2021-07-03 13:31:53,1,0,0,1
2021-07-03 13:31:54,1,0,0,1
2021-07-03 13:31:55,1,0,0,1
2021-07-03 13:31:56,2,0,0,2
2021-07-03 13:31:57,13,0,3,16
2021-07-03 13:31:59,7,0,0,7
2021-07-03 13:32:00,44,0,14,58
2021-07-03 13:32:02,6,0,3,9
2021-07-03 13:32:05,1,0,0,1
2021-07-03 13:32:08,10,1,4,15
2021-07-03 13:32:09,4,0,0,4
2021-07-03 13:32:10,0,0,0,0
2021-07-03 13:32:12,0,0,0,0
2021-07-03 13:32:13,1,0,1,2
2021-07-03 13:32:14,0,0,0,0
2021-07-03 13:32:16,1,0,0,1
2021-07-03 13:32:17,5,1,1,7
2021-07-03 13:32:18,1,1,1,3
2021-07-03 13:32:19,1,0,0,1
2021-07-03 13:32:20,2,0,1,3
2021-07-03 13:32:21,0,0,0,0
2021-07-03 13:32:22,0,0,0,0
2021-07-03 13:32:23,1,0,0,1
2021-07-03 13:32:24,0,0,0,0
2021-07-03 13:32:26,2,0,0,2
2021-07-03 13:32:27,26,1,16,43
2021-07-03 13:32:29,4,1,0,5
2021-07-03 13:32:30,79,0,10,89
2021-07-03 13:32:31,76,3,19,98
2021-07-03 13:32:32,239,9,81,329
2021-07-03 13:32:33,0,0,0,0
2021-07-03 13:32:35,2,0,0,2
2021-07-03 13:32:36,6,0,1,7
2021-07-03 13:32:37,2,1,0,3
2021-07-03 13:32:38,0,0,0,0
2021-07-03 13:32:39,0,0,0,0
2021-07-03 13:32:40,1,0,0,1
2021-07-03 13:32:41,1,0,0,1
2021-07-03 13:32:42,0,0,0,0
2021-07-03 13:32:43,3,0,2,5
2021-07-03 13:32:45,9,0,1,10
2021-07-03 13:32:46,0,0,0,0
2021-07-03 13:32:47,0,0,0,0
2021-07-03 13:32:48,1,0,0,1
2021-07-03 13:32:49,0,0,2,2
2021-07-03 13:32:50,1,0,0,1
2021-07-03 13:32:52,0,0,0,0
2021-07-03 13:32:53,132,4,18,154
2021-07-03 13:32:54,2,0,0,2
2021-07-03 13:32:55,0,0,0,0
2021-07-03 13:32:56,1,0,1,2
2021-07-03 13:32:59,0,0,0,0
2021-07-03 13:33:00,8,1,3,12
2021-07-03 13:33:02,55,3,18,76
2021-07-03 13:33:04,3,0,0,3
2021-07-03 13:33:05,62,1,19,82
2021-07-03 13:33:06,9,0,2,11
2021-07-03 13:33:07,0,0,0,0
2021-07-03 13:33:08,18,1,4,23
2021-07-03 13:33:09,1,0,0,1
2021-07-03 13:33:10,2,0,0,2
2021-07-03 13:33:11,3,0,0,3
2021-07-03 13:33:12,1,0,0,1
2021-07-03 13:33:13,5,1,0,6
2021-07-03 13:33:14,0,0,0,0
2021-07-03 13:33:15,0,0,0,0
2021-07-03 13:33:16,4,0,1,5
2021-07-03 13:33:17,34,4,8,46
2021-07-03 13:33:18,5,0,1,6
2021-07-03 13:33:20,0,0,0,0
2021-07-03 13:33:24,0,0,0,0
2021-07-03 13:33:25,0,0,0,0
2021-07-03 13:33:27,6,0,6,12
2021-07-03 13:33:29,144,0,42,186
2021-07-03 13:33:30,0,1,0,1
2021-07-03 13:33:31,6,0,0,6
2021-07-03 13:33:32,0,0,0,0
2021-07-03 13:33:33,0,0,0,0
2021-07-03 13:33:34,0,0,0,0
2021-07-03 13:33:36,3,0,2,5
2021-07-03 13:33:37,407,24,110,541
2021-07-03 13:33:38,5,0,2,7
2021-07-03 13:33:41,1,0,1,2
2021-07-03 13:33:42,2,0,1,3
2021-07-03 13:33:43,0,0,0,0
2021-07-03 13:33:44,0,0,1,1
2021-07-03 13:33:45,1,0,0,1
2021-07-03 13:33:47,3,0,1,4
2021-07-03 13:33:48,8,0,0,8
2021-07-03 13:33:50,0,0,0,0
2021-07-03 13:33:51,0,0,0,0
2021-07-03 13:33:52,49,1,13,63
2021-07-03 13:33:53,0,0,0,0
2021-07-03 13:33:54,1,1,0,2
2021-07-03 13:33:55,0,0,0,0
2021-07-03 13:33:57,11,0,4,15
2021-07-03 13:33:58,0,0,1,1
2021-07-03 13:33:59,2,0,0,2
2021-07-03 13:34:01,42,0,6,48
2021-07-03 13:34:02,0,0,0,0
2021-07-03 13:34:03,6,0,2,8
2021-07-03 13:34:04,12,0,6,18
2021-07-03 13:34:05,0,0,0,0
2021-07-03 13:34:09,1,0,0,1
2021-07-03 13:34:13,102,4,28,134
2021-07-03 13:34:14,0,0,0,0
2021-07-03 13:34:15,2,0,0,2
2021-07-03 13:34:16,50,0,14,64
2021-07-03 13:34:17,1,0,0,1
2021-07-03 13:34:18,0,0,0,0
2021-07-03 13:34:21,0,1,0,1
2021-07-03 13:34:22,2,0,0,2
2021-07-03 13:34:23,0,0,0,0
2021-07-03 13:34:24,236,8,42,286
2021-07-03 13:34:25,1,0,0,1
2021-07-03 13:34:26,0,0,0,0
2021-07-03 13:34:27,4,0,4,8
2021-07-03 13:34:28,3,2,0,5
2021-07-03 13:34:29,0,0,0,0
2021-07-03 13:34:30,1,0,0,1
2021-07-03 13:34:31,0,0,0,0
2021-07-03 13:34:32,125,44,23,192
2021-07-03 13:34:33,9,0,1,10
2021-07-03 13:34:35,0,0,0,0
2021-07-03 13:34:36,1,0,0,1
2021-07-03 13:34:37,3,1,2,6
2021-07-03 13:34:38,6,0,1,7
2021-07-03 13:34:39,4,0,0,4
2021-07-03 13:34:40,4,1,3,8
2021-07-03 13:34:41,4,0,0,4
2021-07-03 13:34:42,1056,17,280,1353
2021-07-03 13:34:43,5,0,3,8
2021-07-03 13:34:45,228,4,46,278
2021-07-03 13:34:46,2,0,0,2
2021-07-03 13:34:47,4,0,0,4
2021-07-03 13:34:48,81,1,18,100
2021-07-03 13:34:49,2,1,1,4
2021-07-03 13:34:50,1,0,0,1
2021-07-03 13:34:51,6,0,2,8
2021-07-03 13:34:52,5,0,0,5
2021-07-03 13:34:53,5,0,1,6
2021-07-03 13:34:55,56,2,6,64
2021-07-03 13:34:56,0,0,0,0
2021-07-03 13:34:57,2,0,0,2
2021-07-03 13:34:58,0,0,0,0
2021-07-03 13:34:59,6,0,0,6
2021-07-03 13:35:00,4,0,3,7
2021-07-03 13:35:01,200,5,26,231
2021-07-03 13:35:02,0,0,0,0
2021-07-03 13:35:04,1164,25,125,1314
2021-07-03 13:35:05,0,0,1,1
2021-07-03 13:35:06,1,1,0,2
2021-07-03 13:35:07,1,0,0,1
2021-07-03 13:35:08,2,1,0,3
2021-07-03 13:35:10,4,0,2,6
2021-07-03 13:35:11,0,0,0,0
2021-07-03 13:35:12,3,0,3,6
2021-07-03 13:35:16,0,0,0,0
2021-07-03 13:35:17,0,0,0,0
2021-07-03 13:35:20,1,0,0,1
2021-07-03 13:35:21,0,1,1,2
2021-07-03 13:35:24,2,0,0,2
2021-07-03 13:35:25,1,0,0,1
2021-07-03 13:35:26,0,0,0,0
2021-07-03 13:35:27,3209,53,687,3949
2021-07-03 13:35:28,6,0,2,8
2021-07-03 13:35:29,0,0,0,0
2021-07-03 13:35:30,0,0,0,0
2021-07-03 13:35:31,3,1,3,7
2021-07-03 13:35:33,2,0,1,3
2021-07-03 13:35:34,2,0,2,4
2021-07-03 13:35:35,783,13,201,997
2021-07-03 13:35:38,2,0,1,3
2021-07-03 13:35:40,1,0,0,1
2021-07-03 13:35:41,2,0,1,3
2021-07-03 13:35:42,2,0,1,3
2021-07-03 13:35:43,1,0,1,2
2021-07-03 13:35:45,1,0,1,2
2021-07-03 13:35:46,2,0,1,3
2021-07-03 13:35:47,15,1,4,20
2021-07-03 13:35:48,8,1,2,11
2021-07-03 13:35:49,5141,19,236,5396
2021-07-03 13:35:50,8,0,3,11
2021-07-03 13:35:52,7,1,4,12
2021-07-03 13:35:53,1,0,1,2
2021-07-03 13:35:54,2,0,0,2
2021-07-03 13:35:55,35,5,18,58
2021-07-03 13:35:57,1,0,0,1
2021-07-03 13:35:59,0,0,0,0
2021-07-03 13:36:00,6,1,0,7
2021-07-03 13:36:01,0,0,0,0
2021-07-03 13:36:02,2,1,0,3
2021-07-03 13:36:03,11,0,0,11
2021-07-03 13:36:05,10,3,1,14
2021-07-03 13:36:07,6,3,1,10
2021-07-03 13:36:08,2,1,0,3
2021-07-03 13:36:09,11,0,4,15
2021-07-03 13:36:10,2,0,1,3
2021-07-03 13:36:11,3,0,3,6
2021-07-03 13:36:12,6,0,3,9
2021-07-03 13:36:13,10,0,2,12
2021-07-03 13:36:14,9,1,4,14
2021-07-03 13:36:17,121,3,40,164
2021-07-03 13:36:18,7,0,3,10
2021-07-03 13:36:19,4,0,1,5
2021-07-03 13:36:20,2,0,1,3
2021-07-03 13:36:22,7,1,0,8
2021-07-03 13:36:24,4,0,2,6
2021-07-03 13:36:25,4,0,2,6
2021-07-03 13:36:26,3,0,1,4
2021-07-03 13:36:27,5,0,2,7
2021-07-03 13:36:28,9,0,3,12
2021-07-03 13:36:30,1,0,0,1
2021-07-03 13:36:31,16,0,5,21
2021-07-03 13:36:32,85,1,25,111
2021-07-03 13:36:33,8,0,2,10
2021-07-03 13:36:34,7,1,1,9
2021-07-03 13:36:35,3,1,2,6
2021-07-03 13:36:36,2,1,1,4
2021-07-03 13:36:37,6,1,1,8
2021-07-03 13:36:38,1,0,0,1
2021-07-03 13:36:39,10,0,1,11
2021-07-03 13:36:40,5,1,2,8
2021-07-03 13:36:42,1,0,0,1
2021-07-03 13:36:43,943,30,72,1045
2021-07-03 13:36:45,9,0,0,9
2021-07-03 13:36:47,3,0,1,4
2021-07-03 13:36:48,2,0,0,2
2021-07-03 13:36:49,53,1,3,57
2021-07-03 13:36:51,6,1,3,10
2021-07-03 13:36:52,14,0,7,21
2021-07-03 13:36:53,1,0,0,1
2021-07-03 13:36:54,8,1,2,11
2021-07-03 13:36:55,0,0,0,0
2021-07-03 13:36:57,5,0,0,5
2021-07-03 13:36:58,0,0,0,0
2021-07-03 13:37:00,54,3,11,68
2021-07-03 13:37:02,2,0,0,2
2021-07-03 13:37:03,1,0,0,1
2021-07-03 13:37:04,153,0,38,191
2021-07-03 13:37:05,1,0,0,1
2021-07-03 13:37:06,0,0,0,0
2021-07-03 13:37:07,2,0,0,2
2021-07-03 13:37:08,17,0,2,19
2021-07-03 13:37:10,0,2,0,2
2021-07-03 13:37:11,11,0,2,13
2021-07-03 13:37:12,0,0,0,0
2021-07-03 13:37:14,909,22,165,1096
2021-07-03 13:37:16,21,1,6,28
2021-07-03 13:37:18,1,0,0,1
2021-07-03 13:37:19,12,2,3,17
2021-07-03 13:37:20,4,0,2,6
2021-07-03 13:37:21,9,0,4,13
2021-07-03 13:37:22,3,1,0,4
2021-07-03 13:37:23,3,0,1,4
2021-07-03 13:37:25,0,0,0,0
2021-07-03 13:37:26,11,1,5,17
2021-07-03 13:37:28,3,0,1,4
2021-07-03 13:37:29,2,0,2,4
2021-07-03 13:37:31,1,0,1,2
2021-07-03 13:37:32,1,0,0,1
2021-07-03 13:37:33,3,0,2,5
2021-07-03 13:37:34,2,0,1,3
2021-07-03 13:37:35,79,4,10,93
2021-07-03 13:37:36,3260,52,682,3994
2021-07-03 13:37:38,4,0,0,4
2021-07-03 13:37:39,2,0,0,2
2021-07-03 13:37:40,157,4,40,201
2021-07-03 13:37:41,1,0,0,1
2021-07-03 13:37:42,3,1,0,4
2021-07-03 13:37:43,14,2,2,18
2021-07-03 13:37:45,5,0,3,8
2021-07-03 13:37:46,0,0,0,0
2021-07-03 13:37:48,0,0,0,0
2021-07-03 13:37:49,3,0,1,4
2021-07-03 13:37:52,162,6,40,208
2021-07-03 13:37:53,0,0,0,0
2021-07-03 13:37:54,8,0,2,10
2021-07-03 13:37:56,1,0,0,1
2021-07-03 13:37:57,587,61,130,778
2021-07-03 13:37:59,4,1,0,5
2021-07-03 13:38:01,0,0,0,0
2021-07-03 13:38:04,0,0,0,0
2021-07-03 13:38:05,0,0,0,0
2021-07-03 13:38:06,3,0,0,3
2021-07-03 13:38:07,2,0,0,2
2021-07-03 13:38:08,8,0,3,11
2021-07-03 13:38:11,1,0,0,1
2021-07-03 13:38:13,0,0,1,1
2021-07-03 13:38:14,0,0,0,0
2021-07-03 13:38:15,1,0,1,2
2021-07-03 13:38:18,1,0,0,1
2021-07-03 13:38:19,6,0,0,6
2021-07-03 13:38:21,0,0,0,0
2021-07-03 13:38:22,6,0,0,6
2021-07-03 13:38:25,5,1,2,8
2021-07-03 13:38:26,10,0,2,12
2021-07-03 13:38:27,5,0,1,6
2021-07-03 13:38:28,2,0,0,2
2021-07-03 13:38:30,10,1,0,11
2021-07-03 13:38:32,11,1,4,16
2021-07-03 13:38:33,2,0,0,2
2021-07-03 13:38:35,0,0,0,0
2021-07-03 13:38:38,2,0,0,2
2021-07-03 13:38:41,18,2,9,29
2021-07-03 13:38:42,0,0,0,0
2021-07-03 13:38:43,0,0,0,0
2021-07-03 13:38:44,8,0,2,10
2021-07-03 13:38:46,111,7,29,147
2021-07-03 13:38:47,2,0,1,3
2021-07-03 13:38:49,0,0,0,0
2021-07-03 13:38:50,1,0,0,1
2021-07-03 13:38:51,0,0,0,0
2021-07-03 13:38:52,4,0,0,4
2021-07-03 13:38:54,0,3,0,3
2021-07-03 13:38:56,3,0,0,3
2021-07-03 13:38:57,0,0,0,0
2021-07-03 13:38:58,1,0,0,1
2021-07-03 13:39:00,0,0,0,0
2021-07-03 13:39:02,0,0,0,0
2021-07-03 13:39:03,0,0,0,0
2021-07-03 13:39:04,0,0,0,0
2021-07-03 13:39:07,344,34,15,393
2021-07-03 13:39:08,0,0,0,0
2021-07-03 13:39:10,1,0,1,2
2021-07-03 13:39:11,7,0,3,10
2021-07-03 13:39:12,2,1,1,4
2021-07-03 13:39:13,10,0,5,15
2021-07-03 13:39:15,0,0,0,0
2021-07-03 13:39:16,8,2,3,13
2021-07-03 13:39:18,1,0,0,1
2021-07-03 13:39:19,7,0,1,8
2021-07-03 13:39:20,1,0,1,2
2021-07-03 13:39:21,0,0,0,0
2021-07-03 13:39:22,2,0,0,2
2021-07-03 13:39:23,7,1,2,10
2021-07-03 13:39:25,0,0,0,0
2021-07-03 13:39:27,0,0,0,0
2021-07-03 13:39:29,62,3,20,85
2021-07-03 13:39:30,6,0,0,6
2021-07-03 13:39:31,2,0,0,2
2021-07-03 13:39:32,183,14,21,218
2021-07-03 13:39:33,3,0,0,3
2021-07-03 13:39:34,5,0,0,5
2021-07-03 13:39:35,51,1,9,61
2021-07-03 13:39:36,4,2,2,8
2021-07-03 13:39:37,0,0,0,0
2021-07-03 13:39:38,8,0,1,9
2021-07-03 13:39:39,1,0,1,2
2021-07-03 13:39:40,17,1,5,23
2021-07-03 13:39:41,281,5,60,346
2021-07-03 13:39:43,16,0,5,21
2021-07-03 13:39:44,7,1,2,10
2021-07-03 13:39:45,4,0,1,5
2021-07-03 13:39:46,12,1,2,15
2021-07-03 13:39:47,0,0,0,0
2021-07-03 13:39:48,9,0,7,16
2021-07-03 13:39:50,0,0,0,0
2021-07-03 13:39:51,12,2,7,21
2021-07-03 13:39:52,0,0,0,0
2021-07-03 13:39:53,2,0,0,2
2021-07-03 13:39:55,116,1,32,149
2021-07-03 13:39:58,2,1,1,4
2021-07-03 13:39:59,1,0,0,1
2021-07-03 13:40:00,103,1,39,143
2021-07-03 13:40:01,26,2,8,36
2021-07-03 13:40:02,26,2,3,31
2021-07-03 13:40:03,122,6,49,177
2021-07-03 13:40:05,7,2,2,11
2021-07-03 13:40:07,0,0,0,0
2021-07-03 13:40:10,2,0,0,2
2021-07-03 13:40:13,0,0,0,0
2021-07-03 13:40:16,1,0,1,2
2021-07-03 13:40:17,42,1,8,51
2021-07-03 13:40:18,26,0,10,36
2021-07-03 13:40:19,27,2,1,30
2021-07-03 13:40:20,2,0,0,2
2021-07-03 13:40:21,1,0,1,2
2021-07-03 13:40:22,1,0,0,1
2021-07-03 13:40:23,2,0,2,4
2021-07-03 13:40:24,0,0,0,0
2021-07-03 13:40:25,1,0,1,2
2021-07-03 13:40:26,0,0,0,0
2021-07-03 13:40:27,6,1,3,10
2021-07-03 13:40:28,41,4,14,59
2021-07-03 13:40:30,0,0,0,0
2021-07-03 13:40:31,3,0,1,4
2021-07-03 13:40:34,2,0,1,3
2021-07-03 13:40:35,0,0,0,0
2021-07-03 13:40:37,13,3,6,22
2021-07-03 13:40:40,0,0,0,0
2021-07-03 13:40:41,5,1,1,7
2021-07-03 13:40:42,1,1,0,2
2021-07-03 13:40:43,10,0,0,10
2021-07-03 13:40:44,0,0,0,0
2021-07-03 13:40:45,7,0,0,7
2021-07-03 13:40:46,20,0,6,26
2021-07-03 13:40:47,2,0,1,3
2021-07-03 13:40:48,10,0,3,13
2021-07-03 13:40:51,20,1,14,35
2021-07-03 13:40:52,2,0,0,2
2021-07-03 13:40:53,1,0,0,1
2021-07-03 13:40:54,4,0,0,4
2021-07-03 13:40:55,2,0,2,4
2021-07-03 13:40:56,16,0,4,20
2021-07-03 13:40:57,21,1,3,25
2021-07-03 13:40:58,0,0,0,0
2021-07-03 13:40:59,0,0,0,0
2021-07-03 13:41:01,26,1,4,31
2021-07-03 13:41:02,31,0,5,36
2021-07-03 13:41:03,22,0,10,32
2021-07-03 13:41:04,1076,10,186,1272
2021-07-03 13:41:06,1,0,0,1
2021-07-03 13:41:07,1,0,1,2
2021-07-03 13:41:08,1,0,0,1
2021-07-03 13:41:09,8,0,1,9
2021-07-03 13:41:10,26,1,8,35
2021-07-03 13:41:11,11,0,4,15
2021-07-03 13:41:14,0,0,0,0
2021-07-03 13:41:17,0,0,0,0
2021-07-03 13:41:20,0,0,0,0
2021-07-03 13:41:21,1,0,0,1
2021-07-03 13:41:22,0,0,0,0
2021-07-03 13:41:24,0,0,0,0
2021-07-03 13:41:27,2,1,2,5
2021-07-03 13:41:28,2,0,1,3
2021-07-03 13:41:30,2,0,0,2
2021-07-03 13:41:31,2,0,1,3
2021-07-03 13:41:33,0,0,0,0
2021-07-03 13:41:34,496,12,130,638
2021-07-03 13:41:35,2,0,0,2
2021-07-03 13:41:36,3,2,0,5
2021-07-03 13:41:37,0,0,0,0
2021-07-03 13:41:38,8,1,7,16
2021-07-03 13:41:39,3,0,1,4
2021-07-03 13:41:40,0,0,0,0
2021-07-03 13:41:42,1,0,0,1
2021-07-03 13:41:43,0,0,0,0
2021-07-03 13:41:44,6,0,2,8
2021-07-03 13:41:45,18,0,6,24
2021-07-03 13:41:46,0,0,0,0
2021-07-03 13:41:47,2,0,0,2
2021-07-03 13:41:48,66,2,17,85
2021-07-03 13:41:49,95,2,28,125
2021-07-03 13:41:51,0,0,0,0
2021-07-03 13:41:52,15,1,0,16
2021-07-03 13:41:54,0,0,0,0
2021-07-03 13:41:55,0,0,0,0
2021-07-03 13:41:56,4,1,2,7
2021-07-03 13:41:58,7,1,3,11
2021-07-03 13:41:59,0,0,0,0
2021-07-03 13:42:00,2,2,2,6
2021-07-03 13:42:02,2,0,0,2
2021-07-03 13:42:03,2,0,0,2
2021-07-03 13:42:04,14,0,0,14
2021-07-03 13:42:05,1,0,0,1
2021-07-03 13:42:06,17,0,5,22
2021-07-03 13:42:07,2,0,0,2
2021-07-03 13:42:08,1,0,0,1
2021-07-03 13:42:09,2,0,0,2
2021-07-03 13:42:10,0,0,0,0
2021-07-03 13:42:11,1,0,0,1
2021-07-03 13:42:13,4,0,0,4
2021-07-03 13:42:14,10,0,1,11
2021-07-03 13:42:15,17867,264,1884,20015
2021-07-03 13:42:17,5,0,1,6
2021-07-03 13:42:18,0,0,0,0
2021-07-03 13:42:19,0,0,0,0
2021-07-03 13:42:20,1,0,1,2
2021-07-03 13:42:21,11,0,3,14
2021-07-03 13:42:23,0,0,0,0
2021-07-03 13:42:24,1,0,2,3
2021-07-03 13:42:27,15,0,2,17
2021-07-03 13:42:29,0,0,0,0
2021-07-03 13:42:30,2,0,0,2
2021-07-03 13:42:32,0,0,0,0
2021-07-03 13:42:33,9,0,0,9
2021-07-03 13:42:34,34,0,9,43
2021-07-03 13:42:35,21,0,4,25
2021-07-03 13:42:36,0,0,0,0
2021-07-03 13:42:37,8,0,0,8
2021-07-03 13:42:38,2,0,0,2
2021-07-03 13:42:39,2,0,1,3
2021-07-03 13:42:40,10,1,5,16
2021-07-03 13:42:41,8,0,2,10
2021-07-03 13:42:42,0,0,0,0
2021-07-03 13:42:43,1,0,0,1
2021-07-03 13:42:45,17,0,4,21
2021-07-03 13:42:46,5,0,0,5
2021-07-03 13:42:48,90,3,38,131
2021-07-03 13:42:49,7,0,0,7
2021-07-03 13:42:50,1,0,0,1
2021-07-03 13:42:53,2,0,0,2
2021-07-03 13:42:55,1,0,0,1
2021-07-03 13:42:56,7140,150,1188,8478
2021-07-03 13:42:57,1,0,0,1
2021-07-03 13:42:59,34,1,17,52
2021-07-03 13:43:01,46,0,9,55
2021-07-03 13:43:03,1,0,0,1
2021-07-03 13:43:04,1,0,0,1
2021-07-03 13:43:05,21,1,9,31
2021-07-03 13:43:06,1,0,0,1
2021-07-03 13:43:07,13,0,3,16
2021-07-03 13:43:08,0,0,0,0
2021-07-03 13:43:09,18,0,5,23
2021-07-03 13:43:11,2,0,0,2
2021-07-03 13:43:12,0,0,0,0
2021-07-03 13:43:13,1,0,0,1
2021-07-03 13:43:14,508,1,28,537
2021-07-03 13:43:15,895,24,762,1681
2021-07-03 13:43:17,5,2,1,8
2021-07-03 13:43:18,8,0,2,10
2021-07-03 13:43:19,0,0,0,0
2021-07-03 13:43:20,1,0,0,1
2021-07-03 13:43:21,0,0,0,0
2021-07-03 13:43:23,1,0,0,1
2021-07-03 13:43:25,1,0,0,1
2021-07-03 13:43:26,2,0,0,2
2021-07-03 13:43:27,8,0,1,9
2021-07-03 13:43:28,1,0,0,1
2021-07-03 13:43:30,682,10,98,790
2021-07-03 13:43:31,57,6,7,70
2021-07-03 13:43:33,1,0,0,1
2021-07-03 13:43:34,5,0,0,5
2021-07-03 13:43:35,2,0,0,2
2021-07-03 13:43:36,180,4,37,221
2021-07-03 13:43:37,5,0,0,5
2021-07-03 13:43:38,1,0,0,1
2021-07-03 13:43:39,17,2,0,19
2021-07-03 13:43:40,1,0,0,1
2021-07-03 13:43:41,13,0,2,15
2021-07-03 13:43:42,23,1,1,25
2021-07-03 13:43:43,0,0,0,0
2021-07-03 13:43:44,12,0,3,15
2021-07-03 13:43:45,51,0,19,70
2021-07-03 13:43:46,0,0,0,0
2021-07-03 13:43:48,12,2,0,14
2021-07-03 13:43:50,223,3,45,271
2021-07-03 13:43:51,102,1,13,116
2021-07-03 13:43:53,12,1,2,15
2021-07-03 13:43:55,2,0,0,2
2021-07-03 13:43:56,10,0,0,10
2021-07-03 13:43:58,12,0,0,12
2021-07-03 13:44:00,4,0,0,4
2021-07-03 13:44:02,11,1,1,13
2021-07-03 13:44:03,4,0,1,5
2021-07-03 13:44:06,2,0,0,2
2021-07-03 13:44:07,5,0,1,6
2021-07-03 13:44:08,1440,43,290,1773
2021-07-03 13:44:09,3291,420,535,4246
2021-07-03 13:44:10,118,6,26,150
2021-07-03 13:44:11,17,0,2,19
2021-07-03 13:44:12,23,1,8,32
2021-07-03 13:44:13,2,0,1,3
2021-07-03 13:44:14,0,0,0,0
2021-07-03 13:44:15,0,0,0,0
2021-07-03 13:44:16,0,0,0,0
2021-07-03 13:44:18,23,0,3,26
2021-07-03 13:44:19,3,0,1,4
2021-07-03 13:44:22,4,0,0,4
2021-07-03 13:44:23,3,0,0,3
2021-07-03 13:44:24,0,0,0,0
2021-07-03 13:44:26,129,2,20,151
2021-07-03 13:44:27,3,0,0,3
2021-07-03 13:44:29,9,0,1,10
2021-07-03 13:44:30,0,0,0,0
2021-07-03 13:44:31,1,0,0,1
2021-07-03 13:44:32,12,0,5,17
2021-07-03 13:44:33,0,0,0,0
2021-07-03 13:44:34,16,0,4,20
2021-07-03 13:44:37,43,2,8,53
2021-07-03 13:44:38,5,0,3,8
2021-07-03 13:44:39,129,1,45,175
2021-07-03 13:44:42,0,0,0,0
2021-07-03 13:44:43,10,1,1,12
2021-07-03 13:44:46,0,0,0,0
2021-07-03 13:44:47,4,0,1,5
2021-07-03 13:44:48,1,0,0,1
2021-07-03 13:44:49,3,0,0,3
2021-07-03 13:44:50,0,0,0,0
2021-07-03 13:44:52,17,0,8,25
2021-07-03 13:44:53,0,0,0,0
2021-07-03 13:44:54,2,1,0,3
2021-07-03 13:44:55,0,0,0,0
2021-07-03 13:44:56,0,0,0,0
2021-07-03 13:44:58,2,0,0,2
2021-07-03 13:44:59,1,0,0,1
2021-07-03 13:45:00,2695,78,580,3353
2021-07-03 13:45:01,646,15,167,828
2021-07-03 13:45:02,12,0,2,14
2021-07-03 13:45:03,7,1,2,10
2021-07-03 13:45:04,118,3,27,148
2021-07-03 13:45:08,0,0,0,0
2021-07-03 13:45:09,1,0,0,1
2021-07-03 13:45:10,8,1,0,9
2021-07-03 13:45:11,0,0,0,0
2021-07-03 13:45:13,3,0,0,3
2021-07-03 13:45:15,2,0,0,2
2021-07-03 13:45:16,13,0,8,21
2021-07-03 13:45:17,6,0,1,7
2021-07-03 13:45:19,0,0,0,0
2021-07-03 13:45:20,25,2,6,33
2021-07-03 13:45:21,170,6,109,285
2021-07-03 13:45:22,4,0,0,4
2021-07-03 13:45:23,0,0,0,0
2021-07-03 13:45:24,1,0,1,2
2021-07-03 13:45:25,13,1,4,18
2021-07-03 13:45:26,1,0,0,1
2021-07-03 13:45:28,2,0,0,2
2021-07-03 13:45:30,207,6,50,263
2021-07-03 13:45:31,0,0,0,0
2021-07-03 13:45:32,3,0,1,4
2021-07-03 13:45:34,10,2,0,12
2021-07-03 13:45:35,0,0,0,0
2021-07-03 13:45:37,0,0,0,0
2021-07-03 13:45:38,70,5,22,97
2021-07-03 13:45:39,195,2,32,229
2021-07-03 13:45:40,11,0,0,11
2021-07-03 13:45:41,1,0,0,1
2021-07-03 13:45:42,3,0,0,3
2021-07-03 13:45:43,21,1,4,26
2021-07-03 13:45:44,1,0,0,1
2021-07-03 13:45:45,215,8,70,293
2021-07-03 13:45:47,1,1,0,2
2021-07-03 13:45:49,21,1,5,27
2021-07-03 13:45:50,51,5,8,64
2021-07-03 13:45:51,0,0,0,0
2021-07-03 13:45:52,0,0,0,0
2021-07-03 13:45:54,160,2,49,211
2021-07-03 13:45:55,4,0,1,5
2021-07-03 13:45:56,1,0,2,3
2021-07-03 13:45:57,18,2,6,26
2021-07-03 13:45:58,14,0,9,23
2021-07-03 13:46:00,18,1,5,24
2021-07-03 13:46:01,0,0,0,0
2021-07-03 13:46:02,0,0,0,0
2021-07-03 13:46:05,1,0,0,1
2021-07-03 13:46:06,3,1,1,5
2021-07-03 13:46:08,1,2,0,3
2021-07-03 13:46:09,1667,30,324,2021
2021-07-03 13:46:10,0,0,0,0
2021-07-03 13:46:12,1,2,0,3
2021-07-03 13:46:13,1,0,1,2
2021-07-03 13:46:14,0,0,0,0
2021-07-03 13:46:15,4,0,0,4
2021-07-03 13:46:16,0,0,0,0
2021-07-03 13:46:17,12,1,1,14
2021-07-03 13:46:18,3,0,2,5
2021-07-03 13:46:20,2,0,0,2
2021-07-03 13:46:21,2,0,0,2
2021-07-03 13:46:22,7,0,2,9
2021-07-03 13:46:24,39,0,3,42
2021-07-03 13:46:25,9,0,1,10
2021-07-03 13:46:26,1,0,0,1
2021-07-03 13:46:27,4,0,0,4
2021-07-03 13:46:28,28,0,8,36
2021-07-03 13:46:29,0,0,0,0
2021-07-03 13:46:31,16,2,14,32
2021-07-03 13:46:32,0,0,0,0
2021-07-03 13:46:35,3,0,2,5
2021-07-03 13:46:37,1,0,1,2
2021-07-03 13:46:39,2671,41,293,3005
2021-07-03 13:46:41,1,0,0,1
2021-07-03 13:46:42,0,0,0,0
2021-07-03 13:46:43,28,1,9,38
2021-07-03 13:46:44,40,0,15,55
2021-07-03 13:46:46,1,0,2,3
2021-07-03 13:46:48,0,0,0,0
2021-07-03 13:46:49,1,0,1,2
2021-07-03 13:46:51,1,0,0,1
2021-07-03 13:46:52,0,0,0,0
2021-07-03 13:46:53,7,1,4,12
2021-07-03 13:46:55,0,0,1,1
2021-07-03 13:46:56,14,0,0,14
2021-07-03 13:46:57,0,0,0,0
2021-07-03 13:46:58,0,0,0,0
2021-07-03 13:46:59,0,0,0,0
2021-07-03 13:47:00,463,12,141,616
2021-07-03 13:47:01,1,0,0,1
2021-07-03 13:47:02,0,0,0,0
2021-07-03 13:47:03,0,0,0,0
2021-07-03 13:47:05,3,0,0,3
2021-07-03 13:47:06,2997,53,445,3495
2021-07-03 13:47:07,0,1,0,1
2021-07-03 13:47:08,249,4,56,309
2021-07-03 13:47:09,1406,33,184,1623
2021-07-03 13:47:10,6,1,0,7
2021-07-03 13:47:11,0,0,0,0
2021-07-03 13:47:12,4,0,0,4
2021-07-03 13:47:13,0,0,0,0
2021-07-03 13:47:14,582,16,42,640
2021-07-03 13:47:15,3,1,0,4
2021-07-03 13:47:16,14,0,4,18
2021-07-03 13:47:17,36,0,4,40
2021-07-03 13:47:18,0,0,0,0
2021-07-03 13:47:19,92,2,10,104
2021-07-03 13:47:20,0,0,0,0
2021-07-03 13:47:21,3,0,0,3
2021-07-03 13:47:23,0,0,0,0
2021-07-03 13:47:24,66,0,8,74
2021-07-03 13:47:25,6,0,0,6
2021-07-03 13:47:27,0,0,0,0
2021-07-03 13:47:28,0,0,0,0
2021-07-03 13:47:29,74,3,13,90
2021-07-03 13:47:31,7,0,3,10
2021-07-03 13:47:33,8,0,1,9
2021-07-03 13:47:35,0,0,0,0
2021-07-03 13:47:36,1,0,1,2
2021-07-03 13:47:37,11,1,0,12
2021-07-03 13:47:38,3,0,0,3
2021-07-03 13:47:39,0,0,0,0
2021-07-03 13:47:40,3,1,0,4
2021-07-03 13:47:41,5,0,0,5
2021-07-03 13:47:42,14,4,3,21
2021-07-03 13:47:43,1,0,0,1
2021-07-03 13:47:45,3,0,0,3
2021-07-03 13:47:46,3,0,1,4
2021-07-03 13:47:47,0,1,0,1
2021-07-03 13:47:48,8,0,0,8
2021-07-03 13:47:49,2,0,1,3
2021-07-03 13:47:50,2,0,0,2
2021-07-03 13:47:51,1,0,1,2
2021-07-03 13:47:53,0,0,0,0
2021-07-03 13:47:55,0,0,0,0
2021-07-03 13:47:56,0,0,0,0
2021-07-03 13:47:57,0,0,0,0
2021-07-03 13:47:59,0,0,0,0
2021-07-03 13:48:00,0,0,0,0
2021-07-03 13:48:01,3,0,0,3
2021-07-03 13:48:02,37,2,7,46
2021-07-03 13:48:03,8,1,5,14
2021-07-03 13:48:05,1,0,0,1
2021-07-03 13:48:06,1,0,0,1
2021-07-03 13:48:07,4,0,2,6
2021-07-03 13:48:08,2,0,0,2
2021-07-03 13:48:09,800,22,164,986
2021-07-03 13:48:10,0,0,0,0
2021-07-03 13:48:11,0,0,0,0
2021-07-03 13:48:12,15,0,4,19
2021-07-03 13:48:14,14,0,0,14
2021-07-03 13:48:15,0,0,0,0
2021-07-03 13:48:16,2,0,0,2
2021-07-03 13:48:18,0,0,0,0
2021-07-03 13:48:19,8,1,3,12
2021-07-03 13:48:20,0,0,0,0
2021-07-03 13:48:21,3,0,1,4
2021-07-03 13:48:24,3,0,2,5
2021-07-03 13:48:27,0,0,0,0
2021-07-03 13:48:28,0,0,0,0
2021-07-03 13:48:29,15,2,5,22
2021-07-03 13:48:30,1,0,0,1
2021-07-03 13:48:32,5,0,0,5
2021-07-03 13:48:34,4,0,0,4
2021-07-03 13:48:35,4,0,0,4
2021-07-03 13:48:36,3,0,1,4
2021-07-03 13:48:37,1,0,0,1
2021-07-03 13:48:39,0,0,0,0
2021-07-03 13:48:40,2,2,0,4
2021-07-03 13:48:41,0,0,0,0
2021-07-03 13:48:43,10,1,3,14
2021-07-03 13:48:44,2,1,2,5
2021-07-03 13:48:46,2,0,0,2
2021-07-03 13:48:48,0,0,0,0
2021-07-03 13:48:51,1,0,0,1
2021-07-03 13:48:52,0,0,0,0
2021-07-03 13:48:53,2,0,0,2
2021-07-03 13:48:54,24,3,15,42
2021-07-03 13:48:55,5,0,2,7
2021-07-03 13:48:56,3,1,1,5
2021-07-03 13:48:57,1,0,1,2
2021-07-03 13:48:58,4,1,1,6
2021-07-03 13:48:59,4,0,0,4
2021-07-03 13:49:00,10,2,0,12
2021-07-03 13:49:01,1,0,0,1
2021-07-03 13:49:03,4,0,0,4
2021-07-03 13:49:05,1,0,0,1
2021-07-03 13:49:06,0,0,0,0
2021-07-03 13:49:07,9,1,0,10
2021-07-03 13:49:08,0,0,0,0
2021-07-03 13:49:09,53,3,10,66
2021-07-03 13:49:10,0,0,0,0
2021-07-03 13:49:11,3,0,0,3
2021-07-03 13:49:13,0,0,0,0
2021-07-03 13:49:15,1140,18,216,1374
2021-07-03 13:49:18,0,0,0,0
2021-07-03 13:49:20,173,0,21,194
2021-07-03 13:49:21,2,0,0,2
2021-07-03 13:49:24,4,0,2,6
2021-07-03 13:49:26,20,0,6,26
2021-07-03 13:49:27,5,1,3,9
2021-07-03 13:49:28,222,7,56,285
2021-07-03 13:49:29,1,1,0,2
2021-07-03 13:49:30,0,0,0,0
2021-07-03 13:49:32,2,0,0,2
2021-07-03 13:49:33,11,1,3,15
2021-07-03 13:49:34,13,1,4,18
2021-07-03 13:49:35,0,0,0,0
2021-07-03 13:49:36,0,0,0,0
2021-07-03 13:49:37,8,0,2,10
2021-07-03 13:49:38,0,0,0,0
2021-07-03 13:49:39,4,1,3,8
2021-07-03 13:49:40,0,0,2,2
2021-07-03 13:49:41,0,0,0,0
2021-07-03 13:49:42,20,2,4,26
2021-07-03 13:49:43,30,1,15,46
2021-07-03 13:49:44,0,0,0,0
2021-07-03 13:49:46,4,2,0,6
2021-07-03 13:49:47,7,2,1,10
2021-07-03 13:49:48,2,0,2,4
2021-07-03 13:49:52,0,0,0,0
2021-07-03 13:49:53,1,1,0,2
2021-07-03 13:49:54,0,0,0,0
2021-07-03 13:49:56,1601,2,221,1824
2021-07-03 13:49:57,0,1,0,1
2021-07-03 13:49:58,2,0,0,2
2021-07-03 13:49:59,15,0,1,16
2021-07-03 13:50:00,8,0,1,9
2021-07-03 13:50:01,1,0,0,1
2021-07-03 13:50:03,10,0,4,14
2021-07-03 13:50:04,2,0,1,3
2021-07-03 13:50:05,21,0,8,29
2021-07-03 13:50:06,4,0,0,4
2021-07-03 13:50:07,1,0,0,1
2021-07-03 13:50:08,178,3,25,206
2021-07-03 13:50:09,33,1,10,44
2021-07-03 13:50:10,1,1,0,2
2021-07-03 13:50:11,64,4,22,90
2021-07-03 13:50:12,3,0,0,3
2021-07-03 13:50:16,6,0,0,6
2021-07-03 13:50:18,3,0,0,3
2021-07-03 13:50:19,14,1,0,15
2021-07-03 13:50:20,8,0,2,10
2021-07-03 13:50:21,3,0,0,3
2021-07-03 13:50:23,8,0,0,8
2021-07-03 13:50:24,6,0,0,6
2021-07-03 13:50:25,1,0,0,1
2021-07-03 13:50:27,3,0,0,3
2021-07-03 13:50:28,3,0,0,3
2021-07-03 13:50:29,61,1,26,88
2021-07-03 13:50:30,13,1,2,16
2021-07-03 13:50:32,69,1,42,112
2021-07-03 13:50:33,12,1,5,18
2021-07-03 13:50:34,3,0,2,5
2021-07-03 13:50:35,234,7,27,268
2021-07-03 13:50:36,1,1,0,2
2021-07-03 13:50:37,0,0,0,0
2021-07-03 13:50:38,424,12,116,552
2021-07-03 13:50:41,1,0,1,2
2021-07-03 13:50:42,0,0,0,0
2021-07-03 13:50:43,11,1,0,12
2021-07-03 13:50:44,0,0,0,0
2021-07-03 13:50:45,1,0,0,1
2021-07-03 13:50:47,9,1,0,10
2021-07-03 13:50:48,7,0,0,7
2021-07-03 13:50:50,4,0,0,4
2021-07-03 13:50:51,2,0,0,2
2021-07-03 13:50:52,0,0,0,0
2021-07-03 13:50:53,0,0,0,0
2021-07-03 13:50:54,3,0,2,5
2021-07-03 13:50:55,1,0,1,2
2021-07-03 13:50:56,4,0,1,5
2021-07-03 13:50:58,4,0,1,5
2021-07-03 13:51:00,7,0,1,8
2021-07-03 13:51:01,1,1,1,3
2021-07-03 13:51:02,0,0,0,0
2021-07-03 13:51:03,3,0,1,4
2021-07-03 13:51:04,0,0,0,0
2021-07-03 13:51:05,1,0,1,2
2021-07-03 13:51:06,1,0,0,1
2021-07-03 13:51:07,2,0,0,2
2021-07-03 13:51:09,0,0,0,0
2021-07-03 13:51:10,3,0,2,5
2021-07-03 13:51:13,3,0,2,5
2021-07-03 13:51:14,1,0,0,1
2021-07-03 13:51:15,0,0,0,0
2021-07-03 13:51:16,0,0,0,0
2021-07-03 13:51:17,88,0,16,104
2021-07-03 13:51:18,0,0,0,0
2021-07-03 13:51:19,0,0,1,1
2021-07-03 13:51:20,0,0,1,1
2021-07-03 13:51:21,1,0,0,1
2021-07-03 13:51:22,68,4,25,97
2021-07-03 13:51:23,57,3,15,75
2021-07-03 13:51:24,1,0,0,1
2021-07-03 13:51:28,0,0,0,0
2021-07-03 13:51:29,1,0,0,1
2021-07-03 13:51:30,29,3,13,45
2021-07-03 13:51:31,4,0,1,5
2021-07-03 13:51:33,0,0,0,0
2021-07-03 13:51:34,16,0,16,32
2021-07-03 13:51:35,1,0,0,1
2021-07-03 13:51:36,0,0,0,0
2021-07-03 13:51:37,0,0,0,0
2021-07-03 13:51:38,9,1,0,10
2021-07-03 13:51:41,4,0,0,4
2021-07-03 13:51:43,10,1,2,13
2021-07-03 13:51:44,2,2,2,6
2021-07-03 13:51:45,5,1,0,6
2021-07-03 13:51:46,1,0,1,2
2021-07-03 13:51:47,0,0,0,0
2021-07-03 13:51:48,0,0,0,0
2021-07-03 13:51:49,51,1,36,88
2021-07-03 13:51:50,1,0,0,1
2021-07-03 13:51:51,2,0,0,2
2021-07-03 13:51:52,1328,22,216,1566
2021-07-03 13:51:53,7,0,1,8
2021-07-03 13:51:54,0,0,0,0
2021-07-03 13:51:55,2,1,1,4
2021-07-03 13:51:56,1,0,0,1
2021-07-03 13:51:57,4,0,0,4
2021-07-03 13:51:59,4,0,2,6
2021-07-03 13:52:00,59,3,11,73
2021-07-03 13:52:01,4,0,0,4
2021-07-03 13:52:02,4,0,0,4
2021-07-03 13:52:03,2,0,1,3
2021-07-03 13:52:05,68,4,22,94
2021-07-03 13:52:06,1,0,0,1
2021-07-03 13:52:08,1,0,0,1
2021-07-03 13:52:10,0,0,0,0
2021-07-03 13:52:12,0,0,0,0
2021-07-03 13:52:13,0,0,0,0
2021-07-03 13:52:14,20672,205,1876,22753
2021-07-03 13:52:16,1,0,0,1
2021-07-03 13:52:17,0,0,0,0
2021-07-03 13:52:18,1,0,0,1
2021-07-03 13:52:19,0,0,0,0
2021-07-03 13:52:21,1,0,1,2
2021-07-03 13:52:25,0,0,0,0
2021-07-03 13:52:27,3,0,1,4
2021-07-03 13:52:28,2,0,0,2
2021-07-03 13:52:30,0,0,0,0
2021-07-03 13:52:32,2,0,0,2
2021-07-03 13:52:34,6,0,1,7
2021-07-03 13:52:35,2,0,0,2
2021-07-03 13:52:38,3,0,0,3
2021-07-03 13:52:42,4,1,0,5
2021-07-03 13:52:43,48,1,9,58
2021-07-03 13:52:46,0,0,0,0
2021-07-03 13:52:47,23,0,14,37
2021-07-03 13:52:48,39,0,13,52
2021-07-03 13:52:49,1,0,1,2
2021-07-03 13:52:50,1,0,0,1
2021-07-03 13:52:51,0,0,0,0
2021-07-03 13:52:52,2213,73,251,2537
2021-07-03 13:52:53,1,1,0,2
2021-07-03 13:52:55,3,0,0,3
2021-07-03 13:52:57,8,0,2,10
2021-07-03 13:52:58,5,0,0,5
2021-07-03 13:52:59,0,0,0,0
2021-07-03 13:53:02,0,0,0,0
2021-07-03 13:53:03,0,0,0,0
2021-07-03 13:53:06,1,1,0,2
2021-07-03 13:53:07,11,0,5,16
2021-07-03 13:53:09,3,0,0,3
2021-07-03 13:53:10,87,4,11,102
2021-07-03 13:53:11,2,0,0,2
2021-07-03 13:53:12,1,0,0,1
2021-07-03 13:53:13,0,0,0,0
2021-07-03 13:53:14,0,0,0,0
2021-07-03 13:53:15,2,0,0,2
2021-07-03 13:53:18,0,0,0,0
2021-07-03 13:53:20,4,0,1,5
2021-07-03 13:53:21,6,0,0,6
2021-07-03 13:53:22,19,1,2,22
2021-07-03 13:53:23,1,0,0,1
2021-07-03 13:53:25,8,0,0,8
2021-07-03 13:53:26,2,0,2,4
2021-07-03 13:53:27,132,0,28,160
2021-07-03 13:53:28,0,0,0,0
2021-07-03 13:53:29,1,0,0,1
2021-07-03 13:53:30,3,0,0,3
2021-07-03 13:53:32,0,0,0,0
2021-07-03 13:53:34,1,0,0,1
2021-07-03 13:53:35,12,0,1,13
2021-07-03 13:53:36,0,0,0,0
2021-07-03 13:53:37,1,0,2,3
2021-07-03 13:53:38,11,1,6,18
2021-07-03 13:53:40,0,1,0,1
2021-07-03 13:53:41,0,0,0,0
2021-07-03 13:53:42,0,0,0,0
2021-07-03 13:53:45,237,10,58,305
2021-07-03 13:53:46,0,0,0,0
2021-07-03 13:53:47,1,0,0,1
2021-07-03 13:53:49,1,0,0,1
2021-07-03 13:53:50,0,0,0,0
2021-07-03 13:53:51,0,0,0,0
2021-07-03 13:53:53,0,0,0,0
2021-07-03 13:53:55,2,0,1,3
2021-07-03 13:53:56,4,0,4,8
2021-07-03 13:53:57,0,0,0,0
2021-07-03 13:53:58,2,0,0,2
2021-07-03 13:53:59,3,0,0,3
2021-07-03 13:54:00,51,0,10,61
2021-07-03 13:54:01,1,0,0,1
2021-07-03 13:54:02,2,0,0,2
2021-07-03 13:54:03,7,0,2,9
2021-07-03 13:54:05,1,0,0,1
2021-07-03 13:54:06,4,0,0,4
2021-07-03 13:54:07,1775,27,302,2104
2021-07-03 13:54:08,1,0,0,1
2021-07-03 13:54:09,1,0,0,1
2021-07-03 13:54:10,0,0,0,0
2021-07-03 13:54:11,0,0,0,0
2021-07-03 13:54:12,1,0,0,1
2021-07-03 13:54:14,0,0,0,0
2021-07-03 13:54:15,1,0,0,1
2021-07-03 13:54:16,1,0,0,1
2021-07-03 13:54:17,0,0,0,0
2021-07-03 13:54:18,0,0,0,0
2021-07-03 13:54:19,4,0,0,4
2021-07-03 13:54:22,0,0,0,0
2021-07-03 13:54:23,8,0,0,8
2021-07-03 13:54:24,0,0,0,0
2021-07-03 13:54:25,0,0,0,0
2021-07-03 13:54:26,1,1,0,2
2021-07-03 13:54:27,2,0,0,2
2021-07-03 13:54:28,4,0,1,5
2021-07-03 13:54:29,7,2,1,10
2021-07-03 13:54:30,13,1,10,24
2021-07-03 13:54:31,0,0,0,0
2021-07-03 13:54:32,7,0,4,11
2021-07-03 13:54:34,5,0,1,6
2021-07-03 13:54:37,0,0,0,0
2021-07-03 13:54:38,1,0,2,3
2021-07-03 13:54:39,2046,92,219,2357
2021-07-03 13:54:40,0,0,0,0
2021-07-03 13:54:41,2,0,0,2
2021-07-03 13:54:42,0,0,0,0
2021-07-03 13:54:43,0,0,0,0
2021-07-03 13:54:45,1,0,1,2
2021-07-03 13:54:46,0,0,0,0
2021-07-03 13:54:47,1,0,0,1
2021-07-03 13:54:48,2,0,0,2
2021-07-03 13:54:49,9,0,2,11
2021-07-03 13:54:51,4,1,0,5
2021-07-03 13:54:52,0,0,0,0
2021-07-03 13:54:54,0,0,0,0
2021-07-03 13:54:55,0,0,0,0
2021-07-03 13:54:57,3,0,1,4
2021-07-03 13:54:58,0,0,0,0
2021-07-03 13:54:59,7,0,4,11
2021-07-03 13:55:00,11,0,2,13
2021-07-03 13:55:01,8,0,1,9
2021-07-03 13:55:02,2,0,0,2
2021-07-03 13:55:04,1,0,0,1
2021-07-03 13:55:05,49,2,18,69
2021-07-03 13:55:07,0,0,0,0
2021-07-03 13:55:08,3,0,1,4
2021-07-03 13:55:10,540,20,173,733
2021-07-03 13:55:11,5,0,1,6
2021-07-03 13:55:12,9,0,0,9
2021-07-03 13:55:13,0,0,0,0
2021-07-03 13:55:15,20,0,11,31
2021-07-03 13:55:16,7,0,1,8
2021-07-03 13:55:20,1,0,0,1
2021-07-03 13:55:21,10,0,5,15
2021-07-03 13:55:22,0,0,0,0
2021-07-03 13:55:23,52,2,35,89
2021-07-03 13:55:24,43,2,1,46
2021-07-03 13:55:25,9,0,2,11
2021-07-03 13:55:26,1,0,1,2
2021-07-03 13:55:29,0,0,0,0
2021-07-03 13:55:30,11,1,2,14
2021-07-03 13:55:31,0,0,0,0
2021-07-03 13:55:33,0,0,0,0
2021-07-03 13:55:34,1,0,0,1
2021-07-03 13:55:35,0,0,0,0
2021-07-03 13:55:36,0,0,0,0
2021-07-03 13:55:37,32,0,11,43
2021-07-03 13:55:39,0,0,0,0
2021-07-03 13:55:41,4,0,0,4
2021-07-03 13:55:43,127,2,41,170
2021-07-03 13:55:44,1,0,0,1
2021-07-03 13:55:45,1,0,0,1
2021-07-03 13:55:46,0,0,0,0
2021-07-03 13:55:49,3,0,0,3
2021-07-03 13:55:51,0,0,0,0
2021-07-03 13:55:53,1,0,0,1
2021-07-03 13:55:54,2,0,0,2
2021-07-03 13:55:55,0,0,0,0
2021-07-03 13:55:56,5,0,0,5
2021-07-03 13:55:57,2,0,0,2
2021-07-03 13:55:58,1,0,0,1
2021-07-03 13:55:59,29,1,18,48
2021-07-03 13:56:00,1,0,0,1
2021-07-03 13:56:01,0,0,0,0
2021-07-03 13:56:03,0,0,0,0
2021-07-03 13:56:04,1,0,0,1
2021-07-03 13:56:05,1,0,0,1
2021-07-03 13:56:06,2,0,0,2
2021-07-03 13:56:07,2,0,0,2
2021-07-03 13:56:08,1,0,0,1
2021-07-03 13:56:11,0,1,0,1
2021-07-03 13:56:12,4,0,0,4
2021-07-03 13:56:13,11,1,0,12
2021-07-03 13:56:14,105,2,23,130
2021-07-03 13:56:16,19,0,5,24
2021-07-03 13:56:17,1,0,1,2
2021-07-03 13:56:20,3,0,0,3
2021-07-03 13:56:21,1,0,0,1
2021-07-03 13:56:24,0,0,0,0
2021-07-03 13:56:25,0,0,0,0
2021-07-03 13:56:26,4,0,3,7
2021-07-03 13:56:27,0,0,0,0
2021-07-03 13:56:28,0,0,0,0
2021-07-03 13:56:31,0,0,0,0
2021-07-03 13:56:32,2,0,0,2
2021-07-03 13:56:36,5,0,1,6
2021-07-03 13:56:38,4,0,3,7
2021-07-03 13:56:39,3,0,1,4
2021-07-03 13:56:40,4,0,2,6
2021-07-03 13:56:41,16,0,3,19
2021-07-03 13:56:42,152,5,56,213
2021-07-03 13:56:43,11,0,0,11
2021-07-03 13:56:44,18,2,0,20
2021-07-03 13:56:45,0,0,0,0
2021-07-03 13:56:46,0,0,0,0
2021-07-03 13:56:47,3,0,0,3
2021-07-03 13:56:49,5,0,1,6
2021-07-03 13:56:50,0,0,0,0
2021-07-03 13:56:51,5,1,0,6
2021-07-03 13:56:53,2,0,0,2
2021-07-03 13:56:54,1,0,0,1
2021-07-03 13:56:56,0,0,0,0
2021-07-03 13:56:57,0,0,0,0
2021-07-03 13:56:58,5,0,0,5
2021-07-03 13:56:59,0,1,0,1
2021-07-03 13:57:00,1,0,1,2
2021-07-03 13:57:01,14,0,0,14
2021-07-03 13:57:02,0,0,0,0
2021-07-03 13:57:03,18,0,0,18
2021-07-03 13:57:04,1042,30,222,1294
2021-07-03 13:57:05,1,0,0,1
2021-07-03 13:57:07,3,0,1,4
2021-07-03 13:57:08,68,2,8,78
2021-07-03 13:57:09,5,1,2,8
2021-07-03 13:57:10,88,2,64,154
2021-07-03 13:57:11,60,5,21,86
2021-07-03 13:57:12,39,1,7,47
2021-07-03 13:57:13,0,0,0,0
2021-07-03 13:57:16,0,0,0,0
2021-07-03 13:57:18,0,0,0,0
2021-07-03 13:57:19,45,0,24,69
2021-07-03 13:57:22,0,1,0,1
2021-07-03 13:57:24,1,0,0,1
2021-07-03 13:57:26,1,0,0,1
2021-07-03 13:57:27,0,0,0,0
2021-07-03 13:57:28,0,0,1,1
2021-07-03 13:57:29,1,0,0,1
2021-07-03 13:57:30,184,8,52,244
2021-07-03 13:57:32,1,0,0,1
2021-07-03 13:57:33,0,0,0,0
2021-07-03 13:57:34,59,1,7,67
2021-07-03 13:57:35,0,0,0,0
2021-07-03 13:57:36,22,6,4,32
2021-07-03 13:57:38,4,0,1,5
2021-07-03 13:57:40,9,0,1,10
2021-07-03 13:57:41,0,0,0,0
2021-07-03 13:57:42,0,0,0,0
2021-07-03 13:57:44,0,0,0,0
2021-07-03 13:57:45,1,0,0,1
2021-07-03 13:57:46,1,0,0,1
2021-07-03 13:57:47,59,1,9,69
2021-07-03 13:57:48,313,2,93,408
2021-07-03 13:57:49,5,1,1,7
2021-07-03 13:57:52,0,0,0,0
2021-07-03 13:57:53,10,0,1,11
2021-07-03 13:57:54,7,0,2,9
2021-07-03 13:57:55,0,0,0,0
2021-07-03 13:57:56,19,0,4,23
2021-07-03 13:57:57,0,0,0,0
2021-07-03 13:57:59,75,0,13,88
2021-07-03 13:58:00,0,0,0,0
2021-07-03 13:58:01,0,0,0,0
2021-07-03 13:58:03,1,0,0,1
2021-07-03 13:58:04,2,0,0,2
2021-07-03 13:58:05,1,0,0,1
2021-07-03 13:58:06,0,0,0,0
2021-07-03 13:58:07,1,0,0,1
2021-07-03 13:58:08,4,0,3,7
2021-07-03 13:58:09,103,4,14,121
2021-07-03 13:58:10,0,0,0,0
2021-07-03 13:58:11,1913,26,183,2122
2021-07-03 13:58:13,0,0,0,0
2021-07-03 13:58:14,2,0,0,2
2021-07-03 13:58:15,5,0,3,8
2021-07-03 13:58:16,121,7,54,182
2021-07-03 13:58:17,9,0,0,9
2021-07-03 13:58:18,0,0,0,0
2021-07-03 13:58:19,0,0,0,0
2021-07-03 13:58:21,0,0,0,0
2021-07-03 13:58:23,3,0,0,3
2021-07-03 13:58:24,0,0,0,0
2021-07-03 13:58:25,7,0,2,9
2021-07-03 13:58:26,20,0,4,24
2021-07-03 13:58:28,1,0,0,1
2021-07-03 13:58:30,1,0,0,1
2021-07-03 13:58:31,6,0,0,6
2021-07-03 13:58:33,1,0,0,1
2021-07-03 13:58:35,0,0,0,0
2021-07-03 13:58:37,110,4,26,140
2021-07-03 13:58:38,0,0,0,0
2021-07-03 13:58:39,1,0,0,1
2021-07-03 13:58:40,11,0,2,13
2021-07-03 13:58:41,4,0,0,4
2021-07-03 13:58:44,5,0,0,5
2021-07-03 13:58:45,0,0,0,0
2021-07-03 13:58:46,4,0,1,5
2021-07-03 13:58:47,1,0,0,1
2021-07-03 13:58:48,3,1,0,4
2021-07-03 13:58:49,12,0,7,19
2021-07-03 13:58:50,99,1,9,109
2021-07-03 13:58:52,0,0,0,0
2021-07-03 13:58:54,5,2,0,7
2021-07-03 13:58:57,1,0,0,1
2021-07-03 13:58:58,16,0,2,18
2021-07-03 13:59:03,2,1,1,4
2021-07-03 13:59:04,0,0,0,0
2021-07-03 13:59:05,1,1,0,2
2021-07-03 13:59:06,114,2,10,126
2021-07-03 13:59:07,0,0,0,0
2021-07-03 13:59:08,10,2,2,14
2021-07-03 13:59:09,0,0,0,0
2021-07-03 13:59:10,43,3,14,60
2021-07-03 13:59:11,3,0,3,6
2021-07-03 13:59:12,6,0,3,9
2021-07-03 13:59:13,1,0,0,1
2021-07-03 13:59:15,0,0,0,0
2021-07-03 13:59:16,443,9,46,498
2021-07-03 13:59:17,593,6,101,700
2021-07-03 13:59:18,19,0,3,22
2021-07-03 13:59:19,2,0,0,2
2021-07-03 13:59:20,1,0,0,1
2021-07-03 13:59:23,11,0,3,14
2021-07-03 13:59:24,1141,28,201,1370
2021-07-03 13:59:25,35,1,2,38
2021-07-03 13:59:30,43,1,36,80
2021-07-03 13:59:31,1,1,0,2
2021-07-03 13:59:33,1,0,0,1
2021-07-03 13:59:35,69,0,22,91
2021-07-03 13:59:36,3,0,0,3
2021-07-03 13:59:38,12,0,5,17
2021-07-03 13:59:39,3,0,1,4
2021-07-03 13:59:40,0,0,0,0
2021-07-03 13:59:41,0,0,0,0
2021-07-03 13:59:43,0,0,0,0
2021-07-03 13:59:45,0,0,0,0
2021-07-03 13:59:47,0,0,0,0
2021-07-03 13:59:48,4,0,1,5
2021-07-03 13:59:49,0,0,0,0
2021-07-03 13:59:51,41,0,17,58
2021-07-03 13:59:52,0,0,0,0
2021-07-03 13:59:53,0,0,0,0
2021-07-03 13:59:55,0,0,0,0
2021-07-03 13:59:56,0,0,0,0
2021-07-03 13:59:57,2,1,0,3
2021-07-03 13:59:59,5,0,0,5
2021-07-03 14:00:00,412,9,69,490
2021-07-03 14:00:01,211,5,60,276
2021-07-03 14:00:04,2,0,0,2
2021-07-03 14:00:05,1,0,0,1
2021-07-03 14:00:06,2,0,0,2
2021-07-03 14:00:07,7,0,0,7
2021-07-03 14:00:08,2,0,0,2
2021-07-03 14:00:09,2,0,0,2
2021-07-03 14:00:11,3,0,0,3
2021-07-03 14:00:15,3,0,0,3
2021-07-03 14:00:16,1,0,0,1
2021-07-03 14:00:18,2,0,0,2
2021-07-03 14:00:19,1,1,0,2
2021-07-03 14:00:20,57,0,12,69
2021-07-03 14:00:21,1,0,0,1
2021-07-03 14:00:22,2,0,0,2
2021-07-03 14:00:23,14,0,5,19
2021-07-03 14:00:26,0,0,0,0
2021-07-03 14:00:27,0,0,0,0
2021-07-03 14:00:28,1,0,0,1
2021-07-03 14:00:29,0,0,0,0
2021-07-03 14:00:30,0,0,0,0
2021-07-03 14:00:32,0,0,0,0
2021-07-03 14:00:34,2,0,1,3
2021-07-03 14:00:35,1,1,0,2
2021-07-03 14:00:36,69,0,14,83
2021-07-03 14:00:37,2,0,0,2
2021-07-03 14:00:38,4,0,0,4
2021-07-03 14:00:39,87,4,25,116
2021-07-03 14:00:40,0,0,0,0
2021-07-03 14:00:43,6,1,0,7
2021-07-03 14:00:44,84,1,30,115
2021-07-03 14:00:45,8,0,0,8
2021-07-03 14:00:47,12,0,9,21
2021-07-03 14:00:50,1,0,0,1
2021-07-03 14:00:51,0,0,0,0
2021-07-03 14:00:53,0,0,0,0
2021-07-03 14:00:54,3,0,0,3
2021-07-03 14:00:55,6,0,1,7
2021-07-03 14:00:56,3,0,0,3
2021-07-03 14:00:57,0,0,0,0
2021-07-03 14:00:58,2,0,0,2
2021-07-03 14:00:59,9,1,0,10
2021-07-03 14:01:00,4,0,1,5
2021-07-03 14:01:01,0,3,0,3
2021-07-03 14:01:02,8,1,2,11
2021-07-03 14:01:03,3,0,0,3
2021-07-03 14:01:05,0,0,2,2
2021-07-03 14:01:06,0,0,0,0
2021-07-03 14:01:07,20,0,6,26
2021-07-03 14:01:08,0,0,0,0
2021-07-03 14:01:12,1,0,0,1
2021-07-03 14:01:13,0,0,0,0
2021-07-03 14:01:14,32,2,7,41
2021-07-03 14:01:15,0,0,0,0
2021-07-03 14:01:16,8,0,1,9
2021-07-03 14:01:17,68,0,22,90
2021-07-03 14:01:18,0,0,0,0
2021-07-03 14:01:19,0,0,0,0
2021-07-03 14:01:20,3,0,0,3
2021-07-03 14:01:21,1,0,0,1
2021-07-03 14:01:22,0,0,0,0
2021-07-03 14:01:24,5,0,0,5
2021-07-03 14:01:25,1,1,0,2
2021-07-03 14:01:26,8,4,0,12
2021-07-03 14:01:28,0,0,0,0
2021-07-03 14:01:29,3,0,0,3
2021-07-03 14:01:30,9,0,2,11
2021-07-03 14:01:33,13,1,1,15
2021-07-03 14:01:34,1,0,0,1
2021-07-03 14:01:35,800,20,196,1016
2021-07-03 14:01:41,3,1,0,4
2021-07-03 14:01:42,1,0,0,1
2021-07-03 14:01:43,23,0,4,27
2021-07-03 14:01:44,268,8,67,343
2021-07-03 14:01:47,3,0,2,5
2021-07-03 14:01:48,0,0,1,1
2021-07-03 14:01:50,0,0,0,0
2021-07-03 14:01:51,2,0,0,2
2021-07-03 14:01:52,0,0,0,0
2021-07-03 14:01:53,0,0,0,0
2021-07-03 14:01:54,0,0,0,0
2021-07-03 14:01:56,30,0,0,30
2021-07-03 14:01:57,1,0,0,1
2021-07-03 14:01:58,2,0,0,2
2021-07-03 14:01:59,2,0,0,2
2021-07-03 14:02:00,0,0,0,0
2021-07-03 14:02:02,1,0,0,1
2021-07-03 14:02:03,0,1,2,3
2021-07-03 14:02:04,1,0,0,1
2021-07-03 14:02:05,1,0,0,1
2021-07-03 14:02:07,3,0,0,3
2021-07-03 14:02:08,1,0,0,1
2021-07-03 14:02:10,16,2,4,22
2021-07-03 14:02:13,2,0,0,2
2021-07-03 14:02:16,47,1,21,69
2021-07-03 14:02:19,21,1,3,25
2021-07-03 14:02:20,0,0,0,0
2021-07-03 14:02:22,0,0,0,0
2021-07-03 14:02:23,0,0,0,0
2021-07-03 14:02:24,0,0,0,0
2021-07-03 14:02:26,1,0,0,1
2021-07-03 14:02:27,0,0,0,0
2021-07-03 14:02:28,0,0,0,0
2021-07-03 14:02:29,7,0,1,8
2021-07-03 14:02:31,1,0,0,1
2021-07-03 14:02:32,23,0,4,27
2021-07-03 14:02:33,0,0,0,0
2021-07-03 14:02:34,5,1,0,6
2021-07-03 14:02:36,35,2,7,44
2021-07-03 14:02:38,0,0,0,0
2021-07-03 14:02:39,1,0,0,1
2021-07-03 14:02:41,13,0,11,24
2021-07-03 14:02:43,1,1,0,2
2021-07-03 14:02:44,5,0,2,7
2021-07-03 14:02:45,4,0,0,4
2021-07-03 14:02:46,0,0,0,0
2021-07-03 14:02:47,1,0,0,1
2021-07-03 14:02:49,2,1,0,3
2021-07-03 14:02:50,0,0,0,0
2021-07-03 14:02:51,3,0,3,6
2021-07-03 14:02:53,1,0,0,1
2021-07-03 14:02:54,40,1,31,72
2021-07-03 14:02:56,4,0,0,4
2021-07-03 14:02:57,1,1,0,2
2021-07-03 14:02:58,843,9,75,927
2021-07-03 14:02:59,2,0,0,2
2021-07-03 14:03:00,2,2,2,6
2021-07-03 14:03:01,4,0,0,4
2021-07-03 14:03:03,0,0,0,0
2021-07-03 14:03:04,12,9,7,28
2021-07-03 14:03:05,15,0,4,19
2021-07-03 14:03:06,4,0,1,5
2021-07-03 14:03:11,2,0,2,4
2021-07-03 14:03:12,1,0,0,1
2021-07-03 14:03:13,4,0,4,8
2021-07-03 14:03:15,0,0,0,0
2021-07-03 14:03:17,0,0,0,0
2021-07-03 14:03:18,0,0,0,0
2021-07-03 14:03:20,0,0,0,0
2021-07-03 14:03:24,3,0,0,3
2021-07-03 14:03:25,0,0,0,0
2021-07-03 14:03:26,0,0,0,0
2021-07-03 14:03:28,0,2,0,2
2021-07-03 14:03:29,1,0,0,1
2021-07-03 14:03:30,3,0,0,3
2021-07-03 14:03:31,0,0,0,0
2021-07-03 14:03:32,3,0,0,3
2021-07-03 14:03:34,6,1,2,9
2021-07-03 14:03:35,1,0,0,1
2021-07-03 14:03:37,3,1,1,5
2021-07-03 14:03:38,0,0,0,0
2021-07-03 14:03:40,0,0,0,0
2021-07-03 14:03:42,0,0,0,0
2021-07-03 14:03:43,1,0,1,2
2021-07-03 14:03:46,0,0,0,0
2021-07-03 14:03:47,0,0,0,0
2021-07-03 14:03:48,1,0,1,2
2021-07-03 14:03:49,0,0,0,0
2021-07-03 14:03:51,70,2,18,90
2021-07-03 14:03:52,3,0,0,3
2021-07-03 14:03:53,0,1,0,1
2021-07-03 14:03:58,7,1,0,8
2021-07-03 14:03:59,13,0,3,16
2021-07-03 14:04:00,3,0,1,4
2021-07-03 14:04:01,8,0,2,10
2021-07-03 14:04:02,18,0,5,23
2021-07-03 14:04:03,7,0,0,7
2021-07-03 14:04:06,5,0,1,6
2021-07-03 14:04:07,112,2,19,133
2021-07-03 14:04:08,8,0,2,10
2021-07-03 14:04:09,2,0,1,3
2021-07-03 14:04:10,0,0,0,0
2021-07-03 14:04:11,3,0,2,5
2021-07-03 14:04:13,4,0,0,4
2021-07-03 14:04:17,775,16,182,973
2021-07-03 14:04:18,30,2,6,38
2021-07-03 14:04:19,30,4,2,36
2021-07-03 14:04:21,4,0,1,5
2021-07-03 14:04:22,1,0,0,1
2021-07-03 14:04:23,0,0,0,0
2021-07-03 14:04:25,0,0,0,0
2021-07-03 14:04:26,0,0,0,0
2021-07-03 14:04:27,8,0,2,10
2021-07-03 14:04:29,255,6,24,285
2021-07-03 14:04:30,2,0,1,3
2021-07-03 14:04:32,5,0,3,8
2021-07-03 14:04:33,6,0,0,6
2021-07-03 14:04:35,7,0,1,8
2021-07-03 14:04:36,0,0,0,0
2021-07-03 14:04:37,0,0,0,0
2021-07-03 14:04:38,10,2,1,13
2021-07-03 14:04:39,6,0,0,6
2021-07-03 14:04:40,0,0,0,0
2021-07-03 14:04:42,18,0,2,20
2021-07-03 14:04:43,0,0,0,0
2021-07-03 14:04:44,0,0,0,0
2021-07-03 14:04:45,3,5,5,13
2021-07-03 14:04:46,2,0,0,2
2021-07-03 14:04:48,20,0,4,24
2021-07-03 14:04:50,0,0,0,0
2021-07-03 14:04:51,5,0,3,8
2021-07-03 14:04:52,2,0,1,3
2021-07-03 14:04:53,2,0,0,2
2021-07-03 14:04:54,4,0,1,5
2021-07-03 14:04:55,7,0,2,9
2021-07-03 14:04:56,1,0,0,1
2021-07-03 14:04:57,0,0,0,0
2021-07-03 14:04:58,2,0,0,2
2021-07-03 14:04:59,1,0,0,1
2021-07-03 14:05:00,3,0,2,5
2021-07-03 14:05:01,18,1,0,19
2021-07-03 14:05:02,11,0,3,14
2021-07-03 14:05:04,30,0,0,30
2021-07-03 14:05:05,120,2,86,208
2021-07-03 14:05:06,0,0,0,0
2021-07-03 14:05:07,2,0,1,3
2021-07-03 14:05:08,0,0,0,0
2021-07-03 14:05:09,1,0,1,2
2021-07-03 14:05:10,1650,42,272,1964
2021-07-03 14:05:11,8,1,4,13
2021-07-03 14:05:12,0,0,0,0
2021-07-03 14:05:13,1,0,1,2
2021-07-03 14:05:15,1,0,0,1
2021-07-03 14:05:17,7,0,2,9
2021-07-03 14:05:18,3,0,0,3
2021-07-03 14:05:20,5,1,0,6
2021-07-03 14:05:21,0,0,0,0
2021-07-03 14:05:22,1,1,0,2
2021-07-03 14:05:23,1,0,0,1
2021-07-03 14:05:24,3,0,0,3
2021-07-03 14:05:25,1,1,0,2
2021-07-03 14:05:26,1,0,1,2
2021-07-03 14:05:27,0,0,1,1
2021-07-03 14:05:29,0,0,0,0
2021-07-03 14:05:31,22,1,6,29
2021-07-03 14:05:32,5,7,2,14
2021-07-03 14:05:33,6,0,0,6
2021-07-03 14:05:37,22,0,0,22
2021-07-03 14:05:39,4,1,0,5
2021-07-03 14:05:42,0,0,0,0
2021-07-03 14:05:43,0,0,0,0
2021-07-03 14:05:45,0,0,0,0
2021-07-03 14:05:47,0,0,0,0
2021-07-03 14:05:48,0,0,0,0
2021-07-03 14:05:50,1,0,0,1
2021-07-03 14:05:51,0,0,0,0
2021-07-03 14:05:52,0,0,0,0
2021-07-03 14:05:53,254,8,72,334
2021-07-03 14:05:54,1,0,0,1
2021-07-03 14:05:55,4,0,1,5
2021-07-03 14:05:56,7,0,4,11
2021-07-03 14:05:57,7,1,2,10
2021-07-03 14:05:58,0,0,0,0
2021-07-03 14:05:59,0,0,0,0
2021-07-03 14:06:00,0,0,0,0
2021-07-03 14:06:02,0,0,0,0
2021-07-03 14:06:03,1,0,0,1
2021-07-03 14:06:05,7,0,1,8
2021-07-03 14:06:07,1,0,0,1
2021-07-03 14:06:08,4,0,0,4
2021-07-03 14:06:09,29,2,1,32
2021-07-03 14:06:10,60,0,23,83
2021-07-03 14:06:11,1,1,1,3
2021-07-03 14:06:13,1446,42,266,1754
2021-07-03 14:06:14,13,0,1,14
2021-07-03 14:06:15,0,0,0,0
2021-07-03 14:06:16,1,0,1,2
2021-07-03 14:06:17,0,0,0,0
2021-07-03 14:06:18,8,0,2,10
2021-07-03 14:06:19,16,0,1,17
2021-07-03 14:06:20,10,0,1,11
2021-07-03 14:06:23,2,0,1,3
2021-07-03 14:06:24,18,1,3,22
2021-07-03 14:06:25,0,0,0,0
2021-07-03 14:06:26,3,0,0,3
2021-07-03 14:06:27,1,0,0,1
2021-07-03 14:06:28,0,0,0,0
2021-07-03 14:06:31,86,1,45,132
2021-07-03 14:06:35,0,0,0,0
2021-07-03 14:06:36,0,1,0,1
2021-07-03 14:06:37,0,0,0,0
2021-07-03 14:06:38,0,0,0,0
2021-07-03 14:06:39,1,0,0,1
2021-07-03 14:06:42,3,0,0,3
2021-07-03 14:06:43,1,0,0,1
2021-07-03 14:06:44,18,1,6,25
2021-07-03 14:06:46,2,0,1,3
2021-07-03 14:06:47,137,4,42,183
2021-07-03 14:06:48,61,2,17,80
2021-07-03 14:06:49,84,5,20,109
2021-07-03 14:06:50,1,0,0,1
2021-07-03 14:06:53,4,0,0,4
2021-07-03 14:06:54,4,0,2,6
2021-07-03 14:06:55,0,0,0,0
2021-07-03 14:06:56,1,0,0,1
2021-07-03 14:06:57,233,9,21,263
2021-07-03 14:06:59,1,0,2,3
2021-07-03 14:07:00,1,0,0,1
2021-07-03 14:07:02,1,0,0,1
2021-07-03 14:07:03,0,0,0,0
2021-07-03 14:07:04,1,0,0,1
2021-07-03 14:07:05,2,1,0,3
2021-07-03 14:07:07,3,0,0,3
2021-07-03 14:07:09,1,0,0,1
2021-07-03 14:07:10,0,0,0,0
2021-07-03 14:07:11,0,0,0,0
2021-07-03 14:07:12,0,0,0,0
2021-07-03 14:07:13,4,0,2,6
2021-07-03 14:07:15,181,6,38,225
2021-07-03 14:07:16,0,0,0,0
2021-07-03 14:07:18,1,0,0,1
2021-07-03 14:07:19,6,1,2,9
2021-07-03 14:07:20,2,1,2,5
2021-07-03 14:07:23,2,0,0,2
2021-07-03 14:07:24,3,1,1,5
2021-07-03 14:07:25,0,0,0,0
2021-07-03 14:07:26,0,0,0,0
2021-07-03 14:07:27,1,0,1,2
2021-07-03 14:07:28,26,0,10,36
2021-07-03 14:07:29,0,0,0,0
2021-07-03 14:07:30,0,0,0,0
2021-07-03 14:07:33,1,0,0,1
2021-07-03 14:07:35,215,5,44,264
2021-07-03 14:07:36,2,0,0,2
2021-07-03 14:07:38,1,0,0,1
2021-07-03 14:07:39,2,0,0,2
2021-07-03 14:07:40,13,0,0,13
2021-07-03 14:07:41,6,0,3,9
2021-07-03 14:07:42,4,0,0,4
2021-07-03 14:07:43,8,1,0,9
2021-07-03 14:07:44,248,5,48,301
2021-07-03 14:07:46,1,0,0,1
2021-07-03 14:07:47,1,0,0,1
2021-07-03 14:07:48,1,0,1,2
2021-07-03 14:07:49,0,0,0,0
2021-07-03 14:07:50,11,0,7,18
2021-07-03 14:07:52,96,0,12,108
2021-07-03 14:07:53,4,0,0,4
2021-07-03 14:07:54,15,2,7,24
2021-07-03 14:07:55,4,0,1,5
2021-07-03 14:07:56,0,0,0,0
2021-07-03 14:07:57,37,0,8,45
2021-07-03 14:07:58,686,21,159,866
2021-07-03 14:08:00,7,1,3,11
2021-07-03 14:08:01,167,1,37,205
2021-07-03 14:08:02,1,0,0,1
2021-07-03 14:08:03,1,0,0,1
2021-07-03 14:08:04,3,0,0,3
2021-07-03 14:08:06,2,0,2,4
2021-07-03 14:08:07,0,0,0,0
2021-07-03 14:08:08,0,0,0,0
2021-07-03 14:08:09,4,0,1,5
2021-07-03 14:08:10,2,0,0,2
2021-07-03 14:08:12,3,0,0,3
2021-07-03 14:08:13,0,0,0,0
2021-07-03 14:08:14,3,0,3,6
2021-07-03 14:08:17,1,0,0,1
2021-07-03 14:08:18,1,0,0,1
2021-07-03 14:08:19,146,10,39,195
2021-07-03 14:08:20,96,4,24,124
2021-07-03 14:08:22,0,0,0,0
2021-07-03 14:08:24,114,9,5,128
2021-07-03 14:08:25,2,0,1,3
2021-07-03 14:08:26,0,0,0,0
2021-07-03 14:08:27,2,0,2,4
2021-07-03 14:08:28,0,0,0,0
2021-07-03 14:08:29,1,0,1,2
2021-07-03 14:08:30,0,0,0,0
2021-07-03 14:08:31,4679,140,555,5374
2021-07-03 14:08:33,1,0,1,2
2021-07-03 14:08:34,2,0,0,2
2021-07-03 14:08:35,1,0,0,1
2021-07-03 14:08:36,41,0,14,55
2021-07-03 14:08:37,1,0,0,1
2021-07-03 14:08:38,23,1,10,34
2021-07-03 14:08:40,2,0,0,2
2021-07-03 14:08:43,3,1,1,5
2021-07-03 14:08:44,2,0,0,2
2021-07-03 14:08:45,1,0,0,1
2021-07-03 14:08:46,1,0,1,2
2021-07-03 14:08:47,101,2,22,125
2021-07-03 14:08:48,1,0,0,1
2021-07-03 14:08:49,593,15,197,805
2021-07-03 14:08:51,16,0,4,20
2021-07-03 14:08:52,4,0,2,6
2021-07-03 14:08:54,6,0,0,6
2021-07-03 14:08:55,295,5,56,356
2021-07-03 14:08:57,1,0,0,1
2021-07-03 14:09:00,2,0,0,2
2021-07-03 14:09:02,2,1,0,3
2021-07-03 14:09:03,24,1,4,29
2021-07-03 14:09:06,8,0,1,9
2021-07-03 14:09:08,3,0,0,3
2021-07-03 14:09:09,4,0,0,4
2021-07-03 14:09:10,3,0,1,4
2021-07-03 14:09:11,5,0,0,5
2021-07-03 14:09:14,4,0,1,5
2021-07-03 14:09:15,4,1,1,6
2021-07-03 14:09:18,74,0,3,77
2021-07-03 14:09:19,30,0,6,36
2021-07-03 14:09:20,25,0,9,34
2021-07-03 14:09:22,2,0,1,3
2021-07-03 14:09:23,3,0,1,4
2021-07-03 14:09:24,2,0,1,3
2021-07-03 14:09:25,2,1,1,4
2021-07-03 14:09:26,23,1,8,32
2021-07-03 14:09:27,3,0,0,3
2021-07-03 14:09:28,24,1,10,35
2021-07-03 14:09:29,6,0,1,7
2021-07-03 14:09:30,40,1,8,49
2021-07-03 14:09:31,1,0,1,2
2021-07-03 14:09:32,10,0,3,13
2021-07-03 14:09:36,3,0,1,4
2021-07-03 14:09:37,2,0,0,2
2021-07-03 14:09:38,1,0,0,1
2021-07-03 14:09:40,5,0,0,5
2021-07-03 14:09:42,9,1,2,12
2021-07-03 14:09:43,0,0,0,0
2021-07-03 14:09:44,2,0,1,3
2021-07-03 14:09:45,2,1,0,3
2021-07-03 14:09:46,1,0,1,2
2021-07-03 14:09:47,0,0,0,0
2021-07-03 14:09:49,4,0,0,4
2021-07-03 14:09:54,6,2,2,10
2021-07-03 14:09:55,9,0,3,12
2021-07-03 14:09:56,8,0,1,9
2021-07-03 14:09:57,0,0,0,0
2021-07-03 14:09:59,2,0,1,3
2021-07-03 14:10:00,122,2,38,162
2021-07-03 14:10:01,1,0,0,1
2021-07-03 14:10:02,5,0,0,5
2021-07-03 14:10:04,0,0,0,0
2021-07-03 14:10:05,1,0,0,1
2021-07-03 14:10:07,6,0,0,6
2021-07-03 14:10:08,24,0,6,30
2021-07-03 14:10:09,0,0,0,0
2021-07-03 14:10:12,4,0,0,4
2021-07-03 14:10:13,0,0,0,0
2021-07-03 14:10:14,2,0,0,2
2021-07-03 14:10:16,0,0,0,0
2021-07-03 14:10:21,69,2,12,83
2021-07-03 14:10:22,11,0,2,13
2021-07-03 14:10:23,0,0,1,1
2021-07-03 14:10:25,2,0,0,2
2021-07-03 14:10:28,0,0,0,0
2021-07-03 14:10:29,0,0,0,0
2021-07-03 14:10:30,11,2,5,18
2021-07-03 14:10:31,9,1,3,13
2021-07-03 14:10:32,1,0,0,1
2021-07-03 14:10:33,0,0,0,0
2021-07-03 14:10:35,4,0,2,6
2021-07-03 14:10:36,1,0,0,1
2021-07-03 14:10:37,39,0,4,43
2021-07-03 14:10:38,1,0,0,1
2021-07-03 14:10:40,0,0,0,0
2021-07-03 14:10:41,4,1,1,6
2021-07-03 14:10:42,0,0,0,0
2021-07-03 14:10:43,7,0,3,10
2021-07-03 14:10:44,111,5,20,136
2021-07-03 14:10:46,20,1,1,22
2021-07-03 14:10:48,1,0,0,1
2021-07-03 14:10:49,0,0,0,0
2021-07-03 14:10:51,0,0,0,0
2021-07-03 14:10:52,3,0,0,3
2021-07-03 14:10:53,34,1,4,39
2021-07-03 14:10:54,1,0,0,1
2021-07-03 14:10:55,0,0,0,0
2021-07-03 14:10:56,0,0,0,0
2021-07-03 14:10:57,190,7,45,242
2021-07-03 14:10:59,63,3,2,68
2021-07-03 14:11:00,1,0,0,1
2021-07-03 14:11:01,3,0,0,3
2021-07-03 14:11:03,11,1,2,14
2021-07-03 14:11:04,22,3,4,29
2021-07-03 14:11:06,0,0,0,0
2021-07-03 14:11:10,0,0,0,0
2021-07-03 14:11:11,3,0,0,3
2021-07-03 14:11:12,14,0,2,16
2021-07-03 14:11:13,0,0,0,0
2021-07-03 14:11:14,0,0,0,0
2021-07-03 14:11:15,5,0,1,6
2021-07-03 14:11:17,1,1,0,2
2021-07-03 14:11:18,1,0,0,1
2021-07-03 14:11:19,4,0,4,8
2021-07-03 14:11:21,4,0,2,6
2021-07-03 14:11:23,0,0,0,0
2021-07-03 14:11:27,0,0,0,0
2021-07-03 14:11:28,2,0,0,2
2021-07-03 14:11:32,25,1,7,33
2021-07-03 14:11:33,0,0,0,0
2021-07-03 14:11:35,2,1,1,4
2021-07-03 14:11:36,2,0,1,3
2021-07-03 14:11:38,4,0,0,4
2021-07-03 14:11:40,12,0,3,15
2021-07-03 14:11:41,1,0,0,1
2021-07-03 14:11:42,0,0,0,0
2021-07-03 14:11:43,0,0,0,0
2021-07-03 14:11:44,1,0,1,2
2021-07-03 14:11:45,1,0,1,2
2021-07-03 14:11:47,0,1,0,1
2021-07-03 14:11:48,1,0,0,1
2021-07-03 14:11:50,2,0,0,2
2021-07-03 14:11:51,0,0,0,0
2021-07-03 14:11:54,2,0,0,2
2021-07-03 14:11:55,37,2,13,52
2021-07-03 14:11:57,3,1,1,5
2021-07-03 14:11:58,2,0,0,2
2021-07-03 14:11:59,67,3,21,91
2021-07-03 14:12:00,6,0,0,6
2021-07-03 14:12:02,1,1,0,2
2021-07-03 14:12:04,0,0,0,0
2021-07-03 14:12:05,0,0,0,0
2021-07-03 14:12:07,18,1,5,24
2021-07-03 14:12:08,91,2,34,127
2021-07-03 14:12:09,56,0,11,67
2021-07-03 14:12:10,0,0,0,0
2021-07-03 14:12:12,4,0,4,8
2021-07-03 14:12:13,1,1,0,2
2021-07-03 14:12:14,42,2,10,54
2021-07-03 14:12:15,16285,319,1677,18281
2021-07-03 14:12:19,1,0,0,1
2021-07-03 14:12:20,4,0,2,6
2021-07-03 14:12:21,1,0,0,1
2021-07-03 14:12:22,0,0,0,0
2021-07-03 14:12:23,0,0,0,0
2021-07-03 14:12:26,0,0,0,0
2021-07-03 14:12:28,5,0,1,6
2021-07-03 14:12:30,1,0,0,1
2021-07-03 14:12:31,2,0,0,2
2021-07-03 14:12:33,9,1,0,10
2021-07-03 14:12:36,1,0,0,1
2021-07-03 14:12:37,3,0,0,3
2021-07-03 14:12:38,2,0,1,3
2021-07-03 14:12:39,16,2,4,22
2021-07-03 14:12:40,7,1,1,9
2021-07-03 14:12:41,0,0,1,1
2021-07-03 14:12:42,0,0,0,0
2021-07-03 14:12:43,2,1,0,3
2021-07-03 14:12:46,0,0,0,0
2021-07-03 14:12:47,3,0,0,3
2021-07-03 14:12:49,2,0,0,2
2021-07-03 14:12:51,2,0,0,2
2021-07-03 14:12:52,0,1,0,1
2021-07-03 14:12:53,114,4,92,210
2021-07-03 14:12:54,3962,134,854,4950
2021-07-03 14:12:55,1,0,0,1
2021-07-03 14:12:57,29,1,4,34
2021-07-03 14:12:58,10,0,2,12
2021-07-03 14:12:59,5,0,1,6
2021-07-03 14:13:01,0,0,0,0
2021-07-03 14:13:02,42,0,7,49
2021-07-03 14:13:03,2,0,0,2
2021-07-03 14:13:04,44,3,13,60
2021-07-03 14:13:05,2,1,1,4
2021-07-03 14:13:06,0,0,0,0
2021-07-03 14:13:08,0,0,0,0
2021-07-03 14:13:09,1,0,0,1
2021-07-03 14:13:10,0,1,0,1
2021-07-03 14:13:12,11,1,3,15
2021-07-03 14:13:13,0,0,0,0
2021-07-03 14:13:14,0,0,0,0
2021-07-03 14:13:15,10,0,0,10
2021-07-03 14:13:16,1,0,0,1
2021-07-03 14:13:18,7,0,2,9
2021-07-03 14:13:19,5,0,1,6
2021-07-03 14:13:20,9,0,1,10
2021-07-03 14:13:22,3,0,1,4
2021-07-03 14:13:23,6,0,1,7
2021-07-03 14:13:25,5,0,1,6
2021-07-03 14:13:26,0,0,0,0
2021-07-03 14:13:27,1,0,0,1
2021-07-03 14:13:28,0,0,0,0
2021-07-03 14:13:29,6,0,0,6
2021-07-03 14:13:30,2,0,0,2
2021-07-03 14:13:31,0,0,0,0
2021-07-03 14:13:34,13,0,0,13
2021-07-03 14:13:36,1,0,0,1
2021-07-03 14:13:37,1,0,0,1
2021-07-03 14:13:38,1,0,0,1
2021-07-03 14:13:39,7,0,4,11
2021-07-03 14:13:40,2,0,1,3
2021-07-03 14:13:41,0,0,0,0
2021-07-03 14:13:42,14,1,5,20
2021-07-03 14:13:43,1,1,0,2
2021-07-03 14:13:44,13,0,3,16
2021-07-03 14:13:45,16,0,4,20
2021-07-03 14:13:47,0,0,0,0
2021-07-03 14:13:48,0,0,0,0
2021-07-03 14:13:49,0,0,0,0
2021-07-03 14:13:50,3,0,0,3
2021-07-03 14:13:51,5,0,2,7
2021-07-03 14:13:52,126,0,20,146
2021-07-03 14:13:53,280,6,29,315
2021-07-03 14:13:54,0,0,0,0
2021-07-03 14:13:55,11,0,5,16
2021-07-03 14:13:56,0,0,0,0
2021-07-03 14:13:57,2,0,0,2
2021-07-03 14:13:58,9,0,4,13
2021-07-03 14:14:00,6,0,1,7
2021-07-03 14:14:02,3,1,0,4
2021-07-03 14:14:04,1,0,0,1
2021-07-03 14:14:06,4,0,1,5
2021-07-03 14:14:07,1,0,1,2
2021-07-03 14:14:08,26,3,10,39
2021-07-03 14:14:09,2,0,0,2
2021-07-03 14:14:11,0,0,0,0
2021-07-03 14:14:12,10,1,1,12
2021-07-03 14:14:13,3,0,1,4
2021-07-03 14:14:14,20,0,12,32
2021-07-03 14:14:15,3,0,1,4
2021-07-03 14:14:16,15,0,2,17
2021-07-03 14:14:18,235,1,27,263
2021-07-03 14:14:19,4,0,2,6
2021-07-03 14:14:20,66,3,8,77
2021-07-03 14:14:22,28,0,4,32
2021-07-03 14:14:23,0,0,0,0
2021-07-03 14:14:24,11,1,2,14
2021-07-03 14:14:26,2,0,1,3
2021-07-03 14:14:28,0,0,0,0
2021-07-03 14:14:30,1,0,0,1
2021-07-03 14:14:31,2,0,0,2
2021-07-03 14:14:32,2,0,0,2
2021-07-03 14:14:33,0,0,0,0
2021-07-03 14:14:34,3,0,0,3
2021-07-03 14:14:35,45,1,0,46
2021-07-03 14:14:37,0,0,0,0
2021-07-03 14:14:38,500,6,45,551
2021-07-03 14:14:40,1,0,0,1
2021-07-03 14:14:41,58,2,21,81
2021-07-03 14:14:42,10,0,2,12
2021-07-03 14:14:43,0,0,0,0
2021-07-03 14:14:44,1,0,1,2
2021-07-03 14:14:46,120,2,84,206
2021-07-03 14:14:47,0,0,0,0
2021-07-03 14:14:48,0,0,0,0
2021-07-03 14:14:49,8,0,8,16
2021-07-03 14:14:50,5,1,0,6
2021-07-03 14:14:51,0,0,0,0
2021-07-03 14:14:52,2,0,0,2
2021-07-03 14:14:53,8,0,0,8
2021-07-03 14:14:54,574,0,30,604
2021-07-03 14:14:55,0,0,0,0
2021-07-03 14:14:56,58,1,8,67
2021-07-03 14:14:57,0,0,0,0
2021-07-03 14:14:59,8,0,2,10
2021-07-03 14:15:00,62,2,19,83
2021-07-03 14:15:02,1,0,0,1
2021-07-03 14:15:03,8,0,2,10
2021-07-03 14:15:06,15,1,3,19
2021-07-03 14:15:07,0,0,0,0
2021-07-03 14:15:08,2,0,1,3
2021-07-03 14:15:10,3,0,0,3
2021-07-03 14:15:12,15,1,7,23
2021-07-03 14:15:13,11,0,1,12
2021-07-03 14:15:14,3,0,0,3
2021-07-03 14:15:15,3,0,0,3
2021-07-03 14:15:16,14,1,2,17
2021-07-03 14:15:17,0,0,1,1
2021-07-03 14:15:18,3,0,0,3
2021-07-03 14:15:19,22,0,2,24
2021-07-03 14:15:20,4,0,2,6
2021-07-03 14:15:21,2,0,0,2
2021-07-03 14:15:22,2,0,0,2
2021-07-03 14:15:23,1,0,0,1
2021-07-03 14:15:24,200,4,28,232
2021-07-03 14:15:25,28,1,7,36
2021-07-03 14:15:26,0,0,0,0
2021-07-03 14:15:28,1,0,0,1
2021-07-03 14:15:29,1,0,0,1
2021-07-03 14:15:31,1,0,1,2
2021-07-03 14:15:32,1,0,1,2
2021-07-03 14:15:33,1,0,1,2
2021-07-03 14:15:35,2,0,0,2
2021-07-03 14:15:36,9,0,5,14
2021-07-03 14:15:37,15,1,3,19
2021-07-03 14:15:38,4,0,3,7
2021-07-03 14:15:43,3,0,1,4
2021-07-03 14:15:44,0,0,0,0
2021-07-03 14:15:45,0,0,0,0
2021-07-03 14:15:48,0,0,0,0
2021-07-03 14:15:50,1,0,0,1
2021-07-03 14:15:53,1,0,0,1
2021-07-03 14:15:58,3,0,0,3
2021-07-03 14:16:00,2,0,0,2
2021-07-03 14:16:01,0,0,0,0
2021-07-03 14:16:02,4,0,0,4
2021-07-03 14:16:04,9,0,2,11
2021-07-03 14:16:05,0,0,0,0
2021-07-03 14:16:06,1,0,0,1
2021-07-03 14:16:07,5,0,2,7
2021-07-03 14:16:08,7,0,2,9
2021-07-03 14:16:09,0,0,0,0
2021-07-03 14:16:10,1,0,0,1
2021-07-03 14:16:11,2,0,2,4
2021-07-03 14:16:12,4,0,2,6
2021-07-03 14:16:13,4,0,0,4
2021-07-03 14:16:15,11,1,3,15
2021-07-03 14:16:16,3308,216,925,4449
2021-07-03 14:16:17,2,0,0,2
2021-07-03 14:16:18,1,0,0,1
2021-07-03 14:16:19,0,0,0,0
2021-07-03 14:16:20,5,1,0,6
2021-07-03 14:16:21,0,0,1,1
2021-07-03 14:16:23,1,0,0,1
2021-07-03 14:16:24,29,1,27,57
2021-07-03 14:16:26,20,0,5,25
2021-07-03 14:16:28,2,0,0,2
2021-07-03 14:16:29,1,0,0,1
2021-07-03 14:16:30,1,0,0,1
2021-07-03 14:16:31,0,0,1,1
2021-07-03 14:16:33,1,0,0,1
2021-07-03 14:16:34,2,0,0,2
2021-07-03 14:16:35,3,0,0,3
2021-07-03 14:16:36,0,0,0,0
2021-07-03 14:16:40,2,0,0,2
2021-07-03 14:16:41,1,1,0,2
2021-07-03 14:16:42,1,0,0,1
2021-07-03 14:16:43,0,0,1,1
2021-07-03 14:16:44,5,1,0,6
2021-07-03 14:16:47,0,0,0,0
2021-07-03 14:16:48,14,1,2,17
2021-07-03 14:16:49,0,0,0,0
2021-07-03 14:16:50,8,1,0,9
2021-07-03 14:16:51,9,0,2,11
2021-07-03 14:16:55,0,0,0,0
2021-07-03 14:16:56,0,0,0,0
2021-07-03 14:16:57,48,0,10,58
2021-07-03 14:16:58,3,0,1,4
2021-07-03 14:16:59,10,2,1,13
2021-07-03 14:17:00,1,0,0,1
2021-07-03 14:17:01,0,0,0,0
2021-07-03 14:17:02,2,0,0,2
2021-07-03 14:17:04,2,0,1,3
2021-07-03 14:17:05,72,2,37,111
2021-07-03 14:17:07,1,0,1,2
2021-07-03 14:17:08,0,0,0,0
2021-07-03 14:17:10,0,0,0,0
2021-07-03 14:17:11,0,0,0,0
2021-07-03 14:17:12,1,0,1,2
2021-07-03 14:17:13,3,0,0,3
2021-07-03 14:17:14,7,0,0,7
2021-07-03 14:17:15,0,0,0,0
2021-07-03 14:17:17,2,0,0,2
2021-07-03 14:17:19,4,0,1,5
2021-07-03 14:17:20,4058,96,660,4814
2021-07-03 14:17:22,24,1,6,31
2021-07-03 14:17:23,5,0,1,6
2021-07-03 14:17:24,0,0,0,0
2021-07-03 14:17:26,0,0,0,0
2021-07-03 14:17:28,2,0,1,3
2021-07-03 14:17:30,88,3,14,105
2021-07-03 14:17:31,1,0,1,2
2021-07-03 14:17:32,0,0,0,0
2021-07-03 14:17:33,0,0,0,0
2021-07-03 14:17:34,0,0,2,2
2021-07-03 14:17:35,0,0,0,0
2021-07-03 14:17:36,0,0,0,0
2021-07-03 14:17:37,0,0,0,0
2021-07-03 14:17:38,6,0,0,6
2021-07-03 14:17:39,0,0,0,0
2021-07-03 14:17:40,8,0,0,8
2021-07-03 14:17:41,0,0,0,0
2021-07-03 14:17:42,4,0,0,4
2021-07-03 14:17:43,6,0,3,9
2021-07-03 14:17:44,5,0,3,8
2021-07-03 14:17:48,371,6,79,456
2021-07-03 14:17:49,0,0,0,0
2021-07-03 14:17:50,55,1,21,77
2021-07-03 14:17:52,0,0,0,0
2021-07-03 14:17:54,0,0,0,0
2021-07-03 14:17:55,0,0,3,3
2021-07-03 14:17:56,1,0,2,3
2021-07-03 14:17:58,63,1,12,76
2021-07-03 14:18:00,0,0,0,0
2021-07-03 14:18:01,0,0,1,1
2021-07-03 14:18:04,1,0,2,3
2021-07-03 14:18:05,0,0,3,3
2021-07-03 14:18:06,0,0,1,1
2021-07-03 14:18:07,3,0,1,4
2021-07-03 14:18:08,2,1,3,6
2021-07-03 14:18:10,0,0,2,2
2021-07-03 14:18:11,1,1,1,3
2021-07-03 14:18:12,23,0,5,28
2021-07-03 14:18:13,49,1,8,58
2021-07-03 14:18:14,5,0,4,9
2021-07-03 14:18:15,10,0,1,11
2021-07-03 14:18:19,55,1,14,70
2021-07-03 14:18:21,2,0,2,4
2021-07-03 14:18:22,1,0,2,3
2021-07-03 14:18:23,4,1,2,7
2021-07-03 14:18:25,2,0,2,4
2021-07-03 14:18:26,26,0,7,33
2021-07-03 14:18:32,3,0,2,5
2021-07-03 14:18:34,1,0,1,2
2021-07-03 14:18:35,1,0,1,2
2021-07-03 14:18:36,24,1,6,31
2021-07-03 14:18:37,2,0,2,4
2021-07-03 14:18:39,3,0,2,5
2021-07-03 14:18:40,2,0,2,4
2021-07-03 14:18:41,5,0,4,9
2021-07-03 14:18:42,6,0,4,10
2021-07-03 14:18:43,10,0,6,16
2021-07-03 14:18:44,1,0,1,2
2021-07-03 14:18:45,3,0,1,4
2021-07-03 14:18:46,1,0,1,2
2021-07-03 14:18:47,1,0,1,2
2021-07-03 14:18:49,3,0,2,5
2021-07-03 14:18:50,1,0,1,2
2021-07-03 14:18:52,3,1,0,4
2021-07-03 14:18:54,60,0,5,65
2021-07-03 14:18:55,4,1,1,6
2021-07-03 14:18:56,1,0,0,1
2021-07-03 14:18:57,40,1,9,50
2021-07-03 14:18:58,8,0,2,10
2021-07-03 14:18:59,1,1,0,2
2021-07-03 14:19:00,7,1,3,11
2021-07-03 14:19:01,5,3,0,8
2021-07-03 14:19:02,4411,87,560,5058
2021-07-03 14:19:03,16,1,1,18
2021-07-03 14:19:04,1,1,0,2
2021-07-03 14:19:06,1,0,0,1
2021-07-03 14:19:08,0,0,0,0
2021-07-03 14:19:10,1,0,1,2
2021-07-03 14:19:11,1,1,0,2
2021-07-03 14:19:12,7,1,0,8
2021-07-03 14:19:13,14,0,8,22
2021-07-03 14:19:14,1,0,0,1
2021-07-03 14:19:15,2,0,0,2
2021-07-03 14:19:16,2,0,0,2
2021-07-03 14:19:17,146,10,16,172
2021-07-03 14:19:19,3,0,0,3
2021-07-03 14:19:20,0,0,0,0
2021-07-03 14:19:21,1,0,0,1
2021-07-03 14:19:22,2,0,0,2
2021-07-03 14:19:24,0,0,0,0
2021-07-03 14:19:26,1,0,0,1
2021-07-03 14:19:27,3,0,0,3
2021-07-03 14:19:28,5,0,1,6
2021-07-03 14:19:29,1,0,0,1
2021-07-03 14:19:31,1,0,0,1
2021-07-03 14:19:32,103,6,9,118
2021-07-03 14:19:33,0,0,0,0
2021-07-03 14:19:34,10,1,5,16
2021-07-03 14:19:35,2490,84,199,2773
2021-07-03 14:19:36,29,2,7,38
2021-07-03 14:19:37,71,3,9,83
2021-07-03 14:19:38,3,0,0,3
2021-07-03 14:19:39,0,0,0,0
2021-07-03 14:19:41,2,1,0,3
2021-07-03 14:19:42,0,0,0,0
2021-07-03 14:19:43,0,0,0,0
2021-07-03 14:19:44,2,0,0,2
2021-07-03 14:19:46,6,3,0,9
2021-07-03 14:19:47,3,0,0,3
2021-07-03 14:19:50,34,20,12,66
2021-07-03 14:19:51,0,0,0,0
2021-07-03 14:19:52,0,0,0,0
2021-07-03 14:19:53,0,0,0,0
2021-07-03 14:19:55,2,0,1,3
2021-07-03 14:19:57,0,0,0,0
2021-07-03 14:19:58,9,1,1,11
2021-07-03 14:19:59,0,0,0,0
2021-07-03 14:20:00,587,13,117,717
2021-07-03 14:20:01,2,0,0,2
2021-07-03 14:20:03,0,0,0,0
2021-07-03 14:20:05,9,0,9,18
2021-07-03 14:20:06,26,1,4,31
2021-07-03 14:20:07,0,0,0,0
2021-07-03 14:20:08,0,0,0,0
2021-07-03 14:20:09,2,0,0,2
2021-07-03 14:20:12,72,4,62,138
2021-07-03 14:20:13,3,0,2,5
2021-07-03 14:20:14,0,0,1,1
2021-07-03 14:20:15,8,1,1,10
2021-07-03 14:20:16,1,0,0,1
2021-07-03 14:20:17,1,1,0,2
2021-07-03 14:20:18,9,1,0,10
2021-07-03 14:20:20,0,0,0,0
2021-07-03 14:20:21,2,0,0,2
2021-07-03 14:20:25,17,1,4,22
2021-07-03 14:20:26,0,0,0,0
2021-07-03 14:20:27,2,1,1,4
2021-07-03 14:20:28,40,2,0,42
2021-07-03 14:20:31,6,1,0,7
2021-07-03 14:20:32,0,1,0,1
2021-07-03 14:20:33,1,1,0,2
2021-07-03 14:20:34,1,1,0,2
2021-07-03 14:20:35,1,2,0,3
2021-07-03 14:20:36,6,1,2,9
2021-07-03 14:20:37,1,0,0,1
2021-07-03 14:20:38,0,0,0,0
2021-07-03 14:20:40,0,0,0,0
2021-07-03 14:20:41,41,3,11,55
2021-07-03 14:20:42,0,0,0,0
2021-07-03 14:20:43,1,0,0,1
2021-07-03 14:20:44,0,0,0,0
2021-07-03 14:20:45,5,1,0,6
2021-07-03 14:20:46,0,0,0,0
2021-07-03 14:20:47,3,1,1,5
2021-07-03 14:20:48,7,0,1,8
2021-07-03 14:20:49,0,0,0,0
2021-07-03 14:20:50,0,0,0,0
2021-07-03 14:20:53,13,2,4,19
2021-07-03 14:20:55,1,0,1,2
2021-07-03 14:20:56,22,1,8,31
2021-07-03 14:20:57,0,0,0,0
2021-07-03 14:20:58,7,0,4,11
2021-07-03 14:20:59,0,0,0,0
2021-07-03 14:21:00,3,0,2,5
2021-07-03 14:21:01,22,0,1,23
2021-07-03 14:21:02,4,0,4,8
2021-07-03 14:21:03,1,0,0,1
2021-07-03 14:21:05,3744,58,648,4450
2021-07-03 14:21:06,43,0,17,60
2021-07-03 14:21:07,71,1,10,82
2021-07-03 14:21:08,0,0,0,0
2021-07-03 14:21:09,12,0,0,12
2021-07-03 14:21:11,1,0,0,1
2021-07-03 14:21:12,8,0,1,9
2021-07-03 14:21:13,4,0,0,4
2021-07-03 14:21:14,19,1,11,31
2021-07-03 14:21:15,3,0,0,3
2021-07-03 14:21:16,11,0,5,16
2021-07-03 14:21:18,18,0,0,18
2021-07-03 14:21:19,1,0,0,1
2021-07-03 14:21:20,3,0,1,4
2021-07-03 14:21:22,0,0,0,0
2021-07-03 14:21:23,8,0,0,8
2021-07-03 14:21:26,0,0,0,0
2021-07-03 14:21:27,11,0,2,13
2021-07-03 14:21:28,0,0,1,1
2021-07-03 14:21:30,0,0,0,0
2021-07-03 14:21:31,0,0,0,0
2021-07-03 14:21:32,22,1,4,27
2021-07-03 14:21:33,21,2,4,27
2021-07-03 14:21:34,2,0,1,3
2021-07-03 14:21:35,2,1,0,3
2021-07-03 14:21:37,1,0,1,2
2021-07-03 14:21:38,34,1,0,35
2021-07-03 14:21:39,10,0,0,10
2021-07-03 14:21:40,4,0,1,5
2021-07-03 14:21:41,6,0,1,7
2021-07-03 14:21:43,42,5,15,62
2021-07-03 14:21:44,0,0,1,1
2021-07-03 14:21:45,0,0,0,0
2021-07-03 14:21:46,15,1,1,17
2021-07-03 14:21:48,0,0,0,0
2021-07-03 14:21:49,0,0,0,0
2021-07-03 14:21:50,1,0,0,1
2021-07-03 14:21:51,2,0,0,2
2021-07-03 14:21:52,1,0,0,1
2021-07-03 14:21:54,10,1,0,11
2021-07-03 14:21:55,0,0,0,0
2021-07-03 14:21:56,24,2,7,33
2021-07-03 14:21:57,83,0,7,90
2021-07-03 14:21:58,0,0,0,0
2021-07-03 14:21:59,8,1,0,9
2021-07-03 14:22:00,0,0,1,1
2021-07-03 14:22:01,0,0,1,1
2021-07-03 14:22:02,1,0,0,1
2021-07-03 14:22:03,50,2,11,63
2021-07-03 14:22:04,0,0,1,1
2021-07-03 14:22:05,0,0,0,0
2021-07-03 14:22:06,1,0,1,2
2021-07-03 14:22:07,1,0,0,1
2021-07-03 14:22:08,0,0,0,0
2021-07-03 14:22:09,0,0,0,0
2021-07-03 14:22:10,6,0,1,7
2021-07-03 14:22:12,32,0,6,38
2021-07-03 14:22:13,0,0,0,0
2021-07-03 14:22:14,1,0,1,2
2021-07-03 14:22:15,0,1,0,1
2021-07-03 14:22:16,0,0,0,0
2021-07-03 14:22:17,1,0,0,1
2021-07-03 14:22:19,1,0,1,2
2021-07-03 14:22:20,3,0,0,3
2021-07-03 14:22:21,0,0,0,0
2021-07-03 14:22:23,23,1,8,32
2021-07-03 14:22:25,2,0,1,3
2021-07-03 14:22:26,0,0,0,0
2021-07-03 14:22:27,0,0,0,0
2021-07-03 14:22:28,0,0,0,0
2021-07-03 14:22:29,0,0,0,0
2021-07-03 14:22:30,0,0,0,0
2021-07-03 14:22:31,65,9,22,96
2021-07-03 14:22:32,0,0,0,0
2021-07-03 14:22:33,5,0,3,8
2021-07-03 14:22:34,0,0,0,0
2021-07-03 14:22:35,0,0,0,0
2021-07-03 14:22:36,2,0,0,2
2021-07-03 14:22:38,0,0,0,0
2021-07-03 14:22:40,2,0,0,2
2021-07-03 14:22:41,28,0,11,39
2021-07-03 14:22:42,0,0,0,0
2021-07-03 14:22:43,0,0,0,0
2021-07-03 14:22:44,0,0,0,0
2021-07-03 14:22:45,0,0,0,0
2021-07-03 14:22:46,0,0,0,0
2021-07-03 14:22:47,310,14,52,376
2021-07-03 14:22:48,0,0,0,0
2021-07-03 14:22:49,0,0,0,0
2021-07-03 14:22:50,19,3,7,29
2021-07-03 14:22:51,0,0,0,0
2021-07-03 14:22:53,5,0,3,8
2021-07-03 14:22:54,1,2,3,6
2021-07-03 14:22:56,5,1,2,8
2021-07-03 14:22:58,7,0,2,9
2021-07-03 14:22:59,0,0,0,0
2021-07-03 14:23:00,5,0,2,7
2021-07-03 14:23:01,0,0,0,0
2021-07-03 14:23:02,99,4,34,137
2021-07-03 14:23:03,70,5,3,78
2021-07-03 14:23:04,0,0,0,0
2021-07-03 14:23:05,12,1,5,18
2021-07-03 14:23:07,13,0,7,20
2021-07-03 14:23:08,2,0,1,3
2021-07-03 14:23:09,23,3,3,29
2021-07-03 14:23:10,0,0,1,1
2021-07-03 14:23:11,4874,82,732,5688
2021-07-03 14:23:12,1,0,0,1
2021-07-03 14:23:13,0,0,0,0
2021-07-03 14:23:16,145,2,21,168
2021-07-03 14:23:17,0,0,0,0
2021-07-03 14:23:18,175,11,47,233
2021-07-03 14:23:20,0,0,0,0
2021-07-03 14:23:21,2,0,0,2
2021-07-03 14:23:22,0,0,0,0
2021-07-03 14:23:23,1,0,0,1
2021-07-03 14:23:24,12,0,5,17
2021-07-03 14:23:28,0,0,0,0
2021-07-03 14:23:29,2,0,0,2
2021-07-03 14:23:30,2,1,0,3
2021-07-03 14:23:31,1,0,0,1
2021-07-03 14:23:32,1,0,0,1
2021-07-03 14:23:33,3,0,0,3
2021-07-03 14:23:35,0,0,0,0
2021-07-03 14:23:36,5,0,0,5
2021-07-03 14:23:37,1,0,0,1
2021-07-03 14:23:38,0,0,0,0
2021-07-03 14:23:39,63,0,5,68
2021-07-03 14:23:40,5,1,0,6
2021-07-03 14:23:41,1,0,1,2
2021-07-03 14:23:43,21,9,0,30
2021-07-03 14:23:45,6,0,1,7
2021-07-03 14:23:46,7,0,2,9
2021-07-03 14:23:48,5,0,1,6
2021-07-03 14:23:49,3,0,1,4
2021-07-03 14:23:50,528,8,80,616
2021-07-03 14:23:51,6,0,0,6
2021-07-03 14:23:52,1,0,0,1
2021-07-03 14:23:53,1,0,0,1
2021-07-03 14:23:54,104,12,3,119
2021-07-03 14:23:55,1,0,0,1
2021-07-03 14:23:56,2,0,1,3
2021-07-03 14:23:57,10,1,1,12
2021-07-03 14:23:58,1,0,0,1
2021-07-03 14:24:00,11,0,1,12
2021-07-03 14:24:01,7,0,1,8
2021-07-03 14:24:02,42,1,10,53
2021-07-03 14:24:03,0,0,0,0
2021-07-03 14:24:04,2,0,1,3
2021-07-03 14:24:05,41,1,7,49
2021-07-03 14:24:06,1,0,0,1
2021-07-03 14:24:08,6,1,0,7
2021-07-03 14:24:09,68,2,8,78
2021-07-03 14:24:10,11,0,3,14
2021-07-03 14:24:11,3,0,0,3
2021-07-03 14:24:12,4,0,1,5
2021-07-03 14:24:13,2,0,0,2
2021-07-03 14:24:14,8,1,0,9
2021-07-03 14:24:16,1,0,0,1
2021-07-03 14:24:17,5,0,1,6
2021-07-03 14:24:18,4,0,0,4
2021-07-03 14:24:19,2,0,0,2
2021-07-03 14:24:20,1,0,0,1
2021-07-03 14:24:21,1,0,0,1
2021-07-03 14:24:23,4,0,0,4
2021-07-03 14:24:24,2,0,0,2
2021-07-03 14:24:26,1,0,0,1
2021-07-03 14:24:27,1,0,0,1
2021-07-03 14:24:28,6,0,0,6
2021-07-03 14:24:29,1,0,0,1
2021-07-03 14:24:30,242,9,49,300
2021-07-03 14:24:31,428,23,60,511
2021-07-03 14:24:32,21,2,9,32
2021-07-03 14:24:33,4,0,2,6
2021-07-03 14:24:35,5,0,0,5
2021-07-03 14:24:36,3,1,2,6
2021-07-03 14:24:37,3,0,0,3
2021-07-03 14:24:38,18,0,0,18
2021-07-03 14:24:39,0,0,0,0
2021-07-03 14:24:41,1,0,0,1
2021-07-03 14:24:43,4,0,2,6
2021-07-03 14:24:44,0,0,1,1
2021-07-03 14:24:45,1,0,1,2
2021-07-03 14:24:46,1,0,3,4
2021-07-03 14:24:49,0,0,1,1
2021-07-03 14:24:52,55,0,16,71
2021-07-03 14:24:53,0,0,2,2
2021-07-03 14:24:54,51,2,10,63
2021-07-03 14:24:56,2,0,8,10
2021-07-03 14:24:57,1,0,2,3
2021-07-03 14:25:00,0,0,2,2
2021-07-03 14:25:01,3,0,2,5
2021-07-03 14:25:04,3,0,3,6
2021-07-03 14:25:06,10,0,7,17
2021-07-03 14:25:07,0,0,1,1
2021-07-03 14:25:08,232,69,31,332
2021-07-03 14:25:09,7,0,5,12
2021-07-03 14:25:10,1,0,2,3
2021-07-03 14:25:11,0,0,1,1
2021-07-03 14:25:12,1,0,0,1
2021-07-03 14:25:13,4,0,1,5
2021-07-03 14:25:14,0,0,0,0
2021-07-03 14:25:15,9,0,1,10
2021-07-03 14:25:16,1,1,0,2
2021-07-03 14:25:17,0,0,0,0
2021-07-03 14:25:18,21,0,3,24
2021-07-03 14:25:19,0,0,0,0
2021-07-03 14:25:20,19,2,2,23
2021-07-03 14:25:21,1,0,0,1
2021-07-03 14:25:22,0,0,0,0
2021-07-03 14:25:23,0,0,0,0
2021-07-03 14:25:25,0,0,0,0
2021-07-03 14:25:26,1,0,0,1
2021-07-03 14:25:27,0,0,0,0
2021-07-03 14:25:30,27,4,16,47
2021-07-03 14:25:31,54,1,13,68
2021-07-03 14:25:32,24,0,6,30
2021-07-03 14:25:33,469,11,138,618
2021-07-03 14:25:35,6,1,0,7
2021-07-03 14:25:36,12,1,3,16
2021-07-03 14:25:37,0,0,0,0
2021-07-03 14:25:38,1,0,0,1
2021-07-03 14:25:39,41,1,12,54
2021-07-03 14:25:40,0,0,0,0
2021-07-03 14:25:42,0,0,0,0
2021-07-03 14:25:43,16,0,0,16
2021-07-03 14:25:44,3,0,1,4
2021-07-03 14:25:45,4,0,0,4
2021-07-03 14:25:46,147,3,10,160
2021-07-03 14:25:47,2,0,2,4
2021-07-03 14:25:48,1,0,0,1
2021-07-03 14:25:49,2,0,0,2
2021-07-03 14:25:51,1,0,0,1
2021-07-03 14:25:52,12,0,7,19
2021-07-03 14:25:53,4,0,3,7
2021-07-03 14:25:54,0,0,0,0
2021-07-03 14:25:55,0,0,0,0
2021-07-03 14:25:57,7,0,1,8
2021-07-03 14:25:58,0,0,0,0
2021-07-03 14:25:59,2,0,0,2
2021-07-03 14:26:00,0,0,1,1
2021-07-03 14:26:01,8,0,0,8
2021-07-03 14:26:03,3,0,0,3
2021-07-03 14:26:05,0,1,0,1
2021-07-03 14:26:07,55,3,9,67
2021-07-03 14:26:08,2,0,0,2
2021-07-03 14:26:09,1,0,0,1
2021-07-03 14:26:10,1,0,0,1
2021-07-03 14:26:11,2,0,0,2
2021-07-03 14:26:12,15,0,9,24
2021-07-03 14:26:14,0,0,0,0
2021-07-03 14:26:15,0,0,0,0
2021-07-03 14:26:16,3,0,1,4
2021-07-03 14:26:17,3,0,1,4
2021-07-03 14:26:18,2,0,0,2
2021-07-03 14:26:19,49,2,13,64
2021-07-03 14:26:22,1,0,0,1
2021-07-03 14:26:23,1,0,0,1
2021-07-03 14:26:24,2,0,0,2
2021-07-03 14:26:25,10,0,3,13
2021-07-03 14:26:26,25,1,13,39
2021-07-03 14:26:27,0,0,0,0
2021-07-03 14:26:29,3,0,0,3
2021-07-03 14:26:30,2,0,1,3
2021-07-03 14:26:31,0,0,0,0
2021-07-03 14:26:32,1,0,0,1
2021-07-03 14:26:33,4,0,0,4
2021-07-03 14:26:34,0,0,0,0
2021-07-03 14:26:35,1,1,0,2
2021-07-03 14:26:36,0,0,0,0
2021-07-03 14:26:37,6,0,0,6
2021-07-03 14:26:38,0,1,0,1
2021-07-03 14:26:39,0,0,0,0
2021-07-03 14:26:41,9,1,0,10
2021-07-03 14:26:42,4,0,1,5
2021-07-03 14:26:43,2,0,0,2
2021-07-03 14:26:45,12,1,3,16
2021-07-03 14:26:47,2,0,1,3
2021-07-03 14:26:49,13,1,1,15
2021-07-03 14:26:52,6,2,4,12
2021-07-03 14:26:53,8,0,3,11
2021-07-03 14:26:54,1,0,0,1
2021-07-03 14:26:56,0,1,0,1
2021-07-03 14:26:57,0,0,0,0
2021-07-03 14:26:58,0,0,0,0
2021-07-03 14:26:59,59,4,15,78
2021-07-03 14:27:00,2,0,0,2
2021-07-03 14:27:01,0,0,0,0
2021-07-03 14:27:02,1,0,0,1
2021-07-03 14:27:03,8,1,0,9
2021-07-03 14:27:05,2,0,0,2
2021-07-03 14:27:06,4,0,2,6
2021-07-03 14:27:07,1,0,0,1
2021-07-03 14:27:09,0,0,0,0
2021-07-03 14:27:10,1,0,0,1
2021-07-03 14:27:11,1,0,0,1
2021-07-03 14:27:12,1,0,0,1
2021-07-03 14:27:14,33,3,2,38
2021-07-03 14:27:15,1,0,0,1
2021-07-03 14:27:16,8,0,1,9
2021-07-03 14:27:17,15,0,1,16
2021-07-03 14:27:18,7,0,0,7
2021-07-03 14:27:19,8,1,3,12
2021-07-03 14:27:20,6,0,2,8
2021-07-03 14:27:21,0,0,0,0
2021-07-03 14:27:22,40,3,15,58
2021-07-03 14:27:23,2,0,0,2
2021-07-03 14:27:24,74,0,2,76
2021-07-03 14:27:26,5,0,0,5
2021-07-03 14:27:27,47,2,16,65
2021-07-03 14:27:28,4532,76,616,5224
2021-07-03 14:27:29,32,4,4,40
2021-07-03 14:27:30,0,0,0,0
2021-07-03 14:27:31,5,1,3,9
2021-07-03 14:27:33,0,0,2,2
2021-07-03 14:27:35,0,0,0,0
2021-07-03 14:27:36,2,0,3,5
2021-07-03 14:27:37,0,0,0,0
2021-07-03 14:27:38,3,0,2,5
2021-07-03 14:27:40,1,0,1,2
2021-07-03 14:27:41,88,2,8,98
2021-07-03 14:27:45,2,0,0,2
2021-07-03 14:27:46,4,0,1,5
2021-07-03 14:27:47,3,0,0,3
2021-07-03 14:27:49,3,0,1,4
2021-07-03 14:27:50,2,0,1,3
2021-07-03 14:27:51,0,0,1,1
2021-07-03 14:27:52,0,0,0,0
2021-07-03 14:27:53,2,0,1,3
2021-07-03 14:27:54,2,0,0,2
2021-07-03 14:27:55,3,0,0,3
2021-07-03 14:27:56,5,0,1,6
2021-07-03 14:27:57,1,0,0,1
2021-07-03 14:27:58,6,0,1,7
2021-07-03 14:28:00,94,2,40,136
2021-07-03 14:28:01,3,0,2,5
2021-07-03 14:28:02,0,0,0,0
2021-07-03 14:28:04,0,1,0,1
2021-07-03 14:28:05,18,0,6,24
2021-07-03 14:28:06,42,0,4,46
2021-07-03 14:28:07,0,0,0,0
2021-07-03 14:28:08,10,1,3,14
2021-07-03 14:28:09,1,0,0,1
2021-07-03 14:28:11,0,0,0,0
2021-07-03 14:28:12,0,0,0,0
2021-07-03 14:28:13,0,0,0,0
2021-07-03 14:28:14,0,0,0,0
2021-07-03 14:28:15,1,0,0,1
2021-07-03 14:28:16,0,0,0,0
2021-07-03 14:28:17,40,0,0,40
2021-07-03 14:28:19,2,0,0,2
2021-07-03 14:28:20,28,1,7,36
2021-07-03 14:28:21,21,2,1,24
2021-07-03 14:28:22,1,0,0,1
2021-07-03 14:28:23,0,0,0,0
2021-07-03 14:28:24,2,0,0,2
2021-07-03 14:28:25,0,0,0,0
2021-07-03 14:28:26,0,0,0,0
2021-07-03 14:28:29,1,0,0,1
2021-07-03 14:28:30,0,0,0,0
2021-07-03 14:28:31,2,0,1,3
2021-07-03 14:28:32,17,0,6,23
2021-07-03 14:28:33,4,0,0,4
2021-07-03 14:28:35,6,0,1,7
2021-07-03 14:28:36,0,0,0,0
2021-07-03 14:28:37,0,0,0,0
2021-07-03 14:28:38,1,0,0,1
2021-07-03 14:28:40,3,0,0,3
2021-07-03 14:28:41,290,5,67,362
2021-07-03 14:28:42,35,1,14,50
2021-07-03 14:28:44,45,3,14,62
2021-07-03 14:28:45,10306,158,1370,11834
2021-07-03 14:28:47,106,20,42,168
2021-07-03 14:28:48,2,0,0,2
2021-07-03 14:28:49,0,0,0,0
2021-07-03 14:28:52,0,0,0,0
2021-07-03 14:28:53,118,2,25,145
2021-07-03 14:28:54,1,0,1,2
2021-07-03 14:28:55,1,1,0,2
2021-07-03 14:28:57,2,0,0,2
2021-07-03 14:28:58,4,0,0,4
2021-07-03 14:28:59,34,3,17,54
2021-07-03 14:29:00,4,0,2,6
2021-07-03 14:29:01,0,0,0,0
2021-07-03 14:29:02,0,0,0,0
2021-07-03 14:29:04,0,0,0,0
2021-07-03 14:29:05,0,0,0,0
2021-07-03 14:29:06,0,0,0,0
2021-07-03 14:29:07,5,2,0,7
2021-07-03 14:29:08,8,1,3,12
2021-07-03 14:29:09,1,0,2,3
2021-07-03 14:29:10,9,0,2,11
2021-07-03 14:29:12,1,0,2,3
2021-07-03 14:29:14,1,0,1,2
2021-07-03 14:29:15,4,0,2,6
2021-07-03 14:29:16,153,2,16,171
2021-07-03 14:29:17,1,0,0,1
2021-07-03 14:29:19,2,0,0,2
2021-07-03 14:29:20,2,0,0,2
2021-07-03 14:29:21,11,0,1,12
2021-07-03 14:29:22,11,0,1,12
2021-07-03 14:29:23,7,0,0,7
2021-07-03 14:29:24,1,1,0,2
2021-07-03 14:29:25,2,0,0,2
2021-07-03 14:29:27,5,0,0,5
2021-07-03 14:29:28,379,0,15,394
2021-07-03 14:29:29,5,1,0,6
2021-07-03 14:29:30,5,0,0,5
2021-07-03 14:29:31,9,0,1,10
2021-07-03 14:29:32,11,0,2,13
2021-07-03 14:29:33,3,0,0,3
2021-07-03 14:29:35,3,0,0,3
2021-07-03 14:29:36,1,0,0,1
2021-07-03 14:29:38,2,0,1,3
2021-07-03 14:29:39,4,0,1,5
2021-07-03 14:29:41,814,9,86,909
2021-07-03 14:29:43,8,0,3,11
2021-07-03 14:29:45,7,0,2,9
2021-07-03 14:29:46,4,1,1,6
2021-07-03 14:29:47,15,0,8,23
2021-07-03 14:29:48,2,0,0,2
2021-07-03 14:29:49,4,0,2,6
2021-07-03 14:29:50,1,0,0,1
2021-07-03 14:29:51,8,0,0,8
2021-07-03 14:29:53,24,0,4,28
2021-07-03 14:29:54,1,0,0,1
2021-07-03 14:29:55,3,0,0,3
2021-07-03 14:29:56,3,0,0,3
2021-07-03 14:29:57,1,0,0,1
2021-07-03 14:29:58,0,1,0,1
2021-07-03 14:29:59,0,0,0,0
2021-07-03 14:30:00,2067,27,305,2399
2021-07-03 14:30:01,2,0,0,2
2021-07-03 14:30:02,2,0,0,2
2021-07-03 14:30:03,1,0,0,1
2021-07-03 14:30:04,1,0,1,2
2021-07-03 14:30:06,2,0,0,2
2021-07-03 14:30:07,15,0,1,16
2021-07-03 14:30:09,1,0,0,1
2021-07-03 14:30:10,6,1,1,8
2021-07-03 14:30:11,0,0,0,0
2021-07-03 14:30:12,0,0,0,0
2021-07-03 14:30:13,34,2,11,47
2021-07-03 14:30:14,1,0,0,1
2021-07-03 14:30:15,4,0,1,5
2021-07-03 14:30:16,1,0,0,1
2021-07-03 14:30:18,672,17,209,898
2021-07-03 14:30:21,0,0,0,0
2021-07-03 14:30:22,2,0,0,2
2021-07-03 14:30:23,0,0,0,0
2021-07-03 14:30:24,1215,38,48,1301
2021-07-03 14:30:25,0,0,0,0
2021-07-03 14:30:26,0,0,0,0
2021-07-03 14:30:27,8,0,0,8
2021-07-03 14:30:29,0,1,0,1
2021-07-03 14:30:30,0,0,0,0
2021-07-03 14:30:31,0,0,0,0
2021-07-03 14:30:32,9,1,0,10
2021-07-03 14:30:33,1,0,0,1
2021-07-03 14:30:35,2,0,0,2
2021-07-03 14:30:36,8,0,4,12
2021-07-03 14:30:37,2,0,1,3
2021-07-03 14:30:38,10,1,3,14
2021-07-03 14:30:39,4,1,0,5
2021-07-03 14:30:40,3,0,3,6
2021-07-03 14:30:41,3,0,0,3
2021-07-03 14:30:42,1,0,0,1
2021-07-03 14:30:43,1,0,0,1
2021-07-03 14:30:45,9,1,2,12
2021-07-03 14:30:47,4,0,1,5
2021-07-03 14:30:48,2,0,0,2
2021-07-03 14:30:49,48,1,0,49
2021-07-03 14:30:50,3,0,0,3
2021-07-03 14:30:51,4,0,0,4
2021-07-03 14:30:52,47,1,15,63
2021-07-03 14:30:53,1,0,1,2
2021-07-03 14:30:54,0,0,0,0
2021-07-03 14:30:55,1,0,0,1
2021-07-03 14:30:56,293,13,36,342
2021-07-03 14:30:57,0,0,0,0
2021-07-03 14:30:58,1,0,0,1
2021-07-03 14:30:59,29,4,5,38
2021-07-03 14:31:00,0,0,0,0
2021-07-03 14:31:01,1,0,0,1
2021-07-03 14:31:02,9,1,4,14
2021-07-03 14:31:03,36,3,3,42
2021-07-03 14:31:05,9,1,3,13
2021-07-03 14:31:06,12,1,8,21
2021-07-03 14:31:07,7,2,0,9
2021-07-03 14:31:08,2,1,1,4
2021-07-03 14:31:09,0,0,0,0
2021-07-03 14:31:10,46,2,8,56
2021-07-03 14:31:11,0,1,0,1
2021-07-03 14:31:14,1,0,0,1
2021-07-03 14:31:15,0,0,0,0
2021-07-03 14:31:16,5,0,0,5
2021-07-03 14:31:17,1,0,0,1
2021-07-03 14:31:18,0,0,0,0
2021-07-03 14:31:19,365,0,72,437
2021-07-03 14:31:20,1,0,0,1
2021-07-03 14:31:21,0,0,0,0
2021-07-03 14:31:22,1,0,0,1
2021-07-03 14:31:24,0,0,0,0
2021-07-03 14:31:25,0,0,0,0
2021-07-03 14:31:26,2,0,1,3
2021-07-03 14:31:28,4,0,1,5
2021-07-03 14:31:29,3,0,4,7
2021-07-03 14:31:30,1,0,1,2
2021-07-03 14:31:31,1,0,0,1
2021-07-03 14:31:33,2,0,0,2
2021-07-03 14:31:34,1,0,0,1
2021-07-03 14:31:35,0,0,0,0
2021-07-03 14:31:36,25,1,9,35
2021-07-03 14:31:37,1,0,0,1
2021-07-03 14:31:41,0,0,0,0
2021-07-03 14:31:42,2,0,0,2
2021-07-03 14:31:43,10,0,7,17
2021-07-03 14:31:45,17,0,8,25
2021-07-03 14:31:46,1,0,2,3
2021-07-03 14:31:47,0,0,1,1
2021-07-03 14:31:48,1,0,1,2
2021-07-03 14:31:49,0,0,1,1
2021-07-03 14:31:50,3,0,1,4
2021-07-03 14:31:51,0,0,2,2
2021-07-03 14:31:52,1,0,4,5
2021-07-03 14:31:53,0,0,2,2
2021-07-03 14:31:54,3,0,3,6
2021-07-03 14:31:55,0,0,1,1
2021-07-03 14:31:56,1,0,2,3
2021-07-03 14:31:58,1,0,1,2
2021-07-03 14:31:59,0,1,1,2
2021-07-03 14:32:00,6,1,2,9
2021-07-03 14:32:01,0,0,1,1
2021-07-03 14:32:02,2,0,2,4
2021-07-03 14:32:03,2,0,2,4
2021-07-03 14:32:04,879,17,124,1020
2021-07-03 14:32:05,905,19,214,1138
2021-07-03 14:32:06,9,0,4,13
2021-07-03 14:32:07,486,11,68,565
2021-07-03 14:32:09,66,6,22,94
2021-07-03 14:32:11,2,0,1,3
2021-07-03 14:32:12,2,0,0,2
2021-07-03 14:32:13,0,0,0,0
2021-07-03 14:32:14,0,0,1,1
2021-07-03 14:32:15,2,0,1,3
2021-07-03 14:32:16,0,0,0,0
2021-07-03 14:32:17,0,0,0,0
2021-07-03 14:32:20,0,0,1,1
2021-07-03 14:32:22,13,1,4,18
2021-07-03 14:32:24,4,0,2,6
2021-07-03 14:32:25,1,0,0,1
2021-07-03 14:32:26,0,0,0,0
2021-07-03 14:32:27,0,0,0,0
2021-07-03 14:32:28,0,0,0,0
2021-07-03 14:32:29,3,0,0,3
2021-07-03 14:32:30,0,0,0,0
2021-07-03 14:32:31,0,0,0,0
2021-07-03 14:32:32,0,0,0,0
2021-07-03 14:32:33,3,1,1,5
2021-07-03 14:32:34,5,0,1,6
2021-07-03 14:32:35,22,0,11,33
2021-07-03 14:32:37,4,0,1,5
2021-07-03 14:32:39,6,0,1,7
2021-07-03 14:32:40,0,0,1,1
2021-07-03 14:32:41,4,1,1,6
2021-07-03 14:32:42,0,0,0,0
2021-07-03 14:32:43,0,0,0,0
2021-07-03 14:32:44,58,5,15,78
2021-07-03 14:32:45,2,0,2,4
2021-07-03 14:32:46,7,0,0,7
2021-07-03 14:32:47,0,0,0,0
2021-07-03 14:32:48,1,0,1,2
2021-07-03 14:32:49,0,0,0,0
2021-07-03 14:32:50,0,0,0,0
2021-07-03 14:32:51,3,0,1,4
2021-07-03 14:32:53,0,0,0,0
2021-07-03 14:32:54,0,1,0,1
2021-07-03 14:32:55,2,0,1,3
2021-07-03 14:32:57,0,0,0,0
2021-07-03 14:32:58,2,0,0,2
2021-07-03 14:32:59,8,0,0,8
2021-07-03 14:33:01,1,0,0,1
2021-07-03 14:33:02,0,0,0,0
2021-07-03 14:33:03,7,0,1,8
2021-07-03 14:33:04,116,3,28,147
2021-07-03 14:33:05,1,0,0,1
2021-07-03 14:33:06,1,0,0,1
2021-07-03 14:33:07,2,0,0,2
2021-07-03 14:33:08,0,0,0,0
2021-07-03 14:33:09,1,0,0,1
2021-07-03 14:33:10,2,0,0,2
2021-07-03 14:33:12,1,0,0,1
2021-07-03 14:33:13,2,0,0,2
2021-07-03 14:33:16,2,1,0,3
2021-07-03 14:33:17,11,0,2,13
2021-07-03 14:33:18,0,0,0,0
2021-07-03 14:33:20,1,0,0,1
2021-07-03 14:33:21,0,0,0,0
2021-07-03 14:33:22,189,6,17,212
2021-07-03 14:33:23,0,0,0,0
2021-07-03 14:33:24,1,0,0,1
2021-07-03 14:33:25,41,1,12,54
2021-07-03 14:33:29,67,3,32,102
2021-07-03 14:33:30,0,0,0,0
2021-07-03 14:33:31,2,0,1,3
2021-07-03 14:33:33,1,0,0,1
2021-07-03 14:33:34,0,0,0,0
2021-07-03 14:33:35,1,0,0,1
2021-07-03 14:33:36,0,0,0,0
2021-07-03 14:33:37,3,0,2,5
2021-07-03 14:33:38,5,3,0,8
2021-07-03 14:33:39,2,0,1,3
2021-07-03 14:33:41,1,0,0,1
2021-07-03 14:33:43,0,0,0,0
2021-07-03 14:33:45,2698,105,402,3205
2021-07-03 14:33:46,6136,74,804,7014
2021-07-03 14:33:47,2,0,0,2
2021-07-03 14:33:48,0,0,0,0
2021-07-03 14:33:51,3,0,1,4
2021-07-03 14:33:52,74,2,15,91
2021-07-03 14:33:53,2,0,0,2
2021-07-03 14:33:54,1,0,0,1
2021-07-03 14:33:55,0,0,0,0
2021-07-03 14:33:56,2,0,1,3
2021-07-03 14:33:58,1,0,0,1
2021-07-03 14:33:59,1,0,0,1
2021-07-03 14:34:00,292,6,46,344
2021-07-03 14:34:01,0,0,0,0
2021-07-03 14:34:02,2,1,2,5
2021-07-03 14:34:03,1,0,0,1
2021-07-03 14:34:04,3,0,0,3
2021-07-03 14:34:05,49,0,5,54
2021-07-03 14:34:06,3,0,1,4
2021-07-03 14:34:07,1,0,0,1
2021-07-03 14:34:10,112,3,17,132
2021-07-03 14:34:11,4,0,1,5
2021-07-03 14:34:12,6,0,1,7
2021-07-03 14:34:13,3,0,1,4
2021-07-03 14:34:14,3,0,0,3
2021-07-03 14:34:15,1,0,0,1
2021-07-03 14:34:16,58,0,10,68
2021-07-03 14:34:18,58,0,1,59
2021-07-03 14:34:19,8,1,2,11
2021-07-03 14:34:20,0,0,0,0
2021-07-03 14:34:21,2,0,0,2
2021-07-03 14:34:22,0,2,0,2
2021-07-03 14:34:23,31,6,13,50
2021-07-03 14:34:24,0,0,0,0
2021-07-03 14:34:25,2,0,0,2
2021-07-03 14:34:26,11,1,2,14
2021-07-03 14:34:27,0,0,0,0
2021-07-03 14:34:28,0,0,0,0
2021-07-03 14:34:29,346,8,58,412
2021-07-03 14:34:30,1,0,1,2
2021-07-03 14:34:31,3,0,2,5
2021-07-03 14:34:32,0,0,0,0
2021-07-03 14:34:33,0,0,0,0
2021-07-03 14:34:34,0,0,0,0
2021-07-03 14:34:35,1906,102,369,2377
2021-07-03 14:34:36,0,0,0,0
2021-07-03 14:34:37,2,0,0,2
2021-07-03 14:34:38,9,0,3,12
2021-07-03 14:34:39,0,0,0,0
2021-07-03 14:34:40,2,0,0,2
2021-07-03 14:34:43,1,0,0,1
2021-07-03 14:34:44,2,0,1,3
2021-07-03 14:34:45,17,2,7,26
2021-07-03 14:34:46,0,0,0,0
2021-07-03 14:34:48,2,0,0,2
2021-07-03 14:34:49,25,3,6,34
2021-07-03 14:34:50,14,5,4,23
2021-07-03 14:34:51,4,0,0,4
2021-07-03 14:34:52,3,0,1,4
2021-07-03 14:34:53,0,0,0,0
2021-07-03 14:34:54,12,0,1,13
2021-07-03 14:34:55,2,0,1,3
2021-07-03 14:34:56,1,0,0,1
2021-07-03 14:34:58,82,0,12,94
2021-07-03 14:34:59,1,1,1,3
2021-07-03 14:35:00,141,7,30,178
2021-07-03 14:35:01,32,2,10,44
2021-07-03 14:35:02,0,0,0,0
2021-07-03 14:35:03,2,0,4,6
2021-07-03 14:35:04,7,1,2,10
2021-07-03 14:35:05,2,0,0,2
2021-07-03 14:35:08,0,0,0,0
2021-07-03 14:35:09,0,0,0,0
2021-07-03 14:35:10,34,2,28,64
2021-07-03 14:35:11,0,0,0,0
2021-07-03 14:35:12,248,9,35,292
2021-07-03 14:35:13,3,0,1,4
2021-07-03 14:35:14,1,0,1,2
2021-07-03 14:35:15,7,0,4,11
2021-07-03 14:35:16,3,0,3,6
2021-07-03 14:35:17,0,0,3,3
2021-07-03 14:35:18,2,1,1,4
2021-07-03 14:35:19,36,7,9,52
2021-07-03 14:35:20,252,2,36,290
2021-07-03 14:35:21,2,0,2,4
2021-07-03 14:35:22,1,0,2,3
2021-07-03 14:35:24,1,0,3,4
2021-07-03 14:35:26,2,0,2,4
2021-07-03 14:35:27,1,0,0,1
2021-07-03 14:35:28,1403,18,277,1698
2021-07-03 14:35:29,14,2,6,22
2021-07-03 14:35:33,0,0,0,0
2021-07-03 14:35:34,8,2,0,10
2021-07-03 14:35:36,4,0,1,5
2021-07-03 14:35:37,2,0,1,3
2021-07-03 14:35:38,0,0,0,0
2021-07-03 14:35:39,0,0,0,0
2021-07-03 14:35:40,3,0,1,4
2021-07-03 14:35:41,15,0,3,18
2021-07-03 14:35:42,0,0,0,0
2021-07-03 14:35:43,0,0,0,0
2021-07-03 14:35:44,0,0,0,0
2021-07-03 14:35:45,2,0,2,4
2021-07-03 14:35:47,0,0,0,0
2021-07-03 14:35:48,0,0,0,0
2021-07-03 14:35:49,2,1,0,3
2021-07-03 14:35:50,0,0,0,0
2021-07-03 14:35:51,14,0,6,20
2021-07-03 14:35:53,0,0,0,0
2021-07-03 14:35:54,0,0,0,0
2021-07-03 14:35:57,4,0,0,4
2021-07-03 14:35:58,2,0,2,4
2021-07-03 14:35:59,2,0,0,2
2021-07-03 14:36:00,0,0,0,0
2021-07-03 14:36:01,2,0,1,3
2021-07-03 14:36:02,2,0,0,2
2021-07-03 14:36:04,2,0,0,2
2021-07-03 14:36:06,0,0,0,0
2021-07-03 14:36:07,3,0,0,3
2021-07-03 14:36:08,0,0,0,0
2021-07-03 14:36:09,60,5,25,90
2021-07-03 14:36:10,0,0,0,0
2021-07-03 14:36:11,0,0,0,0
2021-07-03 14:36:12,26,8,9,43
2021-07-03 14:36:13,10,0,1,11
2021-07-03 14:36:14,3,0,3,6
2021-07-03 14:36:15,0,0,0,0
2021-07-03 14:36:16,1,0,0,1
2021-07-03 14:36:18,6,1,4,11
2021-07-03 14:36:19,7,0,1,8
2021-07-03 14:36:20,0,0,0,0
2021-07-03 14:36:22,1,0,0,1
2021-07-03 14:36:23,8,0,0,8
2021-07-03 14:36:24,2,0,0,2
2021-07-03 14:36:25,2,0,0,2
2021-07-03 14:36:26,182,0,30,212
2021-07-03 14:36:27,18,0,0,18
2021-07-03 14:36:28,1267,30,203,1500
2021-07-03 14:36:29,0,0,0,0
2021-07-03 14:36:30,2,0,0,2
2021-07-03 14:36:32,1,0,0,1
2021-07-03 14:36:33,2,0,0,2
2021-07-03 14:36:34,58,1,15,74
2021-07-03 14:36:35,3,0,1,4
2021-07-03 14:36:36,8,0,1,9
2021-07-03 14:36:37,42,1,24,67
2021-07-03 14:36:38,4,0,0,4
2021-07-03 14:36:40,35,0,15,50
2021-07-03 14:36:41,9,0,0,9
2021-07-03 14:36:42,2,1,0,3
2021-07-03 14:36:43,3,1,1,5
2021-07-03 14:36:45,214,6,79,299
2021-07-03 14:36:46,4,0,4,8
2021-07-03 14:36:47,100,2,12,114
2021-07-03 14:36:48,15,0,0,15
2021-07-03 14:36:49,1,0,0,1
2021-07-03 14:36:50,0,0,0,0
2021-07-03 14:36:51,1,0,0,1
2021-07-03 14:36:52,0,0,0,0
2021-07-03 14:36:53,0,0,0,0
2021-07-03 14:36:54,0,0,0,0
2021-07-03 14:36:55,0,0,0,0
2021-07-03 14:36:56,0,0,0,0
2021-07-03 14:36:57,2,0,0,2
2021-07-03 14:37:00,0,0,0,0
2021-07-03 14:37:01,1,0,1,2
2021-07-03 14:37:02,3,0,1,4
2021-07-03 14:37:03,0,0,0,0
2021-07-03 14:37:04,0,0,0,0
2021-07-03 14:37:05,0,0,0,0
2021-07-03 14:37:06,0,0,0,0
2021-07-03 14:37:07,0,0,0,0
2021-07-03 14:37:08,0,0,0,0
2021-07-03 14:37:09,1,0,0,1
2021-07-03 14:37:10,34,0,12,46
2021-07-03 14:37:11,1,0,0,1
2021-07-03 14:37:13,13,2,6,21
2021-07-03 14:37:14,1,0,0,1
2021-07-03 14:37:15,2,0,0,2
2021-07-03 14:37:16,7,0,2,9
2021-07-03 14:37:17,3,0,3,6
2021-07-03 14:37:18,3,0,3,6
2021-07-03 14:37:20,1,0,1,2
2021-07-03 14:37:21,2,0,1,3
2021-07-03 14:37:24,2,0,2,4
2021-07-03 14:37:25,2,0,2,4
2021-07-03 14:37:26,1,0,1,2
2021-07-03 14:37:27,7,0,3,10
2021-07-03 14:37:29,2,1,1,4
2021-07-03 14:37:30,70,1,21,92
2021-07-03 14:37:31,2,0,2,4
2021-07-03 14:37:33,1,1,1,3
2021-07-03 14:37:34,2,0,2,4
2021-07-03 14:37:35,35,1,6,42
2021-07-03 14:37:36,7,0,5,12
2021-07-03 14:37:37,1014,24,212,1250
2021-07-03 14:37:38,3,0,0,3
2021-07-03 14:37:40,6,0,3,9
2021-07-03 14:37:41,1,0,1,2
2021-07-03 14:37:42,7,0,5,12
2021-07-03 14:37:43,4,0,2,6
2021-07-03 14:37:44,4,0,1,5
2021-07-03 14:37:45,8,0,6,14
2021-07-03 14:37:46,1,0,1,2
2021-07-03 14:37:47,2,0,2,4
2021-07-03 14:37:48,4,0,2,6
2021-07-03 14:37:49,9,0,5,14
2021-07-03 14:37:50,565,28,141,734
2021-07-03 14:37:51,2,0,1,3
2021-07-03 14:37:52,2,0,0,2
2021-07-03 14:37:54,2,0,1,3
2021-07-03 14:37:55,3,0,1,4
2021-07-03 14:37:56,2,0,2,4
2021-07-03 14:37:57,4,0,2,6
2021-07-03 14:37:59,12,0,8,20
2021-07-03 14:38:01,1,0,1,2
2021-07-03 14:38:02,6,0,2,8
2021-07-03 14:38:04,23,0,2,25
2021-07-03 14:38:05,54,6,15,75
2021-07-03 14:38:07,0,0,0,0
2021-07-03 14:38:08,0,0,0,0
2021-07-03 14:38:09,2,2,1,5
2021-07-03 14:38:10,1,1,1,3
2021-07-03 14:38:11,22,0,6,28
2021-07-03 14:38:12,16,0,2,18
2021-07-03 14:38:13,0,0,0,0
2021-07-03 14:38:14,8,0,6,14
2021-07-03 14:38:15,0,0,0,0
2021-07-03 14:38:16,1,0,0,1
2021-07-03 14:38:17,6,0,0,6
2021-07-03 14:38:18,14,2,7,23
2021-07-03 14:38:19,3,0,0,3
2021-07-03 14:38:20,2,0,0,2
2021-07-03 14:38:21,0,0,0,0
2021-07-03 14:38:22,4,0,1,5
2021-07-03 14:38:23,0,0,0,0
2021-07-03 14:38:24,2,0,0,2
2021-07-03 14:38:25,4,0,0,4
2021-07-03 14:38:27,0,0,0,0
2021-07-03 14:38:28,0,0,0,0
2021-07-03 14:38:29,75,0,17,92
2021-07-03 14:38:30,45,0,6,51
2021-07-03 14:38:31,0,0,0,0
2021-07-03 14:38:32,0,0,0,0
2021-07-03 14:38:33,3,0,0,3
2021-07-03 14:38:34,0,0,0,0
2021-07-03 14:38:36,10,1,1,12
2021-07-03 14:38:37,0,0,0,0
2021-07-03 14:38:38,1,0,0,1
2021-07-03 14:38:39,6,1,2,9
2021-07-03 14:38:40,3,0,0,3
2021-07-03 14:38:41,23,0,2,25
2021-07-03 14:38:42,1,0,0,1
2021-07-03 14:38:43,7,0,0,7
2021-07-03 14:38:44,2,0,0,2
2021-07-03 14:38:45,7,0,1,8
2021-07-03 14:38:46,0,0,0,0
2021-07-03 14:38:47,0,0,0,0
2021-07-03 14:38:48,0,1,0,1
2021-07-03 14:38:49,0,0,0,0
2021-07-03 14:38:50,0,0,0,0
2021-07-03 14:38:51,1,0,0,1
2021-07-03 14:38:52,0,0,0,0
2021-07-03 14:38:53,9,0,6,15
2021-07-03 14:38:54,0,0,0,0
2021-07-03 14:38:55,2,0,0,2
2021-07-03 14:38:56,0,0,0,0
2021-07-03 14:38:57,9,0,0,9
2021-07-03 14:38:58,0,0,0,0
2021-07-03 14:38:59,3,0,2,5
2021-07-03 14:39:00,0,0,0,0
2021-07-03 14:39:01,4,1,2,7
2021-07-03 14:39:02,19,1,1,21
2021-07-03 14:39:05,3,0,2,5
2021-07-03 14:39:06,3,1,0,4
2021-07-03 14:39:07,2,0,0,2
2021-07-03 14:39:08,52,2,7,61
2021-07-03 14:39:09,0,0,0,0
2021-07-03 14:39:10,4,0,0,4
2021-07-03 14:39:11,274,6,69,349
2021-07-03 14:39:13,17,2,5,24
2021-07-03 14:39:14,2,0,0,2
2021-07-03 14:39:15,0,0,0,0
2021-07-03 14:39:16,10,0,2,12
2021-07-03 14:39:18,69,5,17,91
2021-07-03 14:39:19,1,0,0,1
2021-07-03 14:39:20,5,0,1,6
2021-07-03 14:39:21,5,0,2,7
2021-07-03 14:39:22,1,1,0,2
2021-07-03 14:39:23,0,0,0,0
2021-07-03 14:39:24,12,2,3,17
2021-07-03 14:39:25,13,0,1,14
2021-07-03 14:39:26,1,0,0,1
2021-07-03 14:39:27,0,0,0,0
2021-07-03 14:39:28,746,6,156,908
2021-07-03 14:39:30,0,0,0,0
2021-07-03 14:39:31,1,0,0,1
2021-07-03 14:39:32,1,2,0,3
2021-07-03 14:39:33,1,0,0,1
2021-07-03 14:39:34,15,1,2,18
2021-07-03 14:39:35,3,0,0,3
2021-07-03 14:39:36,1,0,0,1
2021-07-03 14:39:37,1,0,0,1
2021-07-03 14:39:38,15,1,1,17
2021-07-03 14:39:39,2,0,1,3
2021-07-03 14:39:40,3,0,1,4
2021-07-03 14:39:41,5,3,1,9
2021-07-03 14:39:42,1,0,1,2
2021-07-03 14:39:43,10,0,1,11
2021-07-03 14:39:44,2,0,0,2
2021-07-03 14:39:45,0,0,0,0
2021-07-03 14:39:46,1,0,0,1
2021-07-03 14:39:47,2,0,0,2
2021-07-03 14:39:48,0,0,0,0
2021-07-03 14:39:49,52,2,16,70
2021-07-03 14:39:50,1,1,0,2
2021-07-03 14:39:51,53,2,16,71
2021-07-03 14:39:53,22,1,4,27
2021-07-03 14:39:54,0,0,0,0
2021-07-03 14:39:56,1,0,0,1
2021-07-03 14:39:57,150,1,34,185
2021-07-03 14:39:58,0,0,0,0
2021-07-03 14:39:59,1,0,0,1
2021-07-03 14:40:00,1124,37,285,1446
2021-07-03 14:40:02,3,0,1,4
2021-07-03 14:40:04,0,0,0,0
2021-07-03 14:40:05,0,0,0,0
2021-07-03 14:40:06,0,0,0,0
2021-07-03 14:40:07,0,0,0,0
2021-07-03 14:40:08,11,0,4,15
2021-07-03 14:40:09,0,0,0,0
2021-07-03 14:40:10,3,0,0,3
2021-07-03 14:40:11,7,0,4,11
2021-07-03 14:40:12,1,1,1,3
2021-07-03 14:40:13,0,0,0,0
2021-07-03 14:40:14,0,0,0,0
2021-07-03 14:40:15,0,0,0,0
2021-07-03 14:40:20,0,0,0,0
2021-07-03 14:40:21,0,0,0,0
2021-07-03 14:40:22,5,1,0,6
2021-07-03 14:40:23,4,0,0,4
2021-07-03 14:40:24,3,0,1,4
2021-07-03 14:40:25,5,0,0,5
2021-07-03 14:40:29,1,0,0,1
2021-07-03 14:40:31,2,0,0,2
2021-07-03 14:40:32,158,14,32,204
2021-07-03 14:40:33,18,0,5,23
2021-07-03 14:40:34,4,0,2,6
2021-07-03 14:40:35,2,2,2,6
2021-07-03 14:40:36,5,1,2,8
2021-07-03 14:40:37,0,0,0,0
2021-07-03 14:40:38,0,0,0,0
2021-07-03 14:40:39,1,0,0,1
2021-07-03 14:40:40,3,0,2,5
2021-07-03 14:40:41,0,0,0,0
2021-07-03 14:40:42,2,0,0,2
2021-07-03 14:40:43,1,0,0,1
2021-07-03 14:40:44,1,1,0,2
2021-07-03 14:40:45,1,0,0,1
2021-07-03 14:40:46,0,0,0,0
2021-07-03 14:40:48,17,3,3,23
2021-07-03 14:40:49,0,0,0,0
2021-07-03 14:40:50,1,0,0,1
2021-07-03 14:40:51,5,0,0,5
2021-07-03 14:40:52,0,0,0,0
2021-07-03 14:40:54,10,1,1,12
2021-07-03 14:40:55,2,0,0,2
2021-07-03 14:40:56,956,22,233,1211
2021-07-03 14:40:57,4,0,3,7
2021-07-03 14:40:58,223,14,8,245
2021-07-03 14:40:59,1,0,0,1
2021-07-03 14:41:00,0,0,0,0
2021-07-03 14:41:01,0,0,0,0
2021-07-03 14:41:03,1,0,0,1
2021-07-03 14:41:04,2,0,1,3
2021-07-03 14:41:06,16,0,1,17
2021-07-03 14:41:07,326,9,50,385
2021-07-03 14:41:08,6,0,0,6
2021-07-03 14:41:10,0,0,0,0
2021-07-03 14:41:11,0,0,0,0
2021-07-03 14:41:12,28,1,4,33
2021-07-03 14:41:13,1,0,0,1
2021-07-03 14:41:14,0,0,1,1
2021-07-03 14:41:15,1,1,0,2
2021-07-03 14:41:16,0,0,0,0
2021-07-03 14:41:17,5,0,0,5
2021-07-03 14:41:18,2,0,1,3
2021-07-03 14:41:19,0,0,0,0
2021-07-03 14:41:20,21,1,3,25
2021-07-03 14:41:21,1,1,2,4
2021-07-03 14:41:23,5,0,1,6
2021-07-03 14:41:24,2,0,0,2
2021-07-03 14:41:25,4,0,0,4
2021-07-03 14:41:26,4,0,1,5
2021-07-03 14:41:27,5,3,0,8
2021-07-03 14:41:28,224,3,33,260
2021-07-03 14:41:29,8,0,0,8
2021-07-03 14:41:30,1,0,1,2
2021-07-03 14:41:32,2,0,0,2
2021-07-03 14:41:33,0,0,0,0
2021-07-03 14:41:34,1,0,0,1
2021-07-03 14:41:35,1,0,0,1
2021-07-03 14:41:36,134,4,16,154
2021-07-03 14:41:37,0,0,0,0
2021-07-03 14:41:38,1,0,0,1
2021-07-03 14:41:39,14,0,7,21
2021-07-03 14:41:40,0,0,0,0
2021-07-03 14:41:41,793,8,176,977
2021-07-03 14:41:42,2,0,0,2
2021-07-03 14:41:43,3,0,0,3
2021-07-03 14:41:44,14,0,0,14
2021-07-03 14:41:45,1,0,0,1
2021-07-03 14:41:46,2,0,0,2
2021-07-03 14:41:48,1,0,0,1
2021-07-03 14:41:49,1,0,0,1
2021-07-03 14:41:50,48,1,9,58
2021-07-03 14:41:51,2,0,0,2
2021-07-03 14:41:53,6,0,0,6
2021-07-03 14:41:54,1,0,0,1
2021-07-03 14:41:55,2,0,0,2
2021-07-03 14:41:56,1,0,0,1
2021-07-03 14:41:57,5,0,0,5
2021-07-03 14:41:58,5,0,0,5
2021-07-03 14:41:59,1,0,0,1
2021-07-03 14:42:01,1,0,0,1
2021-07-03 14:42:02,8,0,1,9
2021-07-03 14:42:03,2,0,0,2
2021-07-03 14:42:04,0,0,0,0
2021-07-03 14:42:05,0,0,0,0
2021-07-03 14:42:06,0,0,0,0
2021-07-03 14:42:07,9,1,2,12
2021-07-03 14:42:08,18,0,2,20
2021-07-03 14:42:09,0,0,0,0
2021-07-03 14:42:10,0,0,0,0
2021-07-03 14:42:11,0,0,0,0
2021-07-03 14:42:12,0,0,0,0
2021-07-03 14:42:13,8,0,0,8
2021-07-03 14:42:14,0,0,0,0
2021-07-03 14:42:15,19,1,6,26
2021-07-03 14:42:18,0,0,0,0
2021-07-03 14:42:19,1,0,0,1
2021-07-03 14:42:22,1,0,0,1
2021-07-03 14:42:23,7,1,0,8
2021-07-03 14:42:24,7,1,2,10
2021-07-03 14:42:26,240,8,29,277
2021-07-03 14:42:28,1,0,0,1
2021-07-03 14:42:29,1,0,0,1
2021-07-03 14:42:34,14,1,2,17
2021-07-03 14:42:35,4,0,1,5
2021-07-03 14:42:37,12,0,2,14
2021-07-03 14:42:39,399,10,31,440
2021-07-03 14:42:40,0,0,0,0
2021-07-03 14:42:41,2,0,0,2
2021-07-03 14:42:42,0,0,0,0
2021-07-03 14:42:43,11,4,3,18
2021-07-03 14:42:44,17,0,2,19
2021-07-03 14:42:45,1,0,0,1
2021-07-03 14:42:46,0,0,0,0
2021-07-03 14:42:47,1,0,0,1
2021-07-03 14:42:48,1,0,0,1
2021-07-03 14:42:49,1,0,0,1
2021-07-03 14:42:51,0,0,0,0
2021-07-03 14:42:52,81,8,0,89
2021-07-03 14:42:53,0,0,0,0
2021-07-03 14:42:54,3,0,0,3
2021-07-03 14:42:56,0,0,0,0
2021-07-03 14:42:57,5,0,0,5
2021-07-03 14:42:58,0,0,0,0
2021-07-03 14:42:59,0,0,0,0
2021-07-03 14:43:00,0,0,0,0
2021-07-03 14:43:02,94,1,9,104
2021-07-03 14:43:04,4,1,2,7
2021-07-03 14:43:05,2,0,1,3
2021-07-03 14:43:06,474,9,67,550
2021-07-03 14:43:07,2,0,0,2
2021-07-03 14:43:08,5,0,0,5
2021-07-03 14:43:09,11,0,3,14
2021-07-03 14:43:10,1,0,0,1
2021-07-03 14:43:12,0,0,0,0
2021-07-03 14:43:14,2,0,1,3
2021-07-03 14:43:15,0,0,0,0
2021-07-03 14:43:16,0,0,0,0
2021-07-03 14:43:17,1,0,0,1
2021-07-03 14:43:19,1,0,0,1
2021-07-03 14:43:20,3,1,0,4
2021-07-03 14:43:23,3,0,1,4
2021-07-03 14:43:24,1,0,0,1
2021-07-03 14:43:25,1,0,0,1
2021-07-03 14:43:26,1,0,0,1
2021-07-03 14:43:27,57,1,8,66
2021-07-03 14:43:30,37,1,5,43
2021-07-03 14:43:31,0,0,0,0
2021-07-03 14:43:32,0,0,0,0
2021-07-03 14:43:33,0,0,0,0
2021-07-03 14:43:35,2,0,0,2
2021-07-03 14:43:36,3,0,0,3
2021-07-03 14:43:37,1,0,1,2
2021-07-03 14:43:38,0,0,0,0
2021-07-03 14:43:39,206,2,20,228
2021-07-03 14:43:40,1,0,0,1
2021-07-03 14:43:41,14,2,3,19
2021-07-03 14:43:42,10,0,2,12
2021-07-03 14:43:43,8,2,4,14
2021-07-03 14:43:44,1,0,0,1
2021-07-03 14:43:45,2,0,2,4
2021-07-03 14:43:47,2,0,0,2
2021-07-03 14:43:48,34,0,9,43
2021-07-03 14:43:49,11,0,0,11
2021-07-03 14:43:50,22,1,7,30
2021-07-03 14:43:51,13,0,8,21
2021-07-03 14:43:53,8,0,2,10
2021-07-03 14:43:54,4,0,1,5
2021-07-03 14:43:55,4904,31,532,5467
2021-07-03 14:43:57,6,3,1,10
2021-07-03 14:43:58,2,2,0,4
2021-07-03 14:43:59,7,3,3,13
2021-07-03 14:44:00,21,2,9,32
2021-07-03 14:44:01,2,2,0,4
2021-07-03 14:44:02,18,4,5,27
2021-07-03 14:44:03,2,1,1,4
2021-07-03 14:44:04,4,1,2,7
2021-07-03 14:44:06,2,1,0,3
2021-07-03 14:44:07,13,3,0,16
2021-07-03 14:44:09,20,5,8,33
2021-07-03 14:44:10,9,3,1,13
2021-07-03 14:44:11,13,5,4,22
2021-07-03 14:44:13,2,1,0,3
2021-07-03 14:44:14,0,0,0,0
2021-07-03 14:44:16,2,1,0,3
2021-07-03 14:44:17,7,1,1,9
2021-07-03 14:44:19,1,0,0,1
2021-07-03 14:44:21,0,0,0,0
2021-07-03 14:44:22,0,0,0,0
2021-07-03 14:44:23,2,1,0,3
2021-07-03 14:44:24,9,1,1,11
2021-07-03 14:44:26,6,0,0,6
2021-07-03 14:44:27,1,0,1,2
2021-07-03 14:44:29,0,0,0,0
2021-07-03 14:44:31,0,0,0,0
2021-07-03 14:44:32,2,0,0,2
2021-07-03 14:44:35,0,0,0,0
2021-07-03 14:44:36,1,0,0,1
2021-07-03 14:44:37,4,0,1,5
2021-07-03 14:44:39,0,0,0,0
2021-07-03 14:44:40,1,1,1,3
2021-07-03 14:44:41,6,1,2,9
2021-07-03 14:44:44,0,0,0,0
2021-07-03 14:44:45,0,0,0,0
2021-07-03 14:44:46,0,0,0,0
2021-07-03 14:44:48,0,0,0,0
2021-07-03 14:44:49,192,0,34,226
2021-07-03 14:44:50,0,0,0,0
2021-07-03 14:44:51,12,5,1,18
2021-07-03 14:44:52,31,3,12,46
2021-07-03 14:44:54,0,0,0,0
2021-07-03 14:44:55,2,1,1,4
2021-07-03 14:44:56,0,0,0,0
2021-07-03 14:44:58,0,0,0,0
2021-07-03 14:44:59,401,6,77,484
2021-07-03 14:45:00,666,5,155,826
2021-07-03 14:45:02,13,0,5,18
2021-07-03 14:45:03,0,0,0,0
2021-07-03 14:45:04,5,0,3,8
2021-07-03 14:45:05,2344,50,386,2780
2021-07-03 14:45:06,1351,33,275,1659
2021-07-03 14:45:07,0,0,0,0
2021-07-03 14:45:08,81,7,25,113
2021-07-03 14:45:09,0,0,0,0
2021-07-03 14:45:10,1,0,0,1
2021-07-03 14:45:11,0,0,0,0
2021-07-03 14:45:12,273,3,38,314
2021-07-03 14:45:13,4,0,0,4
2021-07-03 14:45:14,31,0,8,39
2021-07-03 14:45:15,12,2,8,22
2021-07-03 14:45:16,2,0,0,2
2021-07-03 14:45:17,2,0,0,2
2021-07-03 14:45:21,3,0,0,3
2021-07-03 14:45:22,3,0,0,3
2021-07-03 14:45:23,4,0,0,4
2021-07-03 14:45:24,1,0,0,1
2021-07-03 14:45:25,1,0,0,1
2021-07-03 14:45:26,1,0,0,1
2021-07-03 14:45:27,6,0,0,6
2021-07-03 14:45:28,4,1,0,5
2021-07-03 14:45:29,2,1,0,3
2021-07-03 14:45:30,1,0,0,1
2021-07-03 14:45:31,4,0,0,4
2021-07-03 14:45:32,7,0,1,8
2021-07-03 14:45:34,4,0,0,4
2021-07-03 14:45:35,5,0,0,5
2021-07-03 14:45:36,4,1,0,5
2021-07-03 14:45:37,7,0,0,7
2021-07-03 14:45:38,4,0,0,4
2021-07-03 14:45:39,2,0,0,2
2021-07-03 14:45:41,4,0,0,4
2021-07-03 14:45:42,31,2,4,37
2021-07-03 14:45:43,8,1,1,10
2021-07-03 14:45:45,2,0,0,2
2021-07-03 14:45:48,4,0,1,5
2021-07-03 14:45:49,0,0,0,0
2021-07-03 14:45:50,21,1,2,24
2021-07-03 14:45:51,5,0,0,5
2021-07-03 14:45:52,7,0,1,8
2021-07-03 14:45:53,1,0,0,1
2021-07-03 14:45:55,13,0,0,13
2021-07-03 14:45:56,4,0,0,4
2021-07-03 14:45:57,3,0,0,3
2021-07-03 14:45:58,1,1,0,2
2021-07-03 14:45:59,107,4,36,147
2021-07-03 14:46:00,2,0,0,2
2021-07-03 14:46:02,69,0,16,85
2021-07-03 14:46:03,17,0,5,22
2021-07-03 14:46:04,1638,35,454,2127
2021-07-03 14:46:06,1,0,0,1
2021-07-03 14:46:07,6,0,0,6
2021-07-03 14:46:08,7,0,2,9
2021-07-03 14:46:09,2,0,0,2
2021-07-03 14:46:10,3,0,1,4
2021-07-03 14:46:11,5,0,0,5
2021-07-03 14:46:12,2,0,0,2
2021-07-03 14:46:13,11,0,2,13
2021-07-03 14:46:15,6,0,1,7
2021-07-03 14:46:16,1,0,0,1
2021-07-03 14:46:18,6,0,2,8
2021-07-03 14:46:20,2,0,1,3
2021-07-03 14:46:21,13,0,2,15
2021-07-03 14:46:23,7,1,4,12
2021-07-03 14:46:24,1842,44,234,2120
2021-07-03 14:46:25,16,1,0,17
2021-07-03 14:46:26,1,1,0,2
2021-07-03 14:46:27,0,0,0,0
2021-07-03 14:46:28,1,0,0,1
2021-07-03 14:46:29,4,0,3,7
2021-07-03 14:46:31,0,0,0,0
2021-07-03 14:46:34,65,3,24,92
2021-07-03 14:46:37,2,0,2,4
2021-07-03 14:46:38,35,0,3,38
2021-07-03 14:46:40,11,2,0,13
2021-07-03 14:46:41,1,1,0,2
2021-07-03 14:46:43,0,0,0,0
2021-07-03 14:46:45,5,0,0,5
2021-07-03 14:46:46,122,4,20,146
2021-07-03 14:46:47,1220,22,180,1422
2021-07-03 14:46:48,336,4,66,406
2021-07-03 14:46:49,1,0,0,1
2021-07-03 14:46:50,2,0,0,2
2021-07-03 14:46:51,1,0,0,1
2021-07-03 14:46:53,0,0,0,0
2021-07-03 14:46:54,0,0,0,0
2021-07-03 14:46:55,0,0,0,0
2021-07-03 14:46:56,28,0,13,41
2021-07-03 14:46:57,1,0,0,1
2021-07-03 14:46:58,2912,90,592,3594
2021-07-03 14:46:59,3,0,0,3
2021-07-03 14:47:00,0,0,0,0
2021-07-03 14:47:01,0,0,0,0
2021-07-03 14:47:02,3,0,1,4
2021-07-03 14:47:03,0,0,0,0
2021-07-03 14:47:04,0,0,0,0
2021-07-03 14:47:05,23,3,5,31
2021-07-03 14:47:06,0,0,0,0
2021-07-03 14:47:07,4,0,0,4
2021-07-03 14:47:08,0,0,0,0
2021-07-03 14:47:09,0,0,0,0
2021-07-03 14:47:10,0,0,0,0
2021-07-03 14:47:11,2,0,0,2
2021-07-03 14:47:12,80,1,11,92
2021-07-03 14:47:14,1,0,0,1
2021-07-03 14:47:15,0,0,0,0
2021-07-03 14:47:16,1,0,0,1
2021-07-03 14:47:18,517,22,127,666
2021-07-03 14:47:19,17,0,0,17
2021-07-03 14:47:20,1,0,0,1
2021-07-03 14:47:21,1,0,0,1
2021-07-03 14:47:22,0,0,0,0
2021-07-03 14:47:23,0,0,0,0
2021-07-03 14:47:24,4,0,0,4
2021-07-03 14:47:25,1,0,0,1
2021-07-03 14:47:26,2,0,0,2
2021-07-03 14:47:27,1,0,0,1
2021-07-03 14:47:28,7,1,3,11
2021-07-03 14:47:29,0,0,0,0
2021-07-03 14:47:30,254,12,27,293
2021-07-03 14:47:32,1,0,0,1
2021-07-03 14:47:33,10,1,5,16
2021-07-03 14:47:34,12,0,2,14
2021-07-03 14:47:38,0,0,0,0
2021-07-03 14:47:39,0,0,0,0
2021-07-03 14:47:40,1,1,0,2
2021-07-03 14:47:41,141,2,20,163
2021-07-03 14:47:42,0,0,0,0
2021-07-03 14:47:43,0,0,0,0
2021-07-03 14:47:44,2,0,0,2
2021-07-03 14:47:45,0,0,0,0
2021-07-03 14:47:46,6,0,0,6
2021-07-03 14:47:48,0,0,0,0
2021-07-03 14:47:49,0,0,0,0
2021-07-03 14:47:50,1,0,0,1
2021-07-03 14:47:51,3,0,1,4
2021-07-03 14:47:52,0,0,0,0
2021-07-03 14:47:53,0,0,0,0
2021-07-03 14:47:54,3,0,1,4
2021-07-03 14:47:55,1,0,1,2
2021-07-03 14:47:56,25,1,12,38
2021-07-03 14:47:57,1,0,0,1
2021-07-03 14:47:58,5,0,0,5
2021-07-03 14:47:59,0,0,0,0
2021-07-03 14:48:00,1,0,0,1
2021-07-03 14:48:01,9,0,1,10
2021-07-03 14:48:02,0,0,0,0
2021-07-03 14:48:04,0,0,0,0
2021-07-03 14:48:06,11,0,0,11
2021-07-03 14:48:07,4,0,0,4
2021-07-03 14:48:10,200,9,62,271
2021-07-03 14:48:11,1,0,0,1
2021-07-03 14:48:12,3,0,2,5
2021-07-03 14:48:14,0,0,0,0
2021-07-03 14:48:15,0,0,0,0
2021-07-03 14:48:16,0,0,0,0
2021-07-03 14:48:17,5,1,1,7
2021-07-03 14:48:19,1,1,0,2
2021-07-03 14:48:20,0,0,0,0
2021-07-03 14:48:22,2,0,0,2
2021-07-03 14:48:23,7,1,1,9
2021-07-03 14:48:24,1,0,0,1
2021-07-03 14:48:25,1,0,0,1
2021-07-03 14:48:26,2,0,0,2
2021-07-03 14:48:30,0,0,0,0
2021-07-03 14:48:32,0,0,0,0
2021-07-03 14:48:35,1,0,0,1
2021-07-03 14:48:36,2,0,0,2
2021-07-03 14:48:38,2,0,0,2
2021-07-03 14:48:39,20,0,2,22
2021-07-03 14:48:41,3,0,1,4
2021-07-03 14:48:42,73,4,17,94
2021-07-03 14:48:44,0,0,0,0
2021-07-03 14:48:45,19,0,4,23
2021-07-03 14:48:46,3,0,0,3
2021-07-03 14:48:48,4,0,1,5
2021-07-03 14:48:49,0,0,0,0
2021-07-03 14:48:51,0,0,0,0
2021-07-03 14:48:53,0,0,0,0
2021-07-03 14:48:54,25,0,6,31
2021-07-03 14:48:56,11,0,2,13
2021-07-03 14:49:00,0,0,0,0
2021-07-03 14:49:01,0,0,0,0
2021-07-03 14:49:02,0,0,0,0
2021-07-03 14:49:03,1,0,0,1
2021-07-03 14:49:04,0,0,0,0
2021-07-03 14:49:05,1,0,1,2
2021-07-03 14:49:06,0,0,0,0
2021-07-03 14:49:07,3,0,1,4
2021-07-03 14:49:08,0,0,0,0
2021-07-03 14:49:09,57,0,24,81
2021-07-03 14:49:10,0,0,0,0
2021-07-03 14:49:11,5,0,1,6
2021-07-03 14:49:12,1,0,1,2
2021-07-03 14:49:13,3,0,0,3
2021-07-03 14:49:14,8,1,0,9
2021-07-03 14:49:15,0,0,0,0
2021-07-03 14:49:16,2,0,1,3
2021-07-03 14:49:21,2,0,1,3
2021-07-03 14:49:22,97,1,1,99
2021-07-03 14:49:23,1,0,0,1
2021-07-03 14:49:24,0,0,0,0
2021-07-03 14:49:25,0,0,0,0
2021-07-03 14:49:26,1,0,0,1
2021-07-03 14:49:27,6,0,2,8
2021-07-03 14:49:28,424,12,80,516
2021-07-03 14:49:29,0,0,0,0
2021-07-03 14:49:30,6,0,1,7
2021-07-03 14:49:31,0,0,0,0
2021-07-03 14:49:32,5,0,3,8
2021-07-03 14:49:33,0,0,0,0
2021-07-03 14:49:34,0,0,0,0
2021-07-03 14:49:35,0,0,0,0
2021-07-03 14:49:36,1,0,1,2
2021-07-03 14:49:38,3,0,0,3
2021-07-03 14:49:39,2,0,0,2
2021-07-03 14:49:40,3,0,1,4
2021-07-03 14:49:41,1,0,0,1
2021-07-03 14:49:42,1,0,0,1
2021-07-03 14:49:43,1,0,0,1
2021-07-03 14:49:44,7,0,1,8
2021-07-03 14:49:46,1,0,0,1
2021-07-03 14:49:48,4,0,0,4
2021-07-03 14:49:49,3,0,0,3
2021-07-03 14:49:51,3,0,0,3
2021-07-03 14:49:52,5,0,0,5
2021-07-03 14:49:54,12,0,1,13
2021-07-03 14:49:56,4,0,0,4
2021-07-03 14:49:57,0,0,0,0
2021-07-03 14:49:59,2,0,1,3
2021-07-03 14:50:00,978,40,307,1325
2021-07-03 14:50:01,60,4,27,91
2021-07-03 14:50:02,0,0,0,0
2021-07-03 14:50:03,1,1,0,2
2021-07-03 14:50:04,38,2,4,44
2021-07-03 14:50:05,1,0,0,1
2021-07-03 14:50:06,8,0,4,12
2021-07-03 14:50:07,0,0,1,1
2021-07-03 14:50:08,129,8,36,173
2021-07-03 14:50:09,3,0,0,3
2021-07-03 14:50:10,781,14,142,937
2021-07-03 14:50:13,18,0,1,19
2021-07-03 14:50:16,0,0,0,0
2021-07-03 14:50:17,0,0,0,0
2021-07-03 14:50:18,1,0,0,1
2021-07-03 14:50:19,4,0,0,4
2021-07-03 14:50:20,1,0,0,1
2021-07-03 14:50:21,1,0,0,1
2021-07-03 14:50:22,15,1,0,16
2021-07-03 14:50:25,0,0,0,0
2021-07-03 14:50:26,0,0,0,0
2021-07-03 14:50:27,2,0,0,2
2021-07-03 14:50:28,27,4,6,37
2021-07-03 14:50:29,121,8,40,169
2021-07-03 14:50:30,86,4,16,106
2021-07-03 14:50:32,32,0,1,33
2021-07-03 14:50:34,56,4,22,82
2021-07-03 14:50:36,73,0,7,80
2021-07-03 14:50:37,2,0,0,2
2021-07-03 14:50:38,3,0,0,3
2021-07-03 14:50:39,0,0,0,0
2021-07-03 14:50:40,0,0,0,0
2021-07-03 14:50:41,0,0,0,0
2021-07-03 14:50:42,1,0,0,1
2021-07-03 14:50:43,31,2,12,45
2021-07-03 14:50:44,30,5,14,49
2021-07-03 14:50:45,0,0,3,3
2021-07-03 14:50:47,4,0,3,7
2021-07-03 14:50:49,6,0,2,8
2021-07-03 14:50:50,4856,80,424,5360
2021-07-03 14:50:51,1,0,0,1
2021-07-03 14:50:52,3,0,0,3
2021-07-03 14:50:53,67,1,47,115
2021-07-03 14:50:54,55,1,14,70
2021-07-03 14:50:55,33,1,0,34
2021-07-03 14:50:56,9,1,3,13
2021-07-03 14:50:57,2,0,0,2
2021-07-03 14:50:59,11,0,3,14
2021-07-03 14:51:00,1,0,0,1
2021-07-03 14:51:01,3,0,0,3
2021-07-03 14:51:02,2,0,0,2
2021-07-03 14:51:03,20,0,6,26
2021-07-03 14:51:04,2,0,0,2
2021-07-03 14:51:05,4,1,8,13
2021-07-03 14:51:06,3,0,1,4
2021-07-03 14:51:08,2,0,0,2
2021-07-03 14:51:09,0,0,0,0
2021-07-03 14:51:10,3,0,2,5
2021-07-03 14:51:11,0,0,0,0
2021-07-03 14:51:12,1,0,0,1
2021-07-03 14:51:13,1,0,0,1
2021-07-03 14:51:14,1,0,0,1
2021-07-03 14:51:16,45,2,30,77
2021-07-03 14:51:17,1,0,0,1
2021-07-03 14:51:21,2,0,0,2
2021-07-03 14:51:23,2,0,0,2
2021-07-03 14:51:25,0,0,0,0
2021-07-03 14:51:26,0,0,0,0
2021-07-03 14:51:27,2,0,1,3
2021-07-03 14:51:28,0,0,0,0
2021-07-03 14:51:29,0,0,0,0
2021-07-03 14:51:30,2,0,0,2
2021-07-03 14:51:31,0,0,0,0
2021-07-03 14:51:34,6,0,2,8
2021-07-03 14:51:35,1,0,0,1
2021-07-03 14:51:36,3,1,0,4
2021-07-03 14:51:37,10,0,0,10
2021-07-03 14:51:38,1,0,0,1
2021-07-03 14:51:39,1,0,0,1
2021-07-03 14:51:40,2,0,0,2
2021-07-03 14:51:42,1,0,0,1
2021-07-03 14:51:43,2,0,0,2
2021-07-03 14:51:44,1,0,0,1
2021-07-03 14:51:45,3,0,0,3
2021-07-03 14:51:46,37,5,0,42
2021-07-03 14:51:48,2,1,1,4
2021-07-03 14:51:49,0,0,0,0
2021-07-03 14:51:50,2,2,0,4
2021-07-03 14:51:51,9,0,4,13
2021-07-03 14:51:52,7,0,0,7
2021-07-03 14:51:53,5,0,3,8
2021-07-03 14:51:54,1,0,0,1
2021-07-03 14:51:55,1,0,0,1
2021-07-03 14:51:56,0,0,0,0
2021-07-03 14:51:57,0,0,0,0
2021-07-03 14:51:58,10,0,8,18
2021-07-03 14:52:01,0,0,2,2
2021-07-03 14:52:03,0,0,0,0
2021-07-03 14:52:04,7,0,7,14
2021-07-03 14:52:06,20,0,5,25
2021-07-03 14:52:07,45,1,4,50
2021-07-03 14:52:08,3,0,2,5
2021-07-03 14:52:09,0,0,0,0
2021-07-03 14:52:10,48,0,21,69
2021-07-03 14:52:11,4,0,1,5
2021-07-03 14:52:12,56,3,16,75
2021-07-03 14:52:14,0,0,0,0
2021-07-03 14:52:15,4,0,1,5
2021-07-03 14:52:16,6,0,0,6
2021-07-03 14:52:17,0,0,0,0
2021-07-03 14:52:18,0,0,0,0
2021-07-03 14:52:19,9,0,0,9
2021-07-03 14:52:21,0,0,0,0
2021-07-03 14:52:25,12,0,0,12
2021-07-03 14:52:27,0,0,0,0
2021-07-03 14:52:29,1798,32,418,2248
2021-07-03 14:52:30,0,0,0,0
2021-07-03 14:52:31,2,0,0,2
2021-07-03 14:52:32,0,0,0,0
2021-07-03 14:52:33,0,0,0,0
2021-07-03 14:52:34,27,0,10,37
2021-07-03 14:52:35,4,2,0,6
2021-07-03 14:52:36,1,0,0,1
2021-07-03 14:52:37,2,0,0,2
2021-07-03 14:52:38,2,0,0,2
2021-07-03 14:52:39,4,0,0,4
2021-07-03 14:52:40,29,1,13,43
2021-07-03 14:52:41,2,0,0,2
2021-07-03 14:52:42,0,0,0,0
2021-07-03 14:52:45,225,10,58,293
2021-07-03 14:52:46,0,0,0,0
2021-07-03 14:52:47,8,0,10,18
2021-07-03 14:52:50,68,5,28,101
2021-07-03 14:52:53,0,0,0,0
2021-07-03 14:52:54,2,0,0,2
2021-07-03 14:52:55,0,0,0,0
2021-07-03 14:52:56,8,0,1,9
2021-07-03 14:52:57,5,0,2,7
2021-07-03 14:52:59,1,0,0,1
2021-07-03 14:53:00,1,0,0,1
2021-07-03 14:53:02,141,2,34,177
2021-07-03 14:53:03,3,0,1,4
2021-07-03 14:53:04,2,0,0,2
2021-07-03 14:53:05,6,0,1,7
2021-07-03 14:53:06,0,0,0,0
2021-07-03 14:53:07,74,2,6,82
2021-07-03 14:53:08,32,2,14,48
2021-07-03 14:53:09,1,0,0,1
2021-07-03 14:53:12,0,0,0,0
2021-07-03 14:53:13,1,1,0,2
2021-07-03 14:53:14,0,0,0,0
2021-07-03 14:53:15,29,2,15,46
2021-07-03 14:53:16,0,0,1,1
2021-07-03 14:53:18,1,0,1,2
2021-07-03 14:53:19,0,0,0,0
2021-07-03 14:53:20,1,0,0,1
2021-07-03 14:53:21,2,0,0,2
2021-07-03 14:53:22,0,0,0,0
2021-07-03 14:53:24,0,0,0,0
2021-07-03 14:53:25,1,1,0,2
2021-07-03 14:53:26,0,0,0,0
2021-07-03 14:53:28,1,0,0,1
2021-07-03 14:53:31,1,0,0,1
2021-07-03 14:53:32,840,35,183,1058
2021-07-03 14:53:33,0,0,0,0
2021-07-03 14:53:34,0,0,0,0
2021-07-03 14:53:35,0,0,0,0
2021-07-03 14:53:36,39,2,14,55
2021-07-03 14:53:38,0,1,0,1
2021-07-03 14:53:39,0,0,0,0
2021-07-03 14:53:40,16,0,2,18
2021-07-03 14:53:41,120,0,46,166
2021-07-03 14:53:42,0,0,0,0
2021-07-03 14:53:44,1,0,0,1
2021-07-03 14:53:45,1,0,1,2
2021-07-03 14:53:48,44,0,0,44
2021-07-03 14:53:50,0,0,0,0
2021-07-03 14:53:51,1,0,0,1
2021-07-03 14:53:53,18,1,3,22
2021-07-03 14:53:54,1,0,0,1
2021-07-03 14:53:57,1,0,0,1
2021-07-03 14:53:58,3,0,0,3
2021-07-03 14:53:59,10,0,2,12
2021-07-03 14:54:00,14,0,1,15
2021-07-03 14:54:01,0,0,0,0
2021-07-03 14:54:02,3,1,1,5
2021-07-03 14:54:04,25,1,0,26
2021-07-03 14:54:05,5,1,0,6
2021-07-03 14:54:06,2,0,2,4
2021-07-03 14:54:07,1,0,0,1
2021-07-03 14:54:08,2,0,1,3
2021-07-03 14:54:09,1,0,0,1
2021-07-03 14:54:10,159,6,26,191
2021-07-03 14:54:11,8,0,1,9
2021-07-03 14:54:12,1,0,0,1
2021-07-03 14:54:13,1,0,1,2
2021-07-03 14:54:14,2,0,2,4
2021-07-03 14:54:15,38,2,6,46
2021-07-03 14:54:16,48,1,4,53
2021-07-03 14:54:17,0,0,0,0
2021-07-03 14:54:18,0,0,0,0
2021-07-03 14:54:19,0,0,0,0
2021-07-03 14:54:20,38,1,7,46
2021-07-03 14:54:21,1,0,1,2
2021-07-03 14:54:22,7,0,5,12
2021-07-03 14:54:23,0,0,0,0
2021-07-03 14:54:24,193,8,65,266
2021-07-03 14:54:26,48,2,6,56
2021-07-03 14:54:27,6,1,1,8
2021-07-03 14:54:28,3,0,1,4
2021-07-03 14:54:29,0,0,0,0
2021-07-03 14:54:30,1,0,0,1
2021-07-03 14:54:31,77,1,20,98
2021-07-03 14:54:32,4,0,3,7
2021-07-03 14:54:34,1378,42,98,1518
2021-07-03 14:54:35,0,0,0,0
2021-07-03 14:54:36,1,0,0,1
2021-07-03 14:54:37,3,1,0,4
2021-07-03 14:54:38,0,0,0,0
2021-07-03 14:54:39,1,0,0,1
2021-07-03 14:54:41,2,0,2,4
2021-07-03 14:54:42,2,0,0,2
2021-07-03 14:54:43,131,4,2,137
2021-07-03 14:54:46,33,1,7,41
2021-07-03 14:54:47,4,0,0,4
2021-07-03 14:54:48,0,0,0,0
2021-07-03 14:54:49,0,0,0,0
2021-07-03 14:54:50,7,0,4,11
2021-07-03 14:54:52,8,0,1,9
2021-07-03 14:54:53,0,0,0,0
2021-07-03 14:54:56,53,2,23,78
2021-07-03 14:54:57,76,0,18,94
2021-07-03 14:54:58,4,0,2,6
2021-07-03 14:54:59,7,0,0,7
2021-07-03 14:55:00,14,1,10,25
2021-07-03 14:55:01,5,0,0,5
2021-07-03 14:55:02,10,1,1,12
2021-07-03 14:55:03,0,0,0,0
2021-07-03 14:55:05,2,0,1,3
2021-07-03 14:55:07,1,0,1,2
2021-07-03 14:55:08,0,0,0,0
2021-07-03 14:55:11,0,0,0,0
2021-07-03 14:55:12,21,0,4,25
2021-07-03 14:55:13,2,0,0,2
2021-07-03 14:55:14,1,0,0,1
2021-07-03 14:55:15,4,0,1,5
2021-07-03 14:55:16,1,1,0,2
2021-07-03 14:55:18,5,0,0,5
2021-07-03 14:55:19,0,0,0,0
2021-07-03 14:55:20,0,0,0,0
2021-07-03 14:55:21,1,0,0,1
2021-07-03 14:55:27,0,0,0,0
2021-07-03 14:55:28,0,0,0,0
2021-07-03 14:55:30,1,0,0,1
2021-07-03 14:55:31,0,0,0,0
2021-07-03 14:55:32,0,0,0,0
2021-07-03 14:55:33,1,0,0,1
2021-07-03 14:55:34,4,0,1,5
2021-07-03 14:55:36,1,0,0,1
2021-07-03 14:55:37,0,0,0,0
2021-07-03 14:55:38,6,0,2,8
2021-07-03 14:55:39,0,0,0,0
2021-07-03 14:55:40,3,1,0,4
2021-07-03 14:55:41,142,4,38,184
2021-07-03 14:55:42,1,0,1,2
2021-07-03 14:55:43,0,0,0,0
2021-07-03 14:55:44,52,2,18,72
2021-07-03 14:55:45,31,0,7,38
2021-07-03 14:55:47,1426,36,226,1688
2021-07-03 14:55:49,36,3,12,51
2021-07-03 14:55:50,8,0,4,12
2021-07-03 14:55:51,0,0,0,0
2021-07-03 14:55:54,28,1,2,31
2021-07-03 14:55:57,7,1,3,11
2021-07-03 14:55:58,0,0,0,0
2021-07-03 14:55:59,1,0,0,1
2021-07-03 14:56:00,737,11,71,819
2021-07-03 14:56:01,1,0,1,2
2021-07-03 14:56:02,0,0,0,0
2021-07-03 14:56:03,0,0,0,0
2021-07-03 14:56:04,46,0,9,55
2021-07-03 14:56:05,1,0,1,2
2021-07-03 14:56:06,0,0,0,0
2021-07-03 14:56:07,24,1,7,32
2021-07-03 14:56:08,1126,29,246,1401
2021-07-03 14:56:09,15,0,12,27
2021-07-03 14:56:10,64,4,18,86
2021-07-03 14:56:11,1752,26,328,2106
2021-07-03 14:56:12,1,0,0,1
2021-07-03 14:56:13,2047,54,224,2325
2021-07-03 14:56:14,170,8,185,363
2021-07-03 14:56:15,2,0,2,4
2021-07-03 14:56:16,31,0,5,36
2021-07-03 14:56:17,25,0,6,31
2021-07-03 14:56:18,0,0,0,0
2021-07-03 14:56:19,1,0,0,1
2021-07-03 14:56:21,4,0,1,5
2021-07-03 14:56:23,3,0,1,4
2021-07-03 14:56:24,0,0,0,0
2021-07-03 14:56:25,0,0,0,0
2021-07-03 14:56:27,1,0,1,2
2021-07-03 14:56:28,0,0,0,0
2021-07-03 14:56:29,0,0,0,0
2021-07-03 14:56:30,0,0,0,0
2021-07-03 14:56:31,0,0,0,0
2021-07-03 14:56:33,46,4,10,60
2021-07-03 14:56:34,18,0,2,20
2021-07-03 14:56:35,3104,78,476,3658
2021-07-03 14:56:36,13,2,2,17
2021-07-03 14:56:37,0,0,0,0
2021-07-03 14:56:38,15,1,5,21
2021-07-03 14:56:39,1,0,0,1
2021-07-03 14:56:40,1,0,0,1
2021-07-03 14:56:41,1,0,0,1
2021-07-03 14:56:42,2,0,0,2
2021-07-03 14:56:43,0,0,0,0
2021-07-03 14:56:45,33,1,8,42
2021-07-03 14:56:46,1,0,0,1
2021-07-03 14:56:48,4,0,0,4
2021-07-03 14:56:49,0,0,0,0
2021-07-03 14:56:50,0,0,0,0
2021-07-03 14:56:51,0,1,0,1
2021-07-03 14:56:52,2,1,0,3
2021-07-03 14:56:53,93,27,19,139
2021-07-03 14:56:54,96,2,3,101
2021-07-03 14:56:55,14,0,0,14
2021-07-03 14:56:56,1802,39,124,1965
2021-07-03 14:56:57,1,0,0,1
2021-07-03 14:56:58,1,0,0,1
2021-07-03 14:56:59,0,0,0,0
2021-07-03 14:57:00,2,0,1,3
2021-07-03 14:57:01,7,0,0,7
2021-07-03 14:57:02,63,2,22,87
2021-07-03 14:57:03,5,0,1,6
2021-07-03 14:57:04,640,4,68,712
2021-07-03 14:57:06,0,0,0,0
2021-07-03 14:57:07,3,0,0,3
2021-07-03 14:57:08,5,0,0,5
2021-07-03 14:57:09,8,0,2,10
2021-07-03 14:57:11,4,0,1,5
2021-07-03 14:57:12,3,0,0,3
2021-07-03 14:57:13,2,0,0,2
2021-07-03 14:57:14,1,0,0,1
2021-07-03 14:57:15,1620,55,422,2097
2021-07-03 14:57:16,6,2,1,9
2021-07-03 14:57:19,154,4,40,198
2021-07-03 14:57:23,1,0,0,1
2021-07-03 14:57:24,6,1,0,7
2021-07-03 14:57:25,0,0,0,0
2021-07-03 14:57:26,11,1,0,12
2021-07-03 14:57:27,2,0,0,2
2021-07-03 14:57:28,2,0,1,3
2021-07-03 14:57:30,28,1,6,35
2021-07-03 14:57:31,12,0,2,14
2021-07-03 14:57:33,1,0,0,1
2021-07-03 14:57:34,4,0,0,4
2021-07-03 14:57:35,25,0,6,31
2021-07-03 14:57:37,3,0,1,4
2021-07-03 14:57:38,14,0,6,20
2021-07-03 14:57:39,4,0,0,4
2021-07-03 14:57:41,1,1,0,2
2021-07-03 14:57:42,9,0,1,10
2021-07-03 14:57:43,5,0,2,7
2021-07-03 14:57:45,2,0,1,3
2021-07-03 14:57:48,2,1,0,3
2021-07-03 14:57:50,0,0,0,0
2021-07-03 14:57:51,1,0,1,2
2021-07-03 14:57:53,0,0,0,0
2021-07-03 14:57:55,0,0,0,0
2021-07-03 14:57:56,4,0,0,4
2021-07-03 14:57:57,15,2,1,18
2021-07-03 14:57:58,0,0,0,0
2021-07-03 14:58:00,1,0,0,1
2021-07-03 14:58:01,1,0,0,1
2021-07-03 14:58:02,1,0,0,1
2021-07-03 14:58:03,42,0,16,58
2021-07-03 14:58:05,4,1,4,9
2021-07-03 14:58:07,1,0,0,1
2021-07-03 14:58:08,1,0,1,2
2021-07-03 14:58:12,3,0,1,4
2021-07-03 14:58:13,2,0,1,3
2021-07-03 14:58:15,5,0,4,9
2021-07-03 14:58:16,0,0,0,0
2021-07-03 14:58:17,0,0,0,0
2021-07-03 14:58:18,2,1,1,4
2021-07-03 14:58:19,2,0,0,2
2021-07-03 14:58:20,2183,91,301,2575
2021-07-03 14:58:21,0,0,0,0
2021-07-03 14:58:23,48,5,19,72
2021-07-03 14:58:24,3,0,0,3
2021-07-03 14:58:26,5,0,0,5
2021-07-03 14:58:29,1,0,0,1
2021-07-03 14:58:30,3,1,0,4
2021-07-03 14:58:32,1,0,0,1
2021-07-03 14:58:34,0,0,0,0
2021-07-03 14:58:35,1,0,0,1
2021-07-03 14:58:36,2,0,0,2
2021-07-03 14:58:37,3,0,1,4
2021-07-03 14:58:38,1,0,0,1
2021-07-03 14:58:39,3,0,0,3
2021-07-03 14:58:40,6,0,0,6
2021-07-03 14:58:42,2,0,1,3
2021-07-03 14:58:43,1,0,0,1
2021-07-03 14:58:44,2,0,3,5
2021-07-03 14:58:45,2,0,0,2
2021-07-03 14:58:46,1,0,0,1
2021-07-03 14:58:47,0,0,0,0
2021-07-03 14:58:48,0,0,0,0
2021-07-03 14:58:49,20,0,6,26
2021-07-03 14:58:50,0,0,0,0
2021-07-03 14:58:52,673,49,106,828
2021-07-03 14:58:53,12,0,2,14
2021-07-03 14:58:54,34,2,4,40
2021-07-03 14:58:55,0,0,0,0
2021-07-03 14:58:56,0,0,0,0
2021-07-03 14:58:58,0,0,0,0
2021-07-03 14:59:00,10,0,1,11
2021-07-03 14:59:01,6,1,1,8
2021-07-03 14:59:02,0,0,0,0
2021-07-03 14:59:03,0,0,0,0
2021-07-03 14:59:04,0,0,0,0
2021-07-03 14:59:05,1,0,0,1
2021-07-03 14:59:06,61,5,12,78
2021-07-03 14:59:07,4256,84,252,4592
2021-07-03 14:59:08,0,0,0,0
2021-07-03 14:59:09,0,0,0,0
2021-07-03 14:59:10,2,0,0,2
2021-07-03 14:59:11,2,0,0,2
2021-07-03 14:59:12,0,0,0,0
2021-07-03 14:59:13,31,0,0,31
2021-07-03 14:59:14,3,0,0,3
2021-07-03 14:59:15,0,0,0,0
2021-07-03 14:59:16,2,0,0,2
2021-07-03 14:59:17,0,0,0,0
2021-07-03 14:59:19,0,0,0,0
2021-07-03 14:59:20,0,0,0,0
2021-07-03 14:59:21,26,1,10,37
2021-07-03 14:59:22,1,0,0,1
2021-07-03 14:59:23,52,0,16,68
2021-07-03 14:59:24,0,0,0,0
2021-07-03 14:59:25,2,0,0,2
2021-07-03 14:59:26,0,0,0,0
2021-07-03 14:59:28,0,0,0,0
2021-07-03 14:59:29,110,4,18,132
2021-07-03 14:59:30,1,0,0,1
2021-07-03 14:59:32,38,2,16,56
2021-07-03 14:59:33,0,0,0,0
2021-07-03 14:59:34,261,6,51,318
2021-07-03 14:59:35,0,0,0,0
2021-07-03 14:59:36,12,0,0,12
2021-07-03 14:59:37,0,0,0,0
2021-07-03 14:59:38,9,0,1,10
2021-07-03 14:59:39,4,0,0,4
2021-07-03 14:59:40,0,0,0,0
2021-07-03 14:59:41,2,0,0,2
2021-07-03 14:59:42,2,0,1,3
2021-07-03 14:59:44,1,0,0,1
2021-07-03 14:59:45,0,0,0,0
2021-07-03 14:59:46,1,0,1,2
2021-07-03 14:59:47,3,1,0,4
2021-07-03 14:59:48,13,0,0,13
2021-07-03 14:59:49,10,2,0,12
2021-07-03 14:59:51,31,1,3,35
2021-07-03 14:59:52,9,0,0,9
2021-07-03 14:59:55,1,0,0,1
2021-07-03 14:59:56,3,0,0,3
2021-07-03 14:59:57,4,0,0,4
2021-07-03 14:59:58,2,0,0,2
2021-07-03 14:59:59,1,0,0,1
2021-07-03 15:00:00,452,9,149,610
2021-07-03 15:00:01,41,0,11,52
2021-07-03 15:00:02,2,0,0,2
2021-07-03 15:00:03,7,0,1,8
2021-07-03 15:00:04,174,0,38,212
2021-07-03 15:00:05,2,0,0,2
2021-07-03 15:00:08,0,0,0,0
2021-07-03 15:00:09,2,0,0,2
2021-07-03 15:00:10,1,0,0,1
2021-07-03 15:00:11,0,0,0,0
2021-07-03 15:00:12,0,0,0,0
2021-07-03 15:00:13,0,0,0,0
2021-07-03 15:00:14,8,0,2,10
2021-07-03 15:00:15,73,1,19,93
2021-07-03 15:00:16,1,0,0,1
2021-07-03 15:00:17,0,0,0,0
2021-07-03 15:00:18,12,0,3,15
2021-07-03 15:00:19,4,0,1,5
2021-07-03 15:00:20,516,68,57,641
2021-07-03 15:00:21,7,0,0,7
2021-07-03 15:00:22,7,0,1,8
2021-07-03 15:00:23,1,0,0,1
2021-07-03 15:00:27,1,0,1,2
2021-07-03 15:00:28,0,0,0,0
2021-07-03 15:00:29,4,0,0,4
2021-07-03 15:00:30,0,0,0,0
2021-07-03 15:00:31,4,1,0,5
2021-07-03 15:00:32,3,0,0,3
2021-07-03 15:00:33,2,1,0,3
2021-07-03 15:00:34,6,0,0,6
2021-07-03 15:00:35,1,0,1,2
2021-07-03 15:00:36,0,0,1,1
2021-07-03 15:00:37,8,0,1,9
2021-07-03 15:00:38,3,0,1,4
2021-07-03 15:00:39,3,0,1,4
2021-07-03 15:00:40,0,0,0,0
2021-07-03 15:00:41,0,0,0,0
2021-07-03 15:00:42,6,0,0,6
2021-07-03 15:00:44,1,0,0,1
2021-07-03 15:00:45,4,0,0,4
2021-07-03 15:00:46,2,0,0,2
2021-07-03 15:00:47,1,0,0,1
2021-07-03 15:00:49,3,0,0,3
2021-07-03 15:00:50,5,0,0,5
2021-07-03 15:00:52,7,2,0,9
2021-07-03 15:00:53,12,3,1,16
2021-07-03 15:00:54,8,1,0,9
2021-07-03 15:00:55,15,3,0,18
2021-07-03 15:00:56,6,2,0,8
2021-07-03 15:00:57,8,2,1,11
2021-07-03 15:00:58,1660,44,178,1882
2021-07-03 15:00:59,6,1,0,7
2021-07-03 15:01:00,2,0,0,2
2021-07-03 15:01:01,26,0,6,32
2021-07-03 15:01:02,224,4,50,278
2021-07-03 15:01:04,8,1,3,12
2021-07-03 15:01:05,64,2,15,81
2021-07-03 15:01:06,1,1,0,2
2021-07-03 15:01:07,0,0,0,0
2021-07-03 15:01:08,0,0,1,1
2021-07-03 15:01:09,1,0,0,1
2021-07-03 15:01:10,9,1,0,10
2021-07-03 15:01:11,60,0,11,71
2021-07-03 15:01:12,2,0,1,3
2021-07-03 15:01:13,0,0,0,0
2021-07-03 15:01:14,6,0,1,7
2021-07-03 15:01:15,1,0,0,1
2021-07-03 15:01:16,0,0,0,0
2021-07-03 15:01:17,1,0,0,1
2021-07-03 15:01:18,2,0,0,2
2021-07-03 15:01:19,16,2,2,20
2021-07-03 15:01:20,0,0,0,0
2021-07-03 15:01:21,0,0,0,0
2021-07-03 15:01:22,0,0,0,0
2021-07-03 15:01:23,0,0,0,0
2021-07-03 15:01:25,0,0,0,0
2021-07-03 15:01:26,1,0,0,1
2021-07-03 15:01:27,1,3,0,4
2021-07-03 15:01:28,3,0,0,3
2021-07-03 15:01:29,1,0,0,1
2021-07-03 15:01:30,0,0,0,0
2021-07-03 15:01:31,0,0,0,0
2021-07-03 15:01:33,3,0,1,4
2021-07-03 15:01:34,2,0,0,2
2021-07-03 15:01:36,3,0,0,3
2021-07-03 15:01:37,0,1,0,1
2021-07-03 15:01:38,1,0,1,2
2021-07-03 15:01:40,4,0,0,4
2021-07-03 15:01:43,0,0,1,1
2021-07-03 15:01:44,437,10,53,500
2021-07-03 15:01:45,0,0,0,0
2021-07-03 15:01:46,15,0,0,15
2021-07-03 15:01:47,2,0,0,2
2021-07-03 15:01:48,1,0,1,2
2021-07-03 15:01:49,31,2,14,47
2021-07-03 15:01:51,0,0,0,0
2021-07-03 15:01:52,285,18,64,367
2021-07-03 15:01:53,2,1,1,4
2021-07-03 15:01:54,10,0,6,16
2021-07-03 15:01:55,2,0,0,2
2021-07-03 15:01:56,35,1,10,46
2021-07-03 15:01:57,154,4,46,204
2021-07-03 15:02:00,28,2,4,34
2021-07-03 15:02:01,1,0,0,1
2021-07-03 15:02:02,0,0,0,0
2021-07-03 15:02:03,0,0,0,0
2021-07-03 15:02:04,1,0,1,2
2021-07-03 15:02:05,2,0,1,3
2021-07-03 15:02:06,36,0,6,42
2021-07-03 15:02:07,1,0,1,2
2021-07-03 15:02:09,2,0,0,2
2021-07-03 15:02:10,5,0,1,6
2021-07-03 15:02:11,5,0,2,7
2021-07-03 15:02:14,0,0,0,0
2021-07-03 15:02:15,230,11,34,275
2021-07-03 15:02:16,20,1,11,32
2021-07-03 15:02:17,0,0,0,0
2021-07-03 15:02:18,0,0,0,0
2021-07-03 15:02:19,16,2,0,18
2021-07-03 15:02:20,0,0,0,0
2021-07-03 15:02:21,1,0,0,1
2021-07-03 15:02:23,9,0,0,9
2021-07-03 15:02:24,18,2,0,20
2021-07-03 15:02:25,1,0,0,1
2021-07-03 15:02:26,9,0,0,9
2021-07-03 15:02:27,28,0,3,31
2021-07-03 15:02:29,827,25,146,998
2021-07-03 15:02:31,6,0,1,7
2021-07-03 15:02:32,12,1,1,14
2021-07-03 15:02:33,182,3,39,224
2021-07-03 15:02:34,5,0,0,5
2021-07-03 15:02:36,4,0,0,4
2021-07-03 15:02:37,28,0,1,29
2021-07-03 15:02:38,15,0,2,17
2021-07-03 15:02:39,9,1,0,10
2021-07-03 15:02:41,1,0,0,1
2021-07-03 15:02:42,0,0,0,0
2021-07-03 15:02:43,3,0,0,3
2021-07-03 15:02:44,1,0,0,1
2021-07-03 15:02:46,0,1,0,1
2021-07-03 15:02:47,1,0,0,1
2021-07-03 15:02:49,2,0,0,2
2021-07-03 15:02:51,2,0,0,2
2021-07-03 15:02:55,0,0,0,0
2021-07-03 15:02:56,0,0,0,0
2021-07-03 15:02:57,4,0,3,7
2021-07-03 15:02:58,0,0,0,0
2021-07-03 15:02:59,0,0,0,0
2021-07-03 15:03:00,210,0,48,258
2021-07-03 15:03:02,143,6,50,199
2021-07-03 15:03:03,0,0,0,0
2021-07-03 15:03:04,1,0,1,2
2021-07-03 15:03:05,1,0,1,2
2021-07-03 15:03:06,0,0,0,0
2021-07-03 15:03:07,0,0,0,0
2021-07-03 15:03:08,45,1,11,57
2021-07-03 15:03:10,292,6,80,378
2021-07-03 15:03:11,2,1,0,3
2021-07-03 15:03:12,0,0,0,0
2021-07-03 15:03:13,0,0,0,0
2021-07-03 15:03:14,14,0,3,17
2021-07-03 15:03:16,0,0,0,0
2021-07-03 15:03:17,0,0,0,0
2021-07-03 15:03:18,0,0,0,0
2021-07-03 15:03:19,0,0,0,0
2021-07-03 15:03:20,0,0,0,0
2021-07-03 15:03:22,50,2,1,53
2021-07-03 15:03:24,0,0,0,0
2021-07-03 15:03:25,0,0,0,0
2021-07-03 15:03:26,0,0,0,0
2021-07-03 15:03:27,0,0,0,0
2021-07-03 15:03:28,0,0,0,0
2021-07-03 15:03:29,94,6,32,132
2021-07-03 15:03:30,31,1,3,35
2021-07-03 15:03:31,4,0,2,6
2021-07-03 15:03:32,28,0,0,28
2021-07-03 15:03:33,5,0,1,6
2021-07-03 15:03:34,2,0,0,2
2021-07-03 15:03:35,0,0,0,0
2021-07-03 15:03:36,0,0,0,0
2021-07-03 15:03:37,6,0,0,6
2021-07-03 15:03:38,0,0,0,0
2021-07-03 15:03:39,11,1,1,13
2021-07-03 15:03:40,0,0,0,0
2021-07-03 15:03:41,62,1,18,81
2021-07-03 15:03:42,1,0,0,1
2021-07-03 15:03:43,0,0,0,0
2021-07-03 15:03:44,1,0,0,1
2021-07-03 15:03:45,190,6,42,238
2021-07-03 15:03:47,0,0,0,0
2021-07-03 15:03:48,31,2,10,43
2021-07-03 15:03:49,8,0,0,8
2021-07-03 15:03:50,12,0,3,15
2021-07-03 15:03:51,0,0,0,0
2021-07-03 15:03:52,14,1,6,21
2021-07-03 15:03:53,2,0,0,2
2021-07-03 15:03:54,10,0,0,10
2021-07-03 15:03:56,0,0,0,0
2021-07-03 15:03:57,16,0,6,22
2021-07-03 15:03:58,3,0,2,5
2021-07-03 15:03:59,1,0,0,1
2021-07-03 15:04:00,0,0,0,0
2021-07-03 15:04:01,1,1,0,2
2021-07-03 15:04:02,4,0,2,6
2021-07-03 15:04:03,0,0,0,0
2021-07-03 15:04:04,4,0,1,5
2021-07-03 15:04:05,0,0,0,0
2021-07-03 15:04:06,17,0,2,19
2021-07-03 15:04:07,0,0,0,0
2021-07-03 15:04:09,17,0,5,22
2021-07-03 15:04:11,2,0,0,2
2021-07-03 15:04:12,0,0,0,0
2021-07-03 15:04:13,565,10,155,730
2021-07-03 15:04:14,7,1,0,8
2021-07-03 15:04:15,3,2,0,5
2021-07-03 15:04:16,1,0,0,1
2021-07-03 15:04:17,2,1,0,3
2021-07-03 15:04:18,0,0,0,0
2021-07-03 15:04:19,0,0,1,1
2021-07-03 15:04:20,7,0,0,7
2021-07-03 15:04:21,7,0,2,9
2021-07-03 15:04:22,0,0,0,0
2021-07-03 15:04:23,55,5,17,77
2021-07-03 15:04:24,0,0,0,0
2021-07-03 15:04:25,2,0,0,2
2021-07-03 15:04:26,2,1,0,3
2021-07-03 15:04:28,14,3,2,19
2021-07-03 15:04:29,2,0,0,2
2021-07-03 15:04:30,2,0,0,2
2021-07-03 15:04:32,3,0,0,3
2021-07-03 15:04:33,0,0,0,0
2021-07-03 15:04:35,2,0,0,2
2021-07-03 15:04:36,2,0,0,2
2021-07-03 15:04:37,234,11,66,311
2021-07-03 15:04:38,3,0,1,4
2021-07-03 15:04:42,17,1,9,27
2021-07-03 15:04:43,2,0,1,3
2021-07-03 15:04:45,116,0,28,144
2021-07-03 15:04:46,9,3,3,15
2021-07-03 15:04:48,0,0,0,0
2021-07-03 15:04:51,1,0,1,2
2021-07-03 15:04:52,0,0,2,2
2021-07-03 15:04:55,1,0,0,1
2021-07-03 15:04:56,0,0,0,0
2021-07-03 15:04:57,0,1,0,1
2021-07-03 15:04:58,3,0,2,5
2021-07-03 15:04:59,3,1,0,4
2021-07-03 15:05:00,55,1,22,78
2021-07-03 15:05:01,0,0,0,0
2021-07-03 15:05:02,2,0,0,2
2021-07-03 15:05:04,0,0,0,0
2021-07-03 15:05:05,0,0,0,0
2021-07-03 15:05:06,27,0,11,38
2021-07-03 15:05:07,2,0,0,2
2021-07-03 15:05:09,0,0,0,0
2021-07-03 15:05:10,5,0,2,7
2021-07-03 15:05:11,1,0,0,1
2021-07-03 15:05:13,27,3,10,40
2021-07-03 15:05:15,1,0,1,2
2021-07-03 15:05:16,3,0,1,4
2021-07-03 15:05:17,1,0,0,1
2021-07-03 15:05:18,1,0,0,1
2021-07-03 15:05:21,2,0,1,3
2021-07-03 15:05:22,7,0,1,8
2021-07-03 15:05:23,113,5,22,140
2021-07-03 15:05:24,4,0,0,4
2021-07-03 15:05:25,0,0,0,0
2021-07-03 15:05:26,0,0,0,0
2021-07-03 15:05:27,0,0,0,0
2021-07-03 15:05:28,0,0,0,0
2021-07-03 15:05:29,48,10,19,77
2021-07-03 15:05:30,2,0,0,2
2021-07-03 15:05:34,2,0,2,4
2021-07-03 15:05:37,0,0,0,0
2021-07-03 15:05:38,0,0,0,0
2021-07-03 15:05:39,0,0,0,0
2021-07-03 15:05:40,1,0,0,1
2021-07-03 15:05:41,1,0,0,1
2021-07-03 15:05:42,254,4,1,259
2021-07-03 15:05:44,3,0,0,3
2021-07-03 15:05:46,1,0,0,1
2021-07-03 15:05:47,0,0,0,0
2021-07-03 15:05:48,11,0,0,11
2021-07-03 15:05:50,0,0,0,0
2021-07-03 15:05:51,1,0,0,1
2021-07-03 15:05:52,0,0,0,0
2021-07-03 15:05:54,0,0,0,0
2021-07-03 15:05:55,1,0,0,1
2021-07-03 15:05:56,2,1,1,4
2021-07-03 15:05:57,0,0,0,0
2021-07-03 15:05:58,2,0,1,3
2021-07-03 15:06:00,0,0,0,0
2021-07-03 15:06:01,1,0,0,1
2021-07-03 15:06:02,1,1,0,2
2021-07-03 15:06:04,3,1,2,6
2021-07-03 15:06:05,7,0,1,8
2021-07-03 15:06:07,0,0,0,0
2021-07-03 15:06:08,1,0,0,1
2021-07-03 15:06:10,122,2,13,137
2021-07-03 15:06:11,4,0,2,6
2021-07-03 15:06:13,0,0,0,0
2021-07-03 15:06:14,660,12,112,784
2021-07-03 15:06:15,5,0,0,5
2021-07-03 15:06:16,1,1,0,2
2021-07-03 15:06:17,1,0,0,1
2021-07-03 15:06:19,1,0,0,1
2021-07-03 15:06:20,2,0,0,2
2021-07-03 15:06:21,2,1,1,4
2021-07-03 15:06:22,39,2,2,43
2021-07-03 15:06:23,0,0,0,0
2021-07-03 15:06:24,0,0,0,0
2021-07-03 15:06:26,3,2,1,6
2021-07-03 15:06:27,0,0,0,0
2021-07-03 15:06:28,1,0,0,1
2021-07-03 15:06:29,1,0,0,1
2021-07-03 15:06:31,3,1,2,6
2021-07-03 15:06:32,0,0,0,0
2021-07-03 15:06:33,1,0,0,1
2021-07-03 15:06:34,1,0,0,1
2021-07-03 15:06:36,0,0,0,0
2021-07-03 15:06:37,3,0,3,6
2021-07-03 15:06:38,46,0,9,55
2021-07-03 15:06:39,1,1,0,2
2021-07-03 15:06:40,0,0,2,2
2021-07-03 15:06:41,60,0,9,69
2021-07-03 15:06:42,0,0,0,0
2021-07-03 15:06:43,23,0,2,25
2021-07-03 15:06:44,3,0,1,4
2021-07-03 15:06:47,0,1,0,1
2021-07-03 15:06:48,2,0,1,3
2021-07-03 15:06:49,0,0,0,0
2021-07-03 15:06:50,199,8,65,272
2021-07-03 15:06:51,2,0,0,2
2021-07-03 15:06:52,2,0,0,2
2021-07-03 15:06:53,0,0,0,0
2021-07-03 15:06:54,0,0,0,0
2021-07-03 15:06:55,3,0,0,3
2021-07-03 15:06:56,0,0,0,0
2021-07-03 15:06:57,246,4,47,297
2021-07-03 15:06:59,0,0,1,1
2021-07-03 15:07:01,0,0,0,0
2021-07-03 15:07:02,92,5,7,104
2021-07-03 15:07:03,3,0,2,5
2021-07-03 15:07:04,0,0,0,0
2021-07-03 15:07:05,6,1,0,7
2021-07-03 15:07:06,0,0,0,0
2021-07-03 15:07:07,1,0,0,1
2021-07-03 15:07:08,0,0,0,0
2021-07-03 15:07:11,0,0,0,0
2021-07-03 15:07:12,1,0,1,2
2021-07-03 15:07:13,1,0,0,1
2021-07-03 15:07:14,6,0,3,9
2021-07-03 15:07:15,7,0,1,8
2021-07-03 15:07:16,41,0,8,49
2021-07-03 15:07:17,6,0,2,8
2021-07-03 15:07:18,4,3,1,8
2021-07-03 15:07:19,3,0,3,6
2021-07-03 15:07:20,0,0,0,0
2021-07-03 15:07:21,20,0,3,23
2021-07-03 15:07:22,4,0,2,6
2021-07-03 15:07:23,1,0,0,1
2021-07-03 15:07:25,5,0,1,6
2021-07-03 15:07:27,2,0,1,3
2021-07-03 15:07:29,1,0,1,2
2021-07-03 15:07:33,4,0,2,6
2021-07-03 15:07:34,0,0,0,0
2021-07-03 15:07:36,1,0,1,2
2021-07-03 15:07:38,16,0,2,18
2021-07-03 15:07:39,6,0,1,7
2021-07-03 15:07:40,1,0,0,1
2021-07-03 15:07:42,115,4,36,155
2021-07-03 15:07:43,6,0,2,8
2021-07-03 15:07:45,23,0,5,28
2021-07-03 15:07:47,0,0,0,0
2021-07-03 15:07:48,2,0,0,2
2021-07-03 15:07:49,0,0,0,0
2021-07-03 15:07:50,24,0,4,28
2021-07-03 15:07:51,0,0,0,0
2021-07-03 15:07:52,3,0,0,3
2021-07-03 15:07:54,0,0,0,0
2021-07-03 15:07:55,0,0,0,0
2021-07-03 15:07:56,0,0,0,0
2021-07-03 15:07:58,1,0,0,1
2021-07-03 15:07:59,0,0,0,0
2021-07-03 15:08:00,9,2,0,11
2021-07-03 15:08:01,93,1,7,101
2021-07-03 15:08:06,4,0,0,4
2021-07-03 15:08:07,1,0,0,1
2021-07-03 15:08:08,3,1,2,6
2021-07-03 15:08:09,2,0,0,2
2021-07-03 15:08:10,17,0,5,22
2021-07-03 15:08:11,0,0,0,0
2021-07-03 15:08:12,74,1,6,81
2021-07-03 15:08:13,1,0,0,1
2021-07-03 15:08:14,0,1,0,1
2021-07-03 15:08:15,19,0,6,25
2021-07-03 15:08:17,1,0,0,1
2021-07-03 15:08:18,2,0,1,3
2021-07-03 15:08:19,8,0,2,10
2021-07-03 15:08:21,0,0,0,0
2021-07-03 15:08:24,0,0,0,0
2021-07-03 15:08:25,1,0,0,1
2021-07-03 15:08:26,0,0,0,0
2021-07-03 15:08:27,1,0,0,1
2021-07-03 15:08:28,1,0,0,1
2021-07-03 15:08:29,10,0,2,12
2021-07-03 15:08:30,5,0,1,6
2021-07-03 15:08:32,1,0,0,1
2021-07-03 15:08:33,1,0,0,1
2021-07-03 15:08:35,1,0,0,1
2021-07-03 15:08:36,51,2,7,60
2021-07-03 15:08:38,0,0,0,0
2021-07-03 15:08:39,0,0,0,0
2021-07-03 15:08:40,8,0,2,10
2021-07-03 15:08:41,0,0,0,0
2021-07-03 15:08:43,6,0,3,9
2021-07-03 15:08:45,2,0,0,2
2021-07-03 15:08:46,2,0,0,2
2021-07-03 15:08:47,0,0,0,0
2021-07-03 15:08:48,1,0,0,1
2021-07-03 15:08:49,13,1,6,20
2021-07-03 15:08:50,0,0,0,0
2021-07-03 15:08:53,1,0,0,1
2021-07-03 15:08:54,100,3,19,122
2021-07-03 15:08:55,3,0,1,4
2021-07-03 15:08:56,0,0,0,0
2021-07-03 15:08:57,4,0,0,4
2021-07-03 15:08:58,30,1,5,36
2021-07-03 15:08:59,3,0,0,3
2021-07-03 15:09:01,10,0,1,11
2021-07-03 15:09:04,1,0,0,1
2021-07-03 15:09:05,5,1,0,6
2021-07-03 15:09:06,1,0,1,2
2021-07-03 15:09:07,18,1,4,23
2021-07-03 15:09:08,2,0,0,2
2021-07-03 15:09:09,26,1,4,31
2021-07-03 15:09:11,4,0,1,5
2021-07-03 15:09:12,0,0,0,0
2021-07-03 15:09:14,5,0,1,6
2021-07-03 15:09:15,2,0,2,4
2021-07-03 15:09:16,9,0,0,9
2021-07-03 15:09:17,1,0,0,1
2021-07-03 15:09:18,168,6,61,235
2021-07-03 15:09:19,12,0,7,19
2021-07-03 15:09:20,253,9,81,343
2021-07-03 15:09:21,0,1,0,1
2021-07-03 15:09:22,0,0,0,0
2021-07-03 15:09:23,23,2,4,29
2021-07-03 15:09:24,1,0,0,1
2021-07-03 15:09:25,2,0,0,2
2021-07-03 15:09:26,8,2,2,12
2021-07-03 15:09:27,0,0,0,0
2021-07-03 15:09:30,3,0,2,5
2021-07-03 15:09:32,5,3,0,8
2021-07-03 15:09:33,0,0,0,0
2021-07-03 15:09:34,5,0,0,5
2021-07-03 15:09:35,0,0,0,0
2021-07-03 15:09:36,53,2,16,71
2021-07-03 15:09:37,3,0,0,3
2021-07-03 15:09:39,13,0,2,15
2021-07-03 15:09:41,0,0,1,1
2021-07-03 15:09:42,0,0,0,0
2021-07-03 15:09:43,0,0,0,0
2021-07-03 15:09:44,1,0,0,1
2021-07-03 15:09:45,0,0,0,0
2021-07-03 15:09:46,0,0,0,0
2021-07-03 15:09:47,5835,50,250,6135
2021-07-03 15:09:48,0,0,0,0
2021-07-03 15:09:49,0,0,0,0
2021-07-03 15:09:50,0,0,0,0
2021-07-03 15:09:51,1,0,0,1
2021-07-03 15:09:52,1,1,0,2
2021-07-03 15:09:54,0,0,0,0
2021-07-03 15:09:55,2,1,2,5
2021-07-03 15:09:56,0,0,0,0
2021-07-03 15:09:58,0,0,0,0
2021-07-03 15:09:59,1,0,0,1
2021-07-03 15:10:00,696,22,212,930
2021-07-03 15:10:01,395,5,83,483
2021-07-03 15:10:02,248,2,59,309
2021-07-03 15:10:03,4,0,0,4
2021-07-03 15:10:04,1,0,0,1
2021-07-03 15:10:05,3,2,1,6
2021-07-03 15:10:06,1,0,0,1
2021-07-03 15:10:07,1,0,0,1
2021-07-03 15:10:10,4,0,0,4
2021-07-03 15:10:13,1,0,2,3
2021-07-03 15:10:14,4,0,0,4
2021-07-03 15:10:15,0,0,0,0
2021-07-03 15:10:16,14,0,1,15
2021-07-03 15:10:17,2,0,0,2
2021-07-03 15:10:18,1,0,0,1
2021-07-03 15:10:20,26,8,6,40
2021-07-03 15:10:21,1,0,0,1
2021-07-03 15:10:22,20,0,4,24
2021-07-03 15:10:23,0,0,0,0
2021-07-03 15:10:25,4,0,0,4
2021-07-03 15:10:26,1,0,0,1
2021-07-03 15:10:27,3,0,0,3
2021-07-03 15:10:28,2,0,0,2
2021-07-03 15:10:29,6,0,4,10
2021-07-03 15:10:30,0,0,0,0
2021-07-03 15:10:32,8,1,1,10
2021-07-03 15:10:33,123,8,0,131
2021-07-03 15:10:34,1,0,0,1
2021-07-03 15:10:35,2,0,0,2
2021-07-03 15:10:36,0,0,0,0
2021-07-03 15:10:37,2,0,1,3
2021-07-03 15:10:38,42,1,10,53
2021-07-03 15:10:40,14,0,4,18
2021-07-03 15:10:41,0,0,0,0
2021-07-03 15:10:42,0,0,0,0
2021-07-03 15:10:43,2,0,0,2
2021-07-03 15:10:44,1,0,0,1
2021-07-03 15:10:47,0,0,0,0
2021-07-03 15:10:48,4,0,1,5
2021-07-03 15:10:50,0,0,0,0
2021-07-03 15:10:51,1,0,0,1
2021-07-03 15:10:52,1,1,0,2
2021-07-03 15:10:53,0,0,0,0
2021-07-03 15:10:55,6,0,1,7
2021-07-03 15:10:56,4,0,2,6
2021-07-03 15:10:57,0,0,0,0
2021-07-03 15:10:58,1,0,0,1
2021-07-03 15:10:59,3,0,0,3
2021-07-03 15:11:00,9,0,1,10
2021-07-03 15:11:02,0,0,0,0
2021-07-03 15:11:03,5,0,0,5
2021-07-03 15:11:04,1,0,0,1
2021-07-03 15:11:06,0,0,0,0
2021-07-03 15:11:07,0,0,0,0
2021-07-03 15:11:08,0,0,0,0
2021-07-03 15:11:09,0,0,0,0
2021-07-03 15:11:10,2,0,0,2
2021-07-03 15:11:12,11,0,1,12
2021-07-03 15:11:13,1,0,0,1
2021-07-03 15:11:15,0,0,0,0
2021-07-03 15:11:16,0,0,0,0
2021-07-03 15:11:17,0,0,0,0
2021-07-03 15:11:18,0,0,0,0
2021-07-03 15:11:19,1,0,1,2
2021-07-03 15:11:21,15,0,6,21
2021-07-03 15:11:23,0,0,0,0
2021-07-03 15:11:24,0,0,0,0
2021-07-03 15:11:25,0,0,0,0
2021-07-03 15:11:26,0,0,0,0
2021-07-03 15:11:27,0,0,0,0
2021-07-03 15:11:28,1,0,0,1
2021-07-03 15:11:29,0,0,0,0
2021-07-03 15:11:30,0,0,0,0
2021-07-03 15:11:32,1,0,0,1
2021-07-03 15:11:33,1,0,0,1
2021-07-03 15:11:34,1,0,0,1
2021-07-03 15:11:35,0,0,0,0
2021-07-03 15:11:36,0,0,1,1
2021-07-03 15:11:37,253,4,29,286
2021-07-03 15:11:38,31,3,8,42
2021-07-03 15:11:39,601,17,155,773
2021-07-03 15:11:43,0,0,0,0
2021-07-03 15:11:44,0,0,0,0
2021-07-03 15:11:45,2,0,1,3
2021-07-03 15:11:46,0,0,0,0
2021-07-03 15:11:47,0,0,0,0
2021-07-03 15:11:48,5,0,3,8
2021-07-03 15:11:49,20,0,7,27
2021-07-03 15:11:51,15,0,5,20
2021-07-03 15:11:52,4,0,0,4
2021-07-03 15:11:53,11,0,5,16
2021-07-03 15:11:54,12,1,4,17
2021-07-03 15:11:57,706,22,164,892
2021-07-03 15:11:58,3,0,1,4
2021-07-03 15:11:59,6,0,1,7
2021-07-03 15:12:00,0,0,0,0
2021-07-03 15:12:03,0,0,0,0
2021-07-03 15:12:04,1,0,0,1
2021-07-03 15:12:06,1,0,0,1
2021-07-03 15:12:07,2,0,1,3
2021-07-03 15:12:10,28,1,12,41
2021-07-03 15:12:12,179,6,55,240
2021-07-03 15:12:13,6,0,3,9
2021-07-03 15:12:14,6,0,3,9
2021-07-03 15:12:15,202,1,6,209
2021-07-03 15:12:16,0,0,0,0
2021-07-03 15:12:19,11,0,1,12
2021-07-03 15:12:20,0,0,0,0
2021-07-03 15:12:21,1,1,0,2
2021-07-03 15:12:22,3,1,0,4
2021-07-03 15:12:23,6,4,0,10
2021-07-03 15:12:24,4,2,0,6
2021-07-03 15:12:25,5,2,0,7
2021-07-03 15:12:26,1,2,0,3
2021-07-03 15:12:28,3,1,0,4
2021-07-03 15:12:29,6,2,4,12
2021-07-03 15:12:30,11,2,1,14
2021-07-03 15:12:31,0,0,0,0
2021-07-03 15:12:33,37,0,6,43
2021-07-03 15:12:38,16,0,3,19
2021-07-03 15:12:39,2,0,0,2
2021-07-03 15:12:40,1,0,1,2
2021-07-03 15:12:41,0,0,0,0
2021-07-03 15:12:44,0,0,0,0
2021-07-03 15:12:45,0,0,0,0
2021-07-03 15:12:46,0,0,0,0
2021-07-03 15:12:47,0,0,0,0
2021-07-03 15:12:48,1,0,0,1
2021-07-03 15:12:49,4,0,1,5
2021-07-03 15:12:50,0,0,0,0
2021-07-03 15:12:52,0,0,0,0
2021-07-03 15:12:53,1,0,0,1
2021-07-03 15:12:54,1,0,0,1
2021-07-03 15:12:55,0,0,0,0
2021-07-03 15:12:56,1,0,0,1
2021-07-03 15:12:58,5,0,1,6
2021-07-03 15:12:59,322,5,64,391
2021-07-03 15:13:00,234,2,52,288
2021-07-03 15:13:01,1,0,0,1
2021-07-03 15:13:02,8,1,1,10
2021-07-03 15:13:03,3,0,0,3
2021-07-03 15:13:04,2,0,0,2
2021-07-03 15:13:05,16,0,4,20
2021-07-03 15:13:07,11,0,3,14
2021-07-03 15:13:08,1,0,1,2
2021-07-03 15:13:09,2,0,0,2
2021-07-03 15:13:13,1337,34,118,1489
2021-07-03 15:13:15,2,0,0,2
2021-07-03 15:13:16,2,0,1,3
2021-07-03 15:13:19,2,0,1,3
2021-07-03 15:13:20,0,0,0,0
2021-07-03 15:13:24,2,1,0,3
2021-07-03 15:13:25,2,0,0,2
2021-07-03 15:13:26,0,0,0,0
2021-07-03 15:13:27,0,0,0,0
2021-07-03 15:13:28,9,0,4,13
2021-07-03 15:13:29,6,0,1,7
2021-07-03 15:13:30,1,0,1,2
2021-07-03 15:13:31,1,0,0,1
2021-07-03 15:13:32,0,0,0,0
2021-07-03 15:13:33,1,0,0,1
2021-07-03 15:13:35,3,0,1,4
2021-07-03 15:13:36,9,0,3,12
2021-07-03 15:13:38,5,1,2,8
2021-07-03 15:13:40,4,0,1,5
2021-07-03 15:13:41,284,6,76,366
2021-07-03 15:13:42,6,2,4,12
2021-07-03 15:13:43,3,1,0,4
2021-07-03 15:13:44,1,0,1,2
2021-07-03 15:13:45,0,0,0,0
2021-07-03 15:13:46,2,0,0,2
2021-07-03 15:13:48,3,1,0,4
2021-07-03 15:13:50,7,0,1,8
2021-07-03 15:13:51,3,0,1,4
2021-07-03 15:13:52,1,0,0,1
2021-07-03 15:13:53,7,0,1,8
2021-07-03 15:13:54,3,1,2,6
2021-07-03 15:13:55,1,0,0,1
2021-07-03 15:13:56,1,3,0,4
2021-07-03 15:13:57,0,0,0,0
2021-07-03 15:13:58,0,0,0,0
2021-07-03 15:13:59,1,0,0,1
2021-07-03 15:14:00,0,0,0,0
2021-07-03 15:14:01,5,0,0,5
2021-07-03 15:14:02,9,0,0,9
2021-07-03 15:14:04,0,0,0,0
2021-07-03 15:14:06,2,0,0,2
2021-07-03 15:14:07,4,0,3,7
2021-07-03 15:14:08,6,0,1,7
2021-07-03 15:14:10,3,1,0,4
2021-07-03 15:14:11,1,0,0,1
2021-07-03 15:14:12,31,8,13,52
2021-07-03 15:14:13,206,6,41,253
2021-07-03 15:14:14,6,0,1,7
2021-07-03 15:14:15,30,1,3,34
2021-07-03 15:14:17,8,0,3,11
2021-07-03 15:14:18,7,0,2,9
2021-07-03 15:14:19,3,0,1,4
2021-07-03 15:14:21,10,0,2,12
2021-07-03 15:14:22,17,0,5,22
2021-07-03 15:14:23,32,0,2,34
2021-07-03 15:14:24,3,0,1,4
2021-07-03 15:14:25,1686,41,86,1813
2021-07-03 15:14:26,22,0,3,25
2021-07-03 15:14:27,10,0,2,12
2021-07-03 15:14:31,3,0,2,5
2021-07-03 15:14:32,1,0,0,1
2021-07-03 15:14:34,11,0,3,14
2021-07-03 15:14:35,0,0,0,0
2021-07-03 15:14:36,4,0,2,6
2021-07-03 15:14:37,5,0,1,6
2021-07-03 15:14:38,4,0,0,4
2021-07-03 15:14:39,2,0,0,2
2021-07-03 15:14:40,136,1,51,188
2021-07-03 15:14:41,2,0,1,3
2021-07-03 15:14:43,2997,15,164,3176
2021-07-03 15:14:44,4,1,1,6
2021-07-03 15:14:46,58,0,23,81
2021-07-03 15:14:47,0,0,0,0
2021-07-03 15:14:48,70,9,11,90
2021-07-03 15:14:49,3,0,0,3
2021-07-03 15:14:50,0,0,0,0
2021-07-03 15:14:51,1,0,1,2
2021-07-03 15:14:52,1954,73,240,2267
2021-07-03 15:14:53,0,0,0,0
2021-07-03 15:14:54,8,0,1,9
2021-07-03 15:14:56,2,0,1,3
2021-07-03 15:14:57,596,12,142,750
2021-07-03 15:14:58,0,0,0,0
2021-07-03 15:14:59,0,0,0,0
2021-07-03 15:15:00,640,16,165,821
2021-07-03 15:15:01,5,0,1,6
2021-07-03 15:15:02,2,0,1,3
2021-07-03 15:15:03,2,0,0,2
2021-07-03 15:15:05,0,0,0,0
2021-07-03 15:15:06,2,0,1,3
2021-07-03 15:15:07,3,0,1,4
2021-07-03 15:15:10,1,0,0,1
2021-07-03 15:15:11,2,0,1,3
2021-07-03 15:15:14,1,0,0,1
2021-07-03 15:15:15,145,2,34,181
2021-07-03 15:15:17,16,1,4,21
2021-07-03 15:15:18,20,0,5,25
2021-07-03 15:15:19,11,2,2,15
2021-07-03 15:15:20,64,0,8,72
2021-07-03 15:15:21,1,0,0,1
2021-07-03 15:15:23,0,0,0,0
2021-07-03 15:15:24,0,0,0,0
2021-07-03 15:15:25,6,0,1,7
2021-07-03 15:15:26,65,0,14,79
2021-07-03 15:15:27,6,0,2,8
2021-07-03 15:15:28,0,0,0,0
2021-07-03 15:15:29,2,0,0,2
2021-07-03 15:15:30,2,0,1,3
2021-07-03 15:15:33,0,0,0,0
2021-07-03 15:15:35,0,0,0,0
2021-07-03 15:15:37,18,0,6,24
2021-07-03 15:15:38,1,0,0,1
2021-07-03 15:15:39,0,0,0,0
2021-07-03 15:15:40,2,0,0,2
2021-07-03 15:15:41,1,0,0,1
2021-07-03 15:15:42,1,0,0,1
2021-07-03 15:15:45,35,0,10,45
2021-07-03 15:15:46,0,0,0,0
2021-07-03 15:15:47,47,6,20,73
2021-07-03 15:15:48,3,0,0,3
2021-07-03 15:15:49,0,0,0,0
2021-07-03 15:15:52,6,1,1,8
2021-07-03 15:15:53,0,0,0,0
2021-07-03 15:15:55,0,0,0,0
2021-07-03 15:15:56,2,0,0,2
2021-07-03 15:15:57,68,4,0,72
2021-07-03 15:16:01,14,0,1,15
2021-07-03 15:16:03,4,0,0,4
2021-07-03 15:16:04,0,0,0,0
2021-07-03 15:16:05,25,2,15,42
2021-07-03 15:16:06,1,0,0,1
2021-07-03 15:16:07,1,1,0,2
2021-07-03 15:16:09,112,1,22,135
2021-07-03 15:16:14,83,4,23,110
2021-07-03 15:16:15,1,1,1,3
2021-07-03 15:16:16,7,2,1,10
2021-07-03 15:16:17,1,1,0,2
2021-07-03 15:16:19,4,1,0,5
2021-07-03 15:16:20,3,2,0,5
2021-07-03 15:16:22,1,0,0,1
2021-07-03 15:16:23,5,2,9,16
2021-07-03 15:16:24,4,0,3,7
2021-07-03 15:16:25,60,10,48,118
2021-07-03 15:16:26,5,2,4,11
2021-07-03 15:16:27,51,2,27,80
2021-07-03 15:16:28,1,1,1,3
2021-07-03 15:16:29,5,1,6,12
2021-07-03 15:16:30,2,1,0,3
2021-07-03 15:16:33,12,2,3,17
2021-07-03 15:16:34,0,0,0,0
2021-07-03 15:16:35,0,0,0,0
2021-07-03 15:16:36,7,0,1,8
2021-07-03 15:16:37,2,0,2,4
2021-07-03 15:16:38,5,0,0,5
2021-07-03 15:16:41,15,0,8,23
2021-07-03 15:16:43,0,0,0,0
2021-07-03 15:16:44,1,0,0,1
2021-07-03 15:16:45,0,0,0,0
2021-07-03 15:16:47,1,0,0,1
2021-07-03 15:16:48,25,1,1,27
2021-07-03 15:16:49,1,0,0,1
2021-07-03 15:16:51,0,0,0,0
2021-07-03 15:16:52,11,0,0,11
2021-07-03 15:16:53,378,12,79,469
2021-07-03 15:16:54,0,0,0,0
2021-07-03 15:16:55,0,0,0,0
2021-07-03 15:16:56,3,1,0,4
2021-07-03 15:16:57,1,0,0,1
2021-07-03 15:16:58,0,0,0,0
2021-07-03 15:16:59,1,0,0,1
2021-07-03 15:17:00,155,2,37,194
2021-07-03 15:17:01,2,0,0,2
2021-07-03 15:17:03,2,0,1,3
2021-07-03 15:17:04,2,0,1,3
2021-07-03 15:17:05,26,4,8,38
2021-07-03 15:17:06,5922,62,724,6708
2021-07-03 15:17:07,8,0,5,13
2021-07-03 15:17:08,1,0,1,2
2021-07-03 15:17:09,0,0,0,0
2021-07-03 15:17:10,1,0,0,1
2021-07-03 15:17:12,37,2,7,46
2021-07-03 15:17:13,1,0,1,2
2021-07-03 15:17:16,2,0,0,2
2021-07-03 15:17:18,1,0,0,1
2021-07-03 15:17:19,0,1,0,1
2021-07-03 15:17:20,146,2,19,167
2021-07-03 15:17:21,0,0,0,0
2021-07-03 15:17:22,1,0,0,1
2021-07-03 15:17:23,0,0,0,0
2021-07-03 15:17:24,5,0,0,5
2021-07-03 15:17:26,4,0,2,6
2021-07-03 15:17:27,1,0,0,1
2021-07-03 15:17:28,3,0,0,3
2021-07-03 15:17:29,6,1,1,8
2021-07-03 15:17:30,8,1,1,10
2021-07-03 15:17:31,0,0,0,0
2021-07-03 15:17:32,0,0,0,0
2021-07-03 15:17:33,5,0,0,5
2021-07-03 15:17:34,2,0,0,2
2021-07-03 15:17:35,7,0,0,7
2021-07-03 15:17:36,12,0,4,16
2021-07-03 15:17:37,53,2,21,76
2021-07-03 15:17:39,2,0,2,4
2021-07-03 15:17:40,0,0,0,0
2021-07-03 15:17:42,14,0,4,18
2021-07-03 15:17:43,2,0,0,2
2021-07-03 15:17:44,5,0,2,7
2021-07-03 15:17:46,70,5,0,75
2021-07-03 15:17:48,6,0,2,8
2021-07-03 15:17:50,2,0,1,3
2021-07-03 15:17:51,1,0,1,2
2021-07-03 15:17:52,1,0,1,2
2021-07-03 15:17:53,31,3,10,44
2021-07-03 15:17:54,1,0,0,1
2021-07-03 15:17:55,1,0,2,3
2021-07-03 15:17:57,0,0,0,0
2021-07-03 15:18:00,192,12,57,261
2021-07-03 15:18:02,1,0,1,2
2021-07-03 15:18:03,4,0,0,4
2021-07-03 15:18:04,3,0,2,5
2021-07-03 15:18:05,1,0,0,1
2021-07-03 15:18:06,53,0,12,65
2021-07-03 15:18:08,5,1,1,7
2021-07-03 15:18:09,15,1,4,20
2021-07-03 15:18:10,5,1,2,8
2021-07-03 15:18:11,6,0,6,12
2021-07-03 15:18:14,112,3,43,158
2021-07-03 15:18:16,2,0,2,4
2021-07-03 15:18:17,8,0,2,10
2021-07-03 15:18:18,6,0,2,8
2021-07-03 15:18:19,28,0,12,40
2021-07-03 15:18:20,15,0,7,22
2021-07-03 15:18:21,4,0,0,4
2021-07-03 15:18:22,5,1,0,6
2021-07-03 15:18:23,19,0,5,24
2021-07-03 15:18:24,0,0,0,0
2021-07-03 15:18:26,0,0,1,1
2021-07-03 15:18:27,415,7,96,518
2021-07-03 15:18:28,1,0,0,1
2021-07-03 15:18:29,3,0,0,3
2021-07-03 15:18:30,1,0,1,2
2021-07-03 15:18:31,0,0,0,0
2021-07-03 15:18:32,1,0,0,1
2021-07-03 15:18:33,3,0,0,3
2021-07-03 15:18:37,9,0,6,15
2021-07-03 15:18:38,12,1,4,17
2021-07-03 15:18:39,0,0,0,0
2021-07-03 15:18:40,1,0,0,1
2021-07-03 15:18:41,15,0,1,16
2021-07-03 15:18:42,4,0,0,4
2021-07-03 15:18:43,24,1,8,33
2021-07-03 15:18:44,2,0,0,2
2021-07-03 15:18:45,1,0,0,1
2021-07-03 15:18:46,1,0,0,1
2021-07-03 15:18:47,6,0,0,6
2021-07-03 15:18:48,0,0,0,0
2021-07-03 15:18:49,0,0,0,0
2021-07-03 15:18:50,1,0,0,1
2021-07-03 15:18:51,0,0,0,0
2021-07-03 15:18:52,84,5,35,124
2021-07-03 15:18:54,3,0,0,3
2021-07-03 15:18:57,2,0,1,3
2021-07-03 15:19:00,0,0,0,0
2021-07-03 15:19:01,1,0,0,1
2021-07-03 15:19:02,0,0,1,1
2021-07-03 15:19:03,1,0,1,2
2021-07-03 15:19:04,1,0,0,1
2021-07-03 15:19:05,0,0,0,0
2021-07-03 15:19:06,0,0,0,0
2021-07-03 15:19:07,2,0,0,2
2021-07-03 15:19:08,0,0,0,0
2021-07-03 15:19:09,1,1,0,2
2021-07-03 15:19:11,0,0,0,0
2021-07-03 15:19:12,1,3,0,4
2021-07-03 15:19:15,1,0,0,1
2021-07-03 15:19:16,2,1,3,6
2021-07-03 15:19:17,0,0,0,0
2021-07-03 15:19:19,0,0,0,0
2021-07-03 15:19:20,0,0,0,0
2021-07-03 15:19:21,1,0,0,1
2021-07-03 15:19:22,3,0,2,5
2021-07-03 15:19:23,0,0,0,0
2021-07-03 15:19:24,52,0,6,58
2021-07-03 15:19:25,9,0,1,10
2021-07-03 15:19:26,323,8,64,395
2021-07-03 15:19:28,0,0,0,0
2021-07-03 15:19:29,0,0,0,0
2021-07-03 15:19:31,14,0,3,17
2021-07-03 15:19:32,4,0,1,5
2021-07-03 15:19:33,1,0,0,1
2021-07-03 15:19:35,0,0,0,0
2021-07-03 15:19:36,0,0,0,0
2021-07-03 15:19:37,0,0,0,0
2021-07-03 15:19:39,0,0,0,0
2021-07-03 15:19:41,0,0,0,0
2021-07-03 15:19:42,0,0,0,0
2021-07-03 15:19:43,0,0,0,0
2021-07-03 15:19:44,2,0,0,2
2021-07-03 15:19:45,0,0,0,0
2021-07-03 15:19:46,1,0,0,1
2021-07-03 15:19:47,0,0,0,0
2021-07-03 15:19:48,22,0,2,24
2021-07-03 15:19:49,14,0,6,20
2021-07-03 15:19:50,0,0,0,0
2021-07-03 15:19:51,3,3,1,7
2021-07-03 15:19:52,2,0,0,2
2021-07-03 15:19:53,2,0,1,3
2021-07-03 15:19:56,7,0,0,7
2021-07-03 15:20:00,250,9,91,350
2021-07-03 15:20:03,4,0,0,4
2021-07-03 15:20:04,14,0,7,21
2021-07-03 15:20:05,0,0,0,0
2021-07-03 15:20:07,0,0,0,0
2021-07-03 15:20:09,2,0,0,2
2021-07-03 15:20:10,18,2,1,21
2021-07-03 15:20:11,0,0,0,0
2021-07-03 15:20:12,0,0,0,0
2021-07-03 15:20:13,0,0,0,0
2021-07-03 15:20:15,1,0,0,1
2021-07-03 15:20:18,0,0,0,0
2021-07-03 15:20:19,5,0,1,6
2021-07-03 15:20:20,2,0,0,2
2021-07-03 15:20:22,13,2,1,16
2021-07-03 15:20:23,0,0,0,0
2021-07-03 15:20:24,8,0,1,9
2021-07-03 15:20:25,12,0,2,14
2021-07-03 15:20:28,1,0,0,1
2021-07-03 15:20:29,0,0,0,0
2021-07-03 15:20:30,21,4,8,33
2021-07-03 15:20:32,0,0,0,0
2021-07-03 15:20:33,9,1,1,11
2021-07-03 15:20:34,5,0,1,6
2021-07-03 15:20:35,15,2,5,22
2021-07-03 15:20:36,38,0,8,46
2021-07-03 15:20:38,5,1,1,7
2021-07-03 15:20:40,1,1,0,2
2021-07-03 15:20:42,8,1,2,11
2021-07-03 15:20:43,4,0,2,6
2021-07-03 15:20:44,0,0,0,0
2021-07-03 15:20:45,6,1,1,8
2021-07-03 15:20:46,8,2,0,10
2021-07-03 15:20:48,28,2,6,36
2021-07-03 15:20:49,0,0,0,0
2021-07-03 15:20:50,12,0,3,15
2021-07-03 15:20:51,4,0,2,6
2021-07-03 15:20:52,0,0,0,0
2021-07-03 15:20:54,13,1,4,18
2021-07-03 15:20:56,1,0,0,1
2021-07-03 15:20:57,2,0,0,2
2021-07-03 15:20:58,1,0,0,1
2021-07-03 15:20:59,15,0,5,20
2021-07-03 15:21:01,2,0,0,2
2021-07-03 15:21:02,85,4,19,108
2021-07-03 15:21:05,2,0,1,3
2021-07-03 15:21:06,1,0,0,1
2021-07-03 15:21:08,6,0,0,6
2021-07-03 15:21:09,10,1,3,14
2021-07-03 15:21:10,7,2,1,10
2021-07-03 15:21:13,1,0,0,1
2021-07-03 15:21:14,0,0,0,0
2021-07-03 15:21:15,2,0,0,2
2021-07-03 15:21:16,2,0,0,2
2021-07-03 15:21:17,9,1,2,12
2021-07-03 15:21:19,0,0,0,0
2021-07-03 15:21:20,0,0,0,0
2021-07-03 15:21:22,43,0,9,52
2021-07-03 15:21:23,1,0,0,1
2021-07-03 15:21:24,17,0,1,18
2021-07-03 15:21:25,1,0,0,1
2021-07-03 15:21:27,43,0,4,47
2021-07-03 15:21:28,0,0,0,0
2021-07-03 15:21:29,23,0,12,35
2021-07-03 15:21:30,7,0,2,9
2021-07-03 15:21:31,3,0,0,3
2021-07-03 15:21:32,0,0,0,0
2021-07-03 15:21:33,0,2,2,4
2021-07-03 15:21:34,4,2,0,6
2021-07-03 15:21:37,135,1,18,154
2021-07-03 15:21:38,0,0,0,0
2021-07-03 15:21:39,0,0,0,0
2021-07-03 15:21:42,4,0,2,6
2021-07-03 15:21:43,38,0,0,38
2021-07-03 15:21:44,0,0,0,0
2021-07-03 15:21:46,58,4,22,84
2021-07-03 15:21:47,68,0,4,72
2021-07-03 15:21:48,0,0,0,0
2021-07-03 15:21:51,102,0,17,119
2021-07-03 15:21:52,4,0,0,4
2021-07-03 15:21:53,0,0,0,0
2021-07-03 15:21:57,14,0,0,14
2021-07-03 15:21:58,3611,54,432,4097
2021-07-03 15:22:00,16,0,4,20
2021-07-03 15:22:01,0,0,0,0
2021-07-03 15:22:02,17,1,11,29
2021-07-03 15:22:03,2296,35,344,2675
2021-07-03 15:22:04,7,0,1,8
2021-07-03 15:22:05,1,0,0,1
2021-07-03 15:22:06,0,0,0,0
2021-07-03 15:22:07,5,0,2,7
2021-07-03 15:22:08,1,0,0,1
2021-07-03 15:22:10,0,0,0,0
2021-07-03 15:22:11,4,0,4,8
2021-07-03 15:22:12,4,2,0,6
2021-07-03 15:22:13,36,2,14,52
2021-07-03 15:22:14,2,0,0,2
2021-07-03 15:22:17,0,0,0,0
2021-07-03 15:22:18,0,0,0,0
2021-07-03 15:22:19,854,30,164,1048
2021-07-03 15:22:21,62,2,12,76
2021-07-03 15:22:22,8,0,1,9
2021-07-03 15:22:23,0,0,0,0
2021-07-03 15:22:24,8,0,0,8
2021-07-03 15:22:25,2,0,0,2
2021-07-03 15:22:26,0,0,0,0
2021-07-03 15:22:28,0,0,0,0
2021-07-03 15:22:29,2,0,0,2
2021-07-03 15:22:30,1,0,0,1
2021-07-03 15:22:31,2,0,1,3
2021-07-03 15:22:32,0,0,0,0
2021-07-03 15:22:34,0,0,0,0
2021-07-03 15:22:35,0,0,0,0
2021-07-03 15:22:36,0,0,0,0
2021-07-03 15:22:38,0,0,0,0
2021-07-03 15:22:39,0,0,0,0
2021-07-03 15:22:40,7,0,0,7
2021-07-03 15:22:41,3,0,0,3
2021-07-03 15:22:42,2,1,1,4
2021-07-03 15:22:43,0,0,0,0
2021-07-03 15:22:44,29,1,13,43
2021-07-03 15:22:46,0,0,0,0
2021-07-03 15:22:48,0,0,0,0
2021-07-03 15:22:49,2,0,1,3
2021-07-03 15:22:50,50,0,5,55
2021-07-03 15:22:51,0,0,0,0
2021-07-03 15:22:52,0,0,0,0
2021-07-03 15:22:53,86,4,28,118
2021-07-03 15:22:54,25,0,2,27
2021-07-03 15:22:56,0,0,0,0
2021-07-03 15:22:57,2,1,0,3
2021-07-03 15:22:58,3,0,0,3
2021-07-03 15:22:59,0,0,0,0
2021-07-03 15:23:00,1436,32,232,1700
2021-07-03 15:23:01,1,0,1,2
2021-07-03 15:23:04,1,1,1,3
2021-07-03 15:23:05,0,0,0,0
2021-07-03 15:23:07,0,0,0,0
2021-07-03 15:23:09,0,0,0,0
2021-07-03 15:23:10,4,1,0,5
2021-07-03 15:23:12,12,2,2,16
2021-07-03 15:23:14,25,0,16,41
2021-07-03 15:23:15,0,0,0,0
2021-07-03 15:23:16,39,2,10,51
2021-07-03 15:23:18,0,0,0,0
2021-07-03 15:23:19,0,0,0,0
2021-07-03 15:23:20,5,2,1,8
2021-07-03 15:23:21,0,0,0,0
2021-07-03 15:23:22,6,1,1,8
2021-07-03 15:23:24,4,1,1,6
2021-07-03 15:23:26,1,0,0,1
2021-07-03 15:23:28,5,0,0,5
2021-07-03 15:23:29,0,0,0,0
2021-07-03 15:23:30,14,0,0,14
2021-07-03 15:23:31,26,3,5,34
2021-07-03 15:23:32,0,0,0,0
2021-07-03 15:23:33,0,0,0,0
2021-07-03 15:23:35,14,2,1,17
2021-07-03 15:23:37,0,0,0,0
2021-07-03 15:23:38,92,4,40,136
2021-07-03 15:23:40,3,0,1,4
2021-07-03 15:23:41,0,0,0,0
2021-07-03 15:23:42,0,0,0,0
2021-07-03 15:23:43,1,0,0,1
2021-07-03 15:23:44,10,0,2,12
2021-07-03 15:23:45,163,5,24,192
2021-07-03 15:23:47,41,0,7,48
2021-07-03 15:23:48,1,0,0,1
2021-07-03 15:23:49,2,0,0,2
2021-07-03 15:23:52,12,0,4,16
2021-07-03 15:23:53,0,0,0,0
2021-07-03 15:23:56,2,0,0,2
2021-07-03 15:23:57,1,0,1,2
2021-07-03 15:23:59,43,1,10,54
2021-07-03 15:24:00,11,0,3,14
2021-07-03 15:24:01,1,0,0,1
2021-07-03 15:24:03,11,0,1,12
2021-07-03 15:24:04,450,13,85,548
2021-07-03 15:24:05,5,0,1,6
2021-07-03 15:24:06,3,0,1,4
2021-07-03 15:24:07,12,0,3,15
2021-07-03 15:24:08,3,0,0,3
2021-07-03 15:24:10,11,0,3,14
2021-07-03 15:24:11,12,0,1,13
2021-07-03 15:24:12,5,0,1,6
2021-07-03 15:24:13,7,0,2,9
2021-07-03 15:24:14,6,1,1,8
2021-07-03 15:24:16,509,21,175,705
2021-07-03 15:24:21,2,0,1,3
2021-07-03 15:24:22,0,0,0,0
2021-07-03 15:24:23,1,0,0,1
2021-07-03 15:24:24,1,0,0,1
2021-07-03 15:24:25,0,0,0,0
2021-07-03 15:24:26,1,0,0,1
2021-07-03 15:24:27,25,0,9,34
2021-07-03 15:24:28,0,0,0,0
2021-07-03 15:24:29,4,0,0,4
2021-07-03 15:24:30,5,0,0,5
2021-07-03 15:24:31,784,17,171,972
2021-07-03 15:24:32,2,0,0,2
2021-07-03 15:24:33,209,5,49,263
2021-07-03 15:24:34,1,0,0,1
2021-07-03 15:24:35,9,0,2,11
2021-07-03 15:24:36,1,0,0,1
2021-07-03 15:24:37,1,0,1,2
2021-07-03 15:24:38,0,0,0,0
2021-07-03 15:24:39,0,0,0,0
2021-07-03 15:24:40,32,0,6,38
2021-07-03 15:24:41,3,0,1,4
2021-07-03 15:24:42,0,0,0,0
2021-07-03 15:24:43,1,0,0,1
2021-07-03 15:24:44,3,0,0,3
2021-07-03 15:24:45,6,0,1,7
2021-07-03 15:24:46,0,0,0,0
2021-07-03 15:24:48,0,0,0,0
2021-07-03 15:24:49,0,0,0,0
2021-07-03 15:24:51,1,0,0,1
2021-07-03 15:24:56,0,0,0,0
2021-07-03 15:24:57,8,1,3,12
2021-07-03 15:24:58,72,1,7,80
2021-07-03 15:25:00,2,0,3,5
2021-07-03 15:25:01,3,0,0,3
2021-07-03 15:25:02,4,0,1,5
2021-07-03 15:25:03,56,3,23,82
2021-07-03 15:25:04,0,0,0,0
2021-07-03 15:25:05,5,0,0,5
2021-07-03 15:25:06,62,5,9,76
2021-07-03 15:25:07,110,6,26,142
2021-07-03 15:25:08,9,0,1,10
2021-07-03 15:25:09,0,0,0,0
2021-07-03 15:25:10,0,0,0,0
2021-07-03 15:25:12,1,0,0,1
2021-07-03 15:25:13,103,7,13,123
2021-07-03 15:25:14,2,0,1,3
2021-07-03 15:25:15,0,0,0,0
2021-07-03 15:25:16,42,0,24,66
2021-07-03 15:25:17,0,0,0,0
2021-07-03 15:25:19,226,2,56,284
2021-07-03 15:25:20,0,0,0,0
2021-07-03 15:25:21,1,0,0,1
2021-07-03 15:25:22,16,0,4,20
2021-07-03 15:25:23,1,0,0,1
2021-07-03 15:25:24,1,0,0,1
2021-07-03 15:25:26,0,0,0,0
2021-07-03 15:25:31,1,0,0,1
2021-07-03 15:25:32,9,0,1,10
2021-07-03 15:25:33,2,0,0,2
2021-07-03 15:25:34,1,0,1,2
2021-07-03 15:25:35,4,0,0,4
2021-07-03 15:25:36,0,0,0,0
2021-07-03 15:25:37,1,0,0,1
2021-07-03 15:25:38,12,1,0,13
2021-07-03 15:25:39,3,0,0,3
2021-07-03 15:25:41,0,0,0,0
2021-07-03 15:25:42,2,0,0,2
2021-07-03 15:25:44,40,0,10,50
2021-07-03 15:25:45,1,0,0,1
2021-07-03 15:25:46,8,0,0,8
2021-07-03 15:25:48,3,0,0,3
2021-07-03 15:25:49,0,0,0,0
2021-07-03 15:25:50,8,1,2,11
2021-07-03 15:25:52,1,0,0,1
2021-07-03 15:25:53,50,3,15,68
2021-07-03 15:25:54,0,0,0,0
2021-07-03 15:25:55,5,1,1,7
2021-07-03 15:25:56,3,0,2,5
2021-07-03 15:25:57,1,0,0,1
2021-07-03 15:25:58,94,2,23,119
2021-07-03 15:25:59,3,0,1,4
2021-07-03 15:26:00,1,0,0,1
2021-07-03 15:26:01,2,0,0,2
2021-07-03 15:26:02,2,0,0,2
2021-07-03 15:26:03,4,0,0,4
2021-07-03 15:26:05,2,2,0,4
2021-07-03 15:26:06,0,0,0,0
2021-07-03 15:26:07,0,0,0,0
2021-07-03 15:26:09,1,0,1,2
2021-07-03 15:26:11,0,0,0,0
2021-07-03 15:26:12,2,0,0,2
2021-07-03 15:26:13,1,0,0,1
2021-07-03 15:26:14,41,0,14,55
2021-07-03 15:26:15,0,0,0,0
2021-07-03 15:26:16,0,0,0,0
2021-07-03 15:26:18,11,1,0,12
2021-07-03 15:26:19,780,14,172,966
2021-07-03 15:26:20,65,3,19,87
2021-07-03 15:26:21,25,0,12,37
2021-07-03 15:26:22,0,0,0,0
2021-07-03 15:26:23,79,2,23,104
2021-07-03 15:26:25,2,0,2,4
2021-07-03 15:26:26,0,0,0,0
2021-07-03 15:26:28,623,15,135,773
2021-07-03 15:26:29,2,0,1,3
2021-07-03 15:26:30,2,0,1,3
2021-07-03 15:26:31,178,2,47,227
2021-07-03 15:26:32,3,0,0,3
2021-07-03 15:26:33,6,0,0,6
2021-07-03 15:26:34,262,4,58,324
2021-07-03 15:26:36,2,0,1,3
2021-07-03 15:26:37,1,0,0,1
2021-07-03 15:26:40,6,0,5,11
2021-07-03 15:26:42,0,0,0,0
2021-07-03 15:26:43,6,0,1,7
2021-07-03 15:26:44,1,0,1,2
2021-07-03 15:26:45,1,0,0,1
2021-07-03 15:26:46,4,0,2,6
2021-07-03 15:26:47,26,0,1,27
2021-07-03 15:26:48,3,0,0,3
2021-07-03 15:26:49,0,0,0,0
2021-07-03 15:26:50,2,0,0,2
2021-07-03 15:26:52,8,0,4,12
2021-07-03 15:26:53,95,1,24,120
2021-07-03 15:26:54,14,0,2,16
2021-07-03 15:26:55,1,0,0,1
2021-07-03 15:26:58,1,0,0,1
2021-07-03 15:26:59,11,0,4,15
2021-07-03 15:27:00,1383,37,212,1632
2021-07-03 15:27:01,4,0,3,7
2021-07-03 15:27:03,325,7,80,412
2021-07-03 15:27:05,2,0,0,2
2021-07-03 15:27:06,4,0,2,6
2021-07-03 15:27:07,8,0,2,10
2021-07-03 15:27:08,21,0,2,23
2021-07-03 15:27:09,12,1,6,19
2021-07-03 15:27:10,0,0,0,0
2021-07-03 15:27:12,0,0,0,0
2021-07-03 15:27:14,154,4,54,212
2021-07-03 15:27:15,5,1,3,9
2021-07-03 15:27:18,5,0,3,8
2021-07-03 15:27:20,3,0,0,3
2021-07-03 15:27:21,36,0,14,50
2021-07-03 15:27:22,0,0,0,0
2021-07-03 15:27:24,1,0,1,2
2021-07-03 15:27:25,4,2,2,8
2021-07-03 15:27:26,0,0,0,0
2021-07-03 15:27:28,30,2,10,42
2021-07-03 15:27:29,2,0,1,3
2021-07-03 15:27:30,1,0,1,2
2021-07-03 15:27:32,0,0,0,0
2021-07-03 15:27:34,7,0,1,8
2021-07-03 15:27:35,0,0,0,0
2021-07-03 15:27:36,1,0,1,2
2021-07-03 15:27:37,2,0,1,3
2021-07-03 15:27:38,2,0,2,4
2021-07-03 15:27:40,18,2,9,29
2021-07-03 15:27:41,0,1,0,1
2021-07-03 15:27:43,0,0,0,0
2021-07-03 15:27:44,0,0,0,0
2021-07-03 15:27:45,0,0,0,0
2021-07-03 15:27:46,6,0,0,6
2021-07-03 15:27:47,21,0,8,29
2021-07-03 15:27:48,2,0,0,2
2021-07-03 15:27:49,68,1,0,69
2021-07-03 15:27:50,6,0,0,6
2021-07-03 15:27:51,4,0,2,6
2021-07-03 15:27:52,3,0,0,3
2021-07-03 15:27:53,9,0,0,9
2021-07-03 15:27:56,27,0,11,38
2021-07-03 15:27:57,10,0,4,14
2021-07-03 15:27:59,40,6,2,48
2021-07-03 15:28:01,0,0,0,0
2021-07-03 15:28:03,2,0,0,2
2021-07-03 15:28:04,0,0,0,0
2021-07-03 15:28:05,0,0,0,0
2021-07-03 15:28:06,0,0,0,0
2021-07-03 15:28:07,49,1,9,59
2021-07-03 15:28:09,21,6,6,33
2021-07-03 15:28:10,1,0,0,1
2021-07-03 15:28:12,0,0,0,0
2021-07-03 15:28:13,0,0,0,0
2021-07-03 15:28:15,0,0,0,0
2021-07-03 15:28:16,218,4,56,278
2021-07-03 15:28:17,76,2,3,81
2021-07-03 15:28:18,1,0,0,1
2021-07-03 15:28:19,1,0,0,1
2021-07-03 15:28:20,0,0,0,0
2021-07-03 15:28:22,0,0,0,0
2021-07-03 15:28:23,136,2,32,170
2021-07-03 15:28:25,0,0,0,0
2021-07-03 15:28:27,0,2,0,2
2021-07-03 15:28:28,1,0,1,2
2021-07-03 15:28:29,0,0,0,0
2021-07-03 15:28:31,1,0,0,1
2021-07-03 15:28:32,1,0,0,1
2021-07-03 15:28:33,0,0,0,0
2021-07-03 15:28:34,138,6,18,162
2021-07-03 15:28:35,0,0,0,0
2021-07-03 15:28:37,0,0,0,0
2021-07-03 15:28:38,0,0,0,0
2021-07-03 15:28:39,1,0,0,1
2021-07-03 15:28:40,1,0,0,1
2021-07-03 15:28:41,23,2,0,25
2021-07-03 15:28:43,1,0,0,1
2021-07-03 15:28:44,3,0,0,3
2021-07-03 15:28:45,3,0,0,3
2021-07-03 15:28:46,0,0,0,0
2021-07-03 15:28:47,65,1,25,91
2021-07-03 15:28:48,25,1,14,40
2021-07-03 15:28:50,0,0,0,0
2021-07-03 15:28:51,0,0,0,0
2021-07-03 15:28:52,28,0,3,31
2021-07-03 15:28:53,59,0,22,81
2021-07-03 15:28:54,4,0,4,8
2021-07-03 15:28:55,0,0,0,0
2021-07-03 15:28:56,5,0,4,9
2021-07-03 15:28:57,22,0,10,32
2021-07-03 15:28:58,7,0,2,9
2021-07-03 15:28:59,5,0,3,8
2021-07-03 15:29:01,60,1,17,78
2021-07-03 15:29:02,36,0,6,42
2021-07-03 15:29:03,0,0,0,0
2021-07-03 15:29:04,0,0,0,0
2021-07-03 15:29:05,9,0,3,12
2021-07-03 15:29:06,0,0,0,0
2021-07-03 15:29:08,0,0,0,0
2021-07-03 15:29:10,3,1,1,5
2021-07-03 15:29:11,35,2,11,48
2021-07-03 15:29:12,1,1,0,2
2021-07-03 15:29:13,1,0,0,1
2021-07-03 15:29:14,0,0,0,0
2021-07-03 15:29:15,1,0,0,1
2021-07-03 15:29:16,0,0,0,0
2021-07-03 15:29:18,1,0,0,1
2021-07-03 15:29:19,0,0,0,0
2021-07-03 15:29:20,1,0,0,1
2021-07-03 15:29:22,1,0,0,1
2021-07-03 15:29:23,10,1,0,11
2021-07-03 15:29:25,4,0,0,4
2021-07-03 15:29:26,3,0,1,4
2021-07-03 15:29:27,3,0,0,3
2021-07-03 15:29:29,4,0,3,7
2021-07-03 15:29:30,1,0,0,1
2021-07-03 15:29:31,2,0,0,2
2021-07-03 15:29:32,0,0,0,0
2021-07-03 15:29:33,0,0,0,0
2021-07-03 15:29:35,214,3,47,264
2021-07-03 15:29:36,0,0,0,0
2021-07-03 15:29:37,8,1,3,12
2021-07-03 15:29:38,1,0,0,1
2021-07-03 15:29:39,62,3,26,91
2021-07-03 15:29:40,2,0,0,2
2021-07-03 15:29:41,2,0,0,2
2021-07-03 15:29:42,649,27,54,730
2021-07-03 15:29:45,2,0,0,2
2021-07-03 15:29:46,2,0,0,2
2021-07-03 15:29:47,2,0,2,4
2021-07-03 15:29:51,1,0,0,1
2021-07-03 15:29:53,0,0,0,0
2021-07-03 15:29:54,7,0,0,7
2021-07-03 15:29:55,3,0,0,3
2021-07-03 15:29:56,0,0,0,0
2021-07-03 15:29:58,3034,120,668,3822
2021-07-03 15:29:59,2,0,0,2
2021-07-03 15:30:00,636,15,172,823
2021-07-03 15:30:01,0,2,0,2
2021-07-03 15:30:02,0,0,0,0
2021-07-03 15:30:03,0,0,0,0
2021-07-03 15:30:04,1,0,0,1
2021-07-03 15:30:05,30,0,9,39
2021-07-03 15:30:06,4,0,2,6
2021-07-03 15:30:07,0,0,0,0
2021-07-03 15:30:08,1,0,1,2
2021-07-03 15:30:09,346,12,67,425
2021-07-03 15:30:10,0,0,0,0
2021-07-03 15:30:11,0,0,0,0
2021-07-03 15:30:12,11,0,0,11
2021-07-03 15:30:13,35,0,2,37
2021-07-03 15:30:14,121,1,4,126
2021-07-03 15:30:15,1,0,0,1
2021-07-03 15:30:16,1,0,0,1
2021-07-03 15:30:17,128,14,13,155
2021-07-03 15:30:18,0,0,0,0
2021-07-03 15:30:19,20,1,5,26
2021-07-03 15:30:20,0,0,0,0
2021-07-03 15:30:21,2,0,0,2
2021-07-03 15:30:22,165,1,22,188
2021-07-03 15:30:23,0,0,0,0
2021-07-03 15:30:24,7,0,3,10
2021-07-03 15:30:25,0,0,0,0
2021-07-03 15:30:26,739,48,214,1001
2021-07-03 15:30:28,0,0,0,0
2021-07-03 15:30:29,1,0,0,1
2021-07-03 15:30:32,0,0,0,0
2021-07-03 15:30:33,0,0,0,0
2021-07-03 15:30:35,5,0,2,7
2021-07-03 15:30:36,0,0,0,0
2021-07-03 15:30:39,0,0,0,0
2021-07-03 15:30:40,2,1,0,3
2021-07-03 15:30:41,534,26,166,726
2021-07-03 15:30:44,1,0,0,1
2021-07-03 15:30:45,0,0,0,0
2021-07-03 15:30:46,948,114,176,1238
2021-07-03 15:30:48,1,0,0,1
2021-07-03 15:30:49,33,1,0,34
2021-07-03 15:30:52,6,0,0,6
2021-07-03 15:30:54,178,4,36,218
2021-07-03 15:30:55,1,0,0,1
2021-07-03 15:30:57,22,2,1,25
2021-07-03 15:30:58,9,0,3,12
2021-07-03 15:30:59,6,0,0,6
2021-07-03 15:31:00,10,1,0,11
2021-07-03 15:31:01,1,0,1,2
2021-07-03 15:31:02,1,0,0,1
2021-07-03 15:31:03,1,0,1,2
2021-07-03 15:31:04,3,0,1,4
2021-07-03 15:31:06,21,0,0,21
2021-07-03 15:31:07,3,0,1,4
2021-07-03 15:31:08,1,0,0,1
2021-07-03 15:31:09,5,0,1,6
2021-07-03 15:31:10,0,0,0,0
2021-07-03 15:31:11,1,0,0,1
2021-07-03 15:31:12,103,7,21,131
2021-07-03 15:31:14,2,0,0,2
2021-07-03 15:31:15,18,0,0,18
2021-07-03 15:31:16,0,0,0,0
2021-07-03 15:31:17,36,2,4,42
2021-07-03 15:31:18,11,2,2,15
2021-07-03 15:31:20,1,0,0,1
2021-07-03 15:31:22,4,0,0,4
2021-07-03 15:31:23,1,0,1,2
2021-07-03 15:31:24,9,0,4,13
2021-07-03 15:31:26,1,0,0,1
2021-07-03 15:31:27,3,0,0,3
2021-07-03 15:31:28,508,54,143,705
2021-07-03 15:31:33,5,0,0,5
2021-07-03 15:31:34,129,4,18,151
2021-07-03 15:31:36,14,0,2,16
2021-07-03 15:31:37,3,1,1,5
2021-07-03 15:31:38,1114,20,242,1376
2021-07-03 15:31:39,9,0,1,10
2021-07-03 15:31:40,0,0,0,0
2021-07-03 15:31:42,8,1,0,9
2021-07-03 15:31:43,187,9,64,260
2021-07-03 15:31:44,37,2,18,57
2021-07-03 15:31:45,1,0,1,2
2021-07-03 15:31:46,145,1,49,195
2021-07-03 15:31:47,2,0,0,2
2021-07-03 15:31:48,15,0,1,16
2021-07-03 15:31:49,3,0,0,3
2021-07-03 15:31:50,0,0,0,0
2021-07-03 15:31:52,2,2,0,4
2021-07-03 15:31:53,0,0,0,0
2021-07-03 15:31:57,5,1,9,15
2021-07-03 15:31:58,758,6,164,928
2021-07-03 15:31:59,5,1,5,11
2021-07-03 15:32:00,244,3,64,311
2021-07-03 15:32:01,1,0,0,1
2021-07-03 15:32:02,7,0,0,7
2021-07-03 15:32:03,1,0,0,1
2021-07-03 15:32:05,25,2,8,35
2021-07-03 15:32:06,3,0,4,7
2021-07-03 15:32:07,2,0,1,3
2021-07-03 15:32:08,1,1,0,2
2021-07-03 15:32:10,1,0,0,1
2021-07-03 15:32:12,0,0,0,0
2021-07-03 15:32:14,3,1,0,4
2021-07-03 15:32:15,2,0,0,2
2021-07-03 15:32:16,5,1,2,8
2021-07-03 15:32:17,17,0,0,17
2021-07-03 15:32:18,2,0,0,2
2021-07-03 15:32:19,34,0,8,42
2021-07-03 15:32:20,9,1,2,12
2021-07-03 15:32:22,1,0,0,1
2021-07-03 15:32:23,1,0,0,1
2021-07-03 15:32:24,2,0,1,3
2021-07-03 15:32:26,1,1,0,2
2021-07-03 15:32:27,1,0,0,1
2021-07-03 15:32:28,1,0,0,1
2021-07-03 15:32:29,0,0,0,0
2021-07-03 15:32:30,1,0,0,1
2021-07-03 15:32:32,5,2,2,9
2021-07-03 15:32:33,0,0,0,0
2021-07-03 15:32:34,0,0,0,0
2021-07-03 15:32:35,0,0,0,0
2021-07-03 15:32:36,41,1,5,47
2021-07-03 15:32:38,0,0,0,0
2021-07-03 15:32:40,0,0,0,0
2021-07-03 15:32:41,2,2,0,4
2021-07-03 15:32:42,1,0,0,1
2021-07-03 15:32:43,0,0,0,0
2021-07-03 15:32:44,0,0,0,0
2021-07-03 15:32:48,2,0,1,3
2021-07-03 15:32:49,33,0,0,33
2021-07-03 15:32:50,52,3,4,59
2021-07-03 15:32:51,3,0,0,3
2021-07-03 15:32:52,1,0,0,1
2021-07-03 15:32:53,15,2,1,18
2021-07-03 15:32:54,89,2,1,92
2021-07-03 15:32:55,2,1,0,3
2021-07-03 15:32:56,2,0,0,2
2021-07-03 15:32:57,10,1,2,13
2021-07-03 15:32:58,0,0,0,0
2021-07-03 15:33:00,10,0,3,13
2021-07-03 15:33:01,0,0,0,0
2021-07-03 15:33:02,66,3,15,84
2021-07-03 15:33:03,0,0,0,0
2021-07-03 15:33:04,17,0,1,18
2021-07-03 15:33:05,4,0,0,4
2021-07-03 15:33:07,0,0,0,0
2021-07-03 15:33:08,1,0,0,1
2021-07-03 15:33:09,12,0,9,21
2021-07-03 15:33:10,1,0,0,1
2021-07-03 15:33:11,63,1,14,78
2021-07-03 15:33:12,0,0,0,0
2021-07-03 15:33:13,0,0,0,0
2021-07-03 15:33:14,0,0,0,0
2021-07-03 15:33:16,2,0,1,3
2021-07-03 15:33:17,6,0,1,7
2021-07-03 15:33:18,0,0,0,0
2021-07-03 15:33:19,5,0,1,6
2021-07-03 15:33:20,2,0,0,2
2021-07-03 15:33:21,630,13,100,743
2021-07-03 15:33:22,4,0,1,5
2021-07-03 15:33:23,83,4,23,110
2021-07-03 15:33:25,2,0,0,2
2021-07-03 15:33:26,2,0,0,2
2021-07-03 15:33:27,488,17,154,659
2021-07-03 15:33:29,0,0,0,0
2021-07-03 15:33:31,0,0,0,0
2021-07-03 15:33:32,7280,131,993,8404
2021-07-03 15:33:33,1,0,0,1
2021-07-03 15:33:34,0,0,0,0
2021-07-03 15:33:35,2,0,0,2
2021-07-03 15:33:38,3,0,2,5
2021-07-03 15:33:39,4,0,1,5
2021-07-03 15:33:40,6,0,1,7
2021-07-03 15:33:42,2,0,0,2
2021-07-03 15:33:43,0,0,0,0
2021-07-03 15:33:44,1,0,0,1
2021-07-03 15:33:48,4,0,1,5
2021-07-03 15:33:49,2,0,0,2
2021-07-03 15:33:52,1,0,0,1
2021-07-03 15:33:54,1,0,0,1
2021-07-03 15:33:55,10,0,4,14
2021-07-03 15:33:56,0,0,0,0
2021-07-03 15:33:57,0,0,0,0
2021-07-03 15:33:58,7,0,1,8
2021-07-03 15:33:59,61,1,23,85
2021-07-03 15:34:00,1522,28,298,1848
2021-07-03 15:34:01,2,0,1,3
2021-07-03 15:34:02,9,0,3,12
2021-07-03 15:34:04,1,0,0,1
2021-07-03 15:34:06,6,0,0,6
2021-07-03 15:34:07,6,0,2,8
2021-07-03 15:34:08,3,0,0,3
2021-07-03 15:34:09,6,1,0,7
2021-07-03 15:34:10,2,0,0,2
2021-07-03 15:34:12,2,0,1,3
2021-07-03 15:34:13,0,0,0,0
2021-07-03 15:34:14,2,0,0,2
2021-07-03 15:34:17,26,2,9,37
2021-07-03 15:34:18,2,0,0,2
2021-07-03 15:34:21,57,1,5,63
2021-07-03 15:34:22,0,0,0,0
2021-07-03 15:34:23,0,0,0,0
2021-07-03 15:34:24,1,0,0,1
2021-07-03 15:34:25,0,0,0,0
2021-07-03 15:34:26,1,0,0,1
2021-07-03 15:34:29,5,0,2,7
2021-07-03 15:34:30,0,0,0,0
2021-07-03 15:34:31,0,0,0,0
2021-07-03 15:34:32,2,0,0,2
2021-07-03 15:34:34,0,0,0,0
2021-07-03 15:34:35,0,0,0,0
2021-07-03 15:34:36,3,0,1,4
2021-07-03 15:34:37,19,0,3,22
2021-07-03 15:34:38,1,0,0,1
2021-07-03 15:34:39,52,0,28,80
2021-07-03 15:34:40,5,0,4,9
2021-07-03 15:34:41,1,0,0,1
2021-07-03 15:34:42,0,0,0,0
2021-07-03 15:34:43,0,0,0,0
2021-07-03 15:34:45,1,0,1,2
2021-07-03 15:34:46,12,0,0,12
2021-07-03 15:34:47,0,0,0,0
2021-07-03 15:34:48,10,1,6,17
2021-07-03 15:34:49,12,0,6,18
2021-07-03 15:34:51,12,0,4,16
2021-07-03 15:34:52,4,1,0,5
2021-07-03 15:34:53,3,0,4,7
2021-07-03 15:34:56,9,1,2,12
2021-07-03 15:34:57,1,0,0,1
2021-07-03 15:34:58,1,1,4,6
2021-07-03 15:35:00,3,0,3,6
2021-07-03 15:35:01,11,1,4,16
2021-07-03 15:35:02,0,0,0,0
2021-07-03 15:35:03,2,1,0,3
2021-07-03 15:35:04,0,0,0,0
2021-07-03 15:35:05,0,0,0,0
2021-07-03 15:35:08,2,0,1,3
2021-07-03 15:35:09,0,0,0,0
2021-07-03 15:35:10,2,1,1,4
2021-07-03 15:35:11,2,1,1,4
2021-07-03 15:35:12,6,0,1,7
2021-07-03 15:35:13,1,0,0,1
2021-07-03 15:35:15,4043,90,813,4946
2021-07-03 15:35:17,0,0,0,0
2021-07-03 15:35:18,3,0,0,3
2021-07-03 15:35:20,1,0,0,1
2021-07-03 15:35:21,0,0,0,0
2021-07-03 15:35:23,0,0,0,0
2021-07-03 15:35:24,0,0,0,0
2021-07-03 15:35:26,0,0,0,0
2021-07-03 15:35:27,0,0,0,0
2021-07-03 15:35:28,1,0,1,2
2021-07-03 15:35:29,2,1,1,4
2021-07-03 15:35:31,0,0,0,0
2021-07-03 15:35:32,1,0,0,1
2021-07-03 15:35:34,0,0,0,0
2021-07-03 15:35:35,640,3,82,725
2021-07-03 15:35:36,2,0,0,2
2021-07-03 15:35:37,0,0,0,0
2021-07-03 15:35:38,2,0,1,3
2021-07-03 15:35:40,19,0,6,25
2021-07-03 15:35:42,1,0,0,1
2021-07-03 15:35:43,0,0,0,0
2021-07-03 15:35:44,12,0,5,17
2021-07-03 15:35:46,106,2,33,141
2021-07-03 15:35:47,0,0,0,0
2021-07-03 15:35:48,0,0,0,0
2021-07-03 15:35:49,0,0,1,1
2021-07-03 15:35:50,2,0,0,2
2021-07-03 15:35:52,2,0,0,2
2021-07-03 15:35:53,64,4,22,90
2021-07-03 15:35:54,3,0,0,3
2021-07-03 15:35:55,10,1,0,11
2021-07-03 15:35:56,4,0,1,5
2021-07-03 15:35:58,6,0,2,8
2021-07-03 15:36:01,4,0,0,4
2021-07-03 15:36:02,2,0,0,2
2021-07-03 15:36:03,1,0,0,1
2021-07-03 15:36:04,80,5,7,92
2021-07-03 15:36:05,28,1,4,33
2021-07-03 15:36:06,1,0,1,2
2021-07-03 15:36:07,12,2,1,15
2021-07-03 15:36:08,76,3,12,91
2021-07-03 15:36:09,1,0,0,1
2021-07-03 15:36:10,12,0,0,12
2021-07-03 15:36:11,1,0,0,1
2021-07-03 15:36:12,1,0,0,1
2021-07-03 15:36:15,1,0,0,1
2021-07-03 15:36:17,1,0,1,2
2021-07-03 15:36:18,159,3,57,219
2021-07-03 15:36:19,28,0,3,31
2021-07-03 15:36:20,1,0,0,1
2021-07-03 15:36:21,0,0,0,0
2021-07-03 15:36:22,3382,78,349,3809
2021-07-03 15:36:26,1,0,0,1
2021-07-03 15:36:27,6,0,0,6
2021-07-03 15:36:28,0,0,0,0
2021-07-03 15:36:29,4,0,1,5
2021-07-03 15:36:30,1,0,0,1
2021-07-03 15:36:31,4,0,1,5
2021-07-03 15:36:32,40,0,8,48
2021-07-03 15:36:33,908,16,152,1076
2021-07-03 15:36:34,12,0,1,13
2021-07-03 15:36:36,0,0,0,0
2021-07-03 15:36:37,1,0,0,1
2021-07-03 15:36:38,3,0,1,4
2021-07-03 15:36:39,12,0,2,14
2021-07-03 15:36:40,6,0,0,6
2021-07-03 15:36:41,1,0,0,1
2021-07-03 15:36:42,12,0,8,20
2021-07-03 15:36:43,0,2,0,2
2021-07-03 15:36:44,3,0,2,5
2021-07-03 15:36:45,29,1,9,39
2021-07-03 15:36:46,2,0,0,2
2021-07-03 15:36:47,1,0,1,2
2021-07-03 15:36:50,0,0,0,0
2021-07-03 15:36:51,1,0,0,1
2021-07-03 15:36:52,2,0,2,4
2021-07-03 15:36:53,2,0,0,2
2021-07-03 15:36:55,100,6,32,138
2021-07-03 15:36:56,43,3,12,58
2021-07-03 15:36:57,335,5,51,391
2021-07-03 15:36:58,0,0,0,0
2021-07-03 15:36:59,0,0,0,0
2021-07-03 15:37:00,74,0,0,74
2021-07-03 15:37:01,3,0,0,3
2021-07-03 15:37:03,6,1,6,13
2021-07-03 15:37:04,1,0,0,1
2021-07-03 15:37:05,0,0,0,0
2021-07-03 15:37:06,60,1,6,67
2021-07-03 15:37:07,0,0,0,0
2021-07-03 15:37:09,0,1,0,1
2021-07-03 15:37:10,0,0,0,0
2021-07-03 15:37:11,3,0,0,3
2021-07-03 15:37:12,4,0,0,4
2021-07-03 15:37:13,20,1,7,28
2021-07-03 15:37:14,2,0,0,2
2021-07-03 15:37:16,1,0,1,2
2021-07-03 15:37:18,83,4,2,89
2021-07-03 15:37:19,1,0,0,1
2021-07-03 15:37:20,7,0,0,7
2021-07-03 15:37:22,3,0,0,3
2021-07-03 15:37:23,0,0,0,0
2021-07-03 15:37:25,0,0,0,0
2021-07-03 15:37:26,3,0,2,5
2021-07-03 15:37:28,0,0,0,0
2021-07-03 15:37:29,0,0,0,0
2021-07-03 15:37:30,11,0,2,13
2021-07-03 15:37:34,0,2,0,2
2021-07-03 15:37:35,1,0,1,2
2021-07-03 15:37:37,44,0,13,57
2021-07-03 15:37:38,1,0,0,1
2021-07-03 15:37:39,1,0,0,1
2021-07-03 15:37:41,3,1,1,5
2021-07-03 15:37:42,0,0,0,0
2021-07-03 15:37:43,2,1,1,4
2021-07-03 15:37:44,2,0,0,2
2021-07-03 15:37:45,0,0,0,0
2021-07-03 15:37:46,106,5,25,136
2021-07-03 15:37:47,11,0,4,15
2021-07-03 15:37:48,1,0,1,2
2021-07-03 15:37:49,2,1,1,4
2021-07-03 15:37:50,1,0,0,1
2021-07-03 15:37:51,0,0,0,0
2021-07-03 15:37:52,1,0,0,1
2021-07-03 15:37:53,157,8,25,190
2021-07-03 15:37:55,1,0,0,1
2021-07-03 15:37:56,1,0,0,1
2021-07-03 15:37:57,58,6,18,82
2021-07-03 15:37:58,9,0,7,16
2021-07-03 15:37:59,0,0,0,0
2021-07-03 15:38:00,42,4,16,62
2021-07-03 15:38:01,4,0,3,7
2021-07-03 15:38:03,3,0,2,5
2021-07-03 15:38:04,1,0,1,2
2021-07-03 15:38:05,4,0,5,9
2021-07-03 15:38:06,13,0,6,19
2021-07-03 15:38:07,1,0,2,3
2021-07-03 15:38:11,1,0,0,1
2021-07-03 15:38:13,16,0,3,19
2021-07-03 15:38:14,2,0,0,2
2021-07-03 15:38:15,0,0,0,0
2021-07-03 15:38:16,0,0,0,0
2021-07-03 15:38:17,0,0,0,0
2021-07-03 15:38:19,12,1,3,16
2021-07-03 15:38:20,6,0,0,6
2021-07-03 15:38:21,9,0,3,12
2021-07-03 15:38:22,49,2,22,73
2021-07-03 15:38:23,1,0,0,1
2021-07-03 15:38:24,4,0,0,4
2021-07-03 15:38:25,0,0,0,0
2021-07-03 15:38:26,2,0,1,3
2021-07-03 15:38:28,5,0,0,5
2021-07-03 15:38:29,3,0,0,3
2021-07-03 15:38:30,3,0,1,4
2021-07-03 15:38:31,0,0,0,0
2021-07-03 15:38:32,5,0,1,6
2021-07-03 15:38:33,12,1,2,15
2021-07-03 15:38:35,23,1,13,37
2021-07-03 15:38:36,2,2,4,8
2021-07-03 15:38:37,0,0,0,0
2021-07-03 15:38:38,422,11,146,579
2021-07-03 15:38:39,6,0,3,9
2021-07-03 15:38:40,168,2,24,194
2021-07-03 15:38:41,4,0,1,5
2021-07-03 15:38:43,16,0,10,26
2021-07-03 15:38:44,0,0,0,0
2021-07-03 15:38:45,0,0,0,0
2021-07-03 15:38:47,3,0,0,3
2021-07-03 15:38:48,37,10,3,50
2021-07-03 15:38:49,2,0,1,3
2021-07-03 15:38:50,11,1,2,14
2021-07-03 15:38:52,1,0,2,3
2021-07-03 15:38:53,0,0,0,0
2021-07-03 15:38:54,1,0,0,1
2021-07-03 15:38:55,0,0,0,0
2021-07-03 15:38:57,4,2,2,8
2021-07-03 15:38:58,1,0,0,1
2021-07-03 15:38:59,0,0,0,0
2021-07-03 15:39:00,0,0,0,0
2021-07-03 15:39:01,4,1,0,5
2021-07-03 15:39:04,0,0,0,0
2021-07-03 15:39:05,0,0,0,0
2021-07-03 15:39:06,0,0,0,0
2021-07-03 15:39:07,2,0,0,2
2021-07-03 15:39:09,6,0,1,7
2021-07-03 15:39:10,0,0,0,0
2021-07-03 15:39:11,0,0,0,0
2021-07-03 15:39:12,3,0,0,3
2021-07-03 15:39:14,45,0,11,56
2021-07-03 15:39:15,6,0,0,6
2021-07-03 15:39:16,1,0,0,1
2021-07-03 15:39:17,3,0,1,4
2021-07-03 15:39:18,0,0,0,0
2021-07-03 15:39:19,8,0,2,10
2021-07-03 15:39:20,0,0,0,0
2021-07-03 15:39:21,1153,30,177,1360
2021-07-03 15:39:23,1,0,0,1
2021-07-03 15:39:24,360,18,136,514
2021-07-03 15:39:26,0,0,0,0
2021-07-03 15:39:27,85,3,31,119
2021-07-03 15:39:28,2,0,0,2
2021-07-03 15:39:29,3,0,1,4
2021-07-03 15:39:30,0,0,0,0
2021-07-03 15:39:31,0,0,0,0
2021-07-03 15:39:32,8,0,5,13
2021-07-03 15:39:33,0,0,0,0
2021-07-03 15:39:34,0,0,0,0
2021-07-03 15:39:35,191,5,47,243
2021-07-03 15:39:36,2,0,0,2
2021-07-03 15:39:37,1,1,1,3
2021-07-03 15:39:40,2,0,0,2
2021-07-03 15:39:42,1,0,0,1
2021-07-03 15:39:43,0,0,0,0
2021-07-03 15:39:44,8,0,0,8
2021-07-03 15:39:45,40,0,5,45
2021-07-03 15:39:47,2,5,0,7
2021-07-03 15:39:48,153,4,20,177
2021-07-03 15:39:49,7,0,0,7
2021-07-03 15:39:50,2,0,0,2
2021-07-03 15:39:52,3,0,0,3
2021-07-03 15:39:54,2,0,1,3
2021-07-03 15:39:55,0,0,0,0
2021-07-03 15:39:57,1,0,0,1
2021-07-03 15:40:00,294,19,88,401
2021-07-03 15:40:01,64,1,10,75
2021-07-03 15:40:03,1,0,1,2
2021-07-03 15:40:04,2,0,0,2
2021-07-03 15:40:05,4,0,0,4
2021-07-03 15:40:06,9,1,0,10
2021-07-03 15:40:07,4,0,1,5
2021-07-03 15:40:08,1,0,0,1
2021-07-03 15:40:09,0,0,0,0
2021-07-03 15:40:10,0,0,0,0
2021-07-03 15:40:11,2,0,0,2
2021-07-03 15:40:12,7,0,0,7
2021-07-03 15:40:14,5,0,0,5
2021-07-03 15:40:15,2,0,0,2
2021-07-03 15:40:16,10,0,0,10
2021-07-03 15:40:19,1,0,0,1
2021-07-03 15:40:20,1,0,1,2
2021-07-03 15:40:21,4,1,2,7
2021-07-03 15:40:22,1,0,1,2
2021-07-03 15:40:23,0,0,0,0
2021-07-03 15:40:24,0,0,1,1
2021-07-03 15:40:25,1,0,0,1
2021-07-03 15:40:26,0,0,0,0
2021-07-03 15:40:27,2,0,0,2
2021-07-03 15:40:28,0,0,0,0
2021-07-03 15:40:29,22,1,5,28
2021-07-03 15:40:30,736,34,110,880
2021-07-03 15:40:32,1,0,0,1
2021-07-03 15:40:34,1,0,0,1
2021-07-03 15:40:35,2,0,0,2
2021-07-03 15:40:36,3,0,0,3
2021-07-03 15:40:38,10,2,2,14
2021-07-03 15:40:40,0,0,0,0
2021-07-03 15:40:41,2,0,0,2
2021-07-03 15:40:42,2,0,0,2
2021-07-03 15:40:43,75,0,2,77
2021-07-03 15:40:44,0,0,1,1
2021-07-03 15:40:45,672,22,193,887
2021-07-03 15:40:46,3,0,0,3
2021-07-03 15:40:47,1,0,0,1
2021-07-03 15:40:48,1,0,0,1
2021-07-03 15:40:50,30,2,8,40
2021-07-03 15:40:51,0,0,0,0
2021-07-03 15:40:52,1,0,0,1
2021-07-03 15:40:53,1,0,1,2
2021-07-03 15:40:54,59,1,24,84
2021-07-03 15:40:56,13,0,0,13
2021-07-03 15:40:58,271,6,62,339
2021-07-03 15:40:59,1,0,1,2
2021-07-03 15:41:00,152,9,40,201
2021-07-03 15:41:01,1,0,0,1
2021-07-03 15:41:02,6,0,1,7
2021-07-03 15:41:03,42,0,9,51
2021-07-03 15:41:05,1,0,0,1
2021-07-03 15:41:06,4,0,2,6
2021-07-03 15:41:07,9,0,1,10
2021-07-03 15:41:08,3,0,0,3
2021-07-03 15:41:09,5,0,0,5
2021-07-03 15:41:10,2,0,1,3
2021-07-03 15:41:12,13,0,0,13
2021-07-03 15:41:14,2,1,0,3
2021-07-03 15:41:15,6,0,0,6
2021-07-03 15:41:16,25,1,5,31
2021-07-03 15:41:17,2,0,0,2
2021-07-03 15:41:18,4,1,0,5
2021-07-03 15:41:19,7,1,0,8
2021-07-03 15:41:20,2,0,0,2
2021-07-03 15:41:21,1,0,0,1
2021-07-03 15:41:22,3,0,1,4
2021-07-03 15:41:23,2,0,0,2
2021-07-03 15:41:24,1,0,1,2
2021-07-03 15:41:25,3,0,1,4
2021-07-03 15:41:26,0,0,0,0
2021-07-03 15:41:27,1,0,0,1
2021-07-03 15:41:28,0,0,0,0
2021-07-03 15:41:29,1,0,1,2
2021-07-03 15:41:30,1,0,1,2
2021-07-03 15:41:31,1,0,0,1
2021-07-03 15:41:33,1,0,0,1
2021-07-03 15:41:34,0,0,0,0
2021-07-03 15:41:35,1,0,0,1
2021-07-03 15:41:36,4,0,0,4
2021-07-03 15:41:37,1,0,0,1
2021-07-03 15:41:38,3,0,0,3
2021-07-03 15:41:39,7,2,2,11
2021-07-03 15:41:41,1,0,0,1
2021-07-03 15:41:42,49,0,19,68
2021-07-03 15:41:43,0,0,0,0
2021-07-03 15:41:44,2,0,1,3
2021-07-03 15:41:46,264,2,28,294
2021-07-03 15:41:47,1,0,0,1
2021-07-03 15:41:48,0,0,0,0
2021-07-03 15:41:49,0,0,0,0
2021-07-03 15:41:50,11,1,0,12
2021-07-03 15:41:52,1,0,0,1
2021-07-03 15:41:53,6,1,3,10
2021-07-03 15:41:54,10,1,1,12
2021-07-03 15:41:55,1,0,0,1
2021-07-03 15:41:56,4,0,0,4
2021-07-03 15:41:57,6,0,0,6
2021-07-03 15:41:58,142,7,19,168
2021-07-03 15:41:59,0,0,0,0
2021-07-03 15:42:00,0,0,0,0
2021-07-03 15:42:01,2,0,2,4
2021-07-03 15:42:02,91,9,1,101
2021-07-03 15:42:03,0,0,0,0
2021-07-03 15:42:04,2,1,0,3
2021-07-03 15:42:06,1,0,0,1
2021-07-03 15:42:07,92,4,24,120
2021-07-03 15:42:09,9,0,3,12
2021-07-03 15:42:10,0,0,0,0
2021-07-03 15:42:12,17,1,3,21
2021-07-03 15:42:13,10,2,2,14
2021-07-03 15:42:15,3,0,0,3
2021-07-03 15:42:17,3,0,0,3
2021-07-03 15:42:19,7,0,1,8
2021-07-03 15:42:20,5523,142,1178,6843
2021-07-03 15:42:22,5,0,1,6
2021-07-03 15:42:23,5,0,2,7
2021-07-03 15:42:24,2,0,1,3
2021-07-03 15:42:25,3,0,0,3
2021-07-03 15:42:26,0,0,0,0
2021-07-03 15:42:27,11,1,0,12
2021-07-03 15:42:28,3,0,0,3
2021-07-03 15:42:32,1106,34,256,1396
2021-07-03 15:42:33,9,0,0,9
2021-07-03 15:42:34,3,0,0,3
2021-07-03 15:42:35,5,1,3,9
2021-07-03 15:42:36,2,1,0,3
2021-07-03 15:42:37,3,0,0,3
2021-07-03 15:42:39,7,0,0,7
2021-07-03 15:42:40,5,2,2,9
2021-07-03 15:42:42,5,0,0,5
2021-07-03 15:42:43,1,0,1,2
2021-07-03 15:42:44,2,0,0,2
2021-07-03 15:42:45,1,0,0,1
2021-07-03 15:42:46,2,0,0,2
2021-07-03 15:42:47,0,0,0,0
2021-07-03 15:42:48,4,0,1,5
2021-07-03 15:42:49,2,0,0,2
2021-07-03 15:42:50,30,1,12,43
2021-07-03 15:42:52,8,1,5,14
2021-07-03 15:42:53,11,0,4,15
2021-07-03 15:42:54,9,0,5,14
2021-07-03 15:42:55,6,0,1,7
2021-07-03 15:42:56,4,0,2,6
2021-07-03 15:42:57,6,0,1,7
2021-07-03 15:42:58,9,0,2,11
2021-07-03 15:42:59,3,0,1,4
2021-07-03 15:43:00,17,1,5,23
2021-07-03 15:43:02,3,0,0,3
2021-07-03 15:43:04,7,0,0,7
2021-07-03 15:43:05,1,0,0,1
2021-07-03 15:43:06,19,0,8,27
2021-07-03 15:43:07,21,1,4,26
2021-07-03 15:43:08,2,0,0,2
2021-07-03 15:43:09,2,0,0,2
2021-07-03 15:43:10,3,0,1,4
2021-07-03 15:43:11,4,1,0,5
2021-07-03 15:43:13,2,0,0,2
2021-07-03 15:43:14,7,0,0,7
2021-07-03 15:43:15,5,0,0,5
2021-07-03 15:43:16,5,0,0,5
2021-07-03 15:43:17,3,0,0,3
2021-07-03 15:43:18,2,0,0,2
2021-07-03 15:43:21,8,0,1,9
2021-07-03 15:43:22,13,0,2,15
2021-07-03 15:43:23,154,4,25,183
2021-07-03 15:43:24,8,2,3,13
2021-07-03 15:43:25,3,0,0,3
2021-07-03 15:43:26,1,0,0,1
2021-07-03 15:43:27,1,0,0,1
2021-07-03 15:43:28,0,0,0,0
2021-07-03 15:43:29,17,1,4,22
2021-07-03 15:43:30,4,0,0,4
2021-07-03 15:43:32,0,0,0,0
2021-07-03 15:43:33,1,0,0,1
2021-07-03 15:43:36,0,0,0,0
2021-07-03 15:43:37,1,0,3,4
2021-07-03 15:43:38,6,0,3,9
2021-07-03 15:43:39,23,2,6,31
2021-07-03 15:43:40,1,0,0,1
2021-07-03 15:43:41,11,1,2,14
2021-07-03 15:43:42,8,2,0,10
2021-07-03 15:43:43,2,0,1,3
2021-07-03 15:43:44,0,0,0,0
2021-07-03 15:43:45,0,0,0,0
2021-07-03 15:43:46,277,14,18,309
2021-07-03 15:43:47,1,0,1,2
2021-07-03 15:43:48,61,7,4,72
2021-07-03 15:43:49,0,0,0,0
2021-07-03 15:43:50,22,1,4,27
2021-07-03 15:43:53,5,1,1,7
2021-07-03 15:43:54,1,0,0,1
2021-07-03 15:43:55,0,0,0,0
2021-07-03 15:43:56,2,0,0,2
2021-07-03 15:43:57,0,0,0,0
2021-07-03 15:43:58,1,2,0,3
2021-07-03 15:43:59,3,0,0,3
2021-07-03 15:44:00,2,0,0,2
2021-07-03 15:44:01,18,0,3,21
2021-07-03 15:44:02,4,0,0,4
2021-07-03 15:44:04,0,0,0,0
2021-07-03 15:44:05,0,0,0,0
2021-07-03 15:44:06,450,14,83,547
2021-07-03 15:44:08,37,1,14,52
2021-07-03 15:44:09,0,1,0,1
2021-07-03 15:44:11,5,0,3,8
2021-07-03 15:44:12,2,0,0,2
2021-07-03 15:44:13,504,5,124,633
2021-07-03 15:44:15,3,0,0,3
2021-07-03 15:44:18,0,0,0,0
2021-07-03 15:44:19,2,0,0,2
2021-07-03 15:44:20,0,0,0,0
2021-07-03 15:44:21,0,0,0,0
2021-07-03 15:44:23,1829,53,289,2171
2021-07-03 15:44:26,1,0,0,1
2021-07-03 15:44:28,1,0,0,1
2021-07-03 15:44:30,6,1,0,7
2021-07-03 15:44:31,3,0,0,3
2021-07-03 15:44:32,0,0,0,0
2021-07-03 15:44:33,11,0,4,15
2021-07-03 15:44:35,3,0,0,3
2021-07-03 15:44:38,65,2,13,80
2021-07-03 15:44:39,1,0,0,1
2021-07-03 15:44:40,7,0,0,7
2021-07-03 15:44:41,2876,72,546,3494
2021-07-03 15:44:42,0,0,0,0
2021-07-03 15:44:43,0,0,0,0
2021-07-03 15:44:44,1,1,1,3
2021-07-03 15:44:45,163,2,39,204
2021-07-03 15:44:46,1,0,0,1
2021-07-03 15:44:47,1,0,0,1
2021-07-03 15:44:48,3,0,0,3
2021-07-03 15:44:49,4,0,1,5
2021-07-03 15:44:50,1,0,0,1
2021-07-03 15:44:51,0,0,1,1
2021-07-03 15:44:52,1,0,0,1
2021-07-03 15:44:53,0,0,0,0
2021-07-03 15:44:54,0,0,0,0
2021-07-03 15:44:55,49,0,2,51
2021-07-03 15:44:56,4,0,2,6
2021-07-03 15:44:58,5,0,2,7
2021-07-03 15:44:59,5,0,1,6
2021-07-03 15:45:00,18,1,12,31
2021-07-03 15:45:01,0,0,0,0
2021-07-03 15:45:02,10,0,3,13
2021-07-03 15:45:03,16,0,2,18
2021-07-03 15:45:05,1,0,0,1
2021-07-03 15:45:06,1,0,0,1
2021-07-03 15:45:08,7,1,1,9
2021-07-03 15:45:09,7,0,1,8
2021-07-03 15:45:10,1,0,1,2
2021-07-03 15:45:14,14,0,6,20
2021-07-03 15:45:15,0,0,0,0
2021-07-03 15:45:16,0,0,0,0
2021-07-03 15:45:17,10,0,4,14
2021-07-03 15:45:19,4,0,1,5
2021-07-03 15:45:20,2,1,0,3
2021-07-03 15:45:21,1,1,0,2
2021-07-03 15:45:22,2,0,2,4
2021-07-03 15:45:24,3,0,3,6
2021-07-03 15:45:25,7,0,2,9
2021-07-03 15:45:26,6,0,0,6
2021-07-03 15:45:27,2,0,0,2
2021-07-03 15:45:28,10,0,2,12
2021-07-03 15:45:29,2,0,0,2
2021-07-03 15:45:30,163,2,36,201
2021-07-03 15:45:33,0,0,0,0
2021-07-03 15:45:35,0,0,0,0
2021-07-03 15:45:36,6,0,4,10
2021-07-03 15:45:37,1,0,0,1
2021-07-03 15:45:38,14,0,6,20
2021-07-03 15:45:40,10,1,1,12
2021-07-03 15:45:41,4,0,2,6
2021-07-03 15:45:42,126,7,55,188
2021-07-03 15:45:44,59,5,10,74
2021-07-03 15:45:45,51,2,6,59
2021-07-03 15:45:46,1,0,0,1
2021-07-03 15:45:47,43,2,19,64
2021-07-03 15:45:48,8,0,0,8
2021-07-03 15:45:49,1,0,0,1
2021-07-03 15:45:50,3,0,0,3
2021-07-03 15:45:51,1,0,0,1
2021-07-03 15:45:53,2,0,0,2
2021-07-03 15:45:54,72,6,25,103
2021-07-03 15:45:55,5,0,0,5
2021-07-03 15:45:56,0,0,0,0
2021-07-03 15:45:57,15,0,6,21
2021-07-03 15:45:58,1,0,0,1
2021-07-03 15:46:01,1,0,0,1
2021-07-03 15:46:02,8,0,1,9
2021-07-03 15:46:03,23,0,11,34
2021-07-03 15:46:06,9,0,3,12
2021-07-03 15:46:07,1,0,0,1
2021-07-03 15:46:08,51,1,16,68
2021-07-03 15:46:09,4,2,3,9
2021-07-03 15:46:11,1,0,0,1
2021-07-03 15:46:12,1,0,2,3
2021-07-03 15:46:13,1,0,0,1
2021-07-03 15:46:14,569,24,29,622
2021-07-03 15:46:15,1,0,2,3
2021-07-03 15:46:16,1,0,0,1
2021-07-03 15:46:18,1,0,0,1
2021-07-03 15:46:19,22,0,12,34
2021-07-03 15:46:20,1,0,0,1
2021-07-03 15:46:22,1,0,0,1
2021-07-03 15:46:27,0,0,0,0
2021-07-03 15:46:29,1,0,0,1
2021-07-03 15:46:30,53,0,12,65
2021-07-03 15:46:32,4,0,0,4
2021-07-03 15:46:33,4,0,1,5
2021-07-03 15:46:34,1,0,0,1
2021-07-03 15:46:35,2,0,0,2
2021-07-03 15:46:36,2,0,0,2
2021-07-03 15:46:37,2,0,0,2
2021-07-03 15:46:38,0,0,0,0
2021-07-03 15:46:41,8,0,1,9
2021-07-03 15:46:43,2,0,0,2
2021-07-03 15:46:44,140,4,45,189
2021-07-03 15:46:47,6,0,4,10
2021-07-03 15:46:48,189,3,41,233
2021-07-03 15:46:49,5,0,0,5
2021-07-03 15:46:50,10,0,5,15
2021-07-03 15:46:51,5,0,2,7
2021-07-03 15:46:52,1,0,1,2
2021-07-03 15:46:53,12,0,2,14
2021-07-03 15:46:56,5,1,1,7
2021-07-03 15:46:57,11,0,1,12
2021-07-03 15:46:59,4,0,0,4
2021-07-03 15:47:00,38,0,14,52
2021-07-03 15:47:01,1,0,1,2
2021-07-03 15:47:02,4,1,1,6
2021-07-03 15:47:03,1,0,0,1
2021-07-03 15:47:04,1,0,0,1
2021-07-03 15:47:05,0,0,0,0
2021-07-03 15:47:06,156,0,26,182
2021-07-03 15:47:07,5,0,2,7
2021-07-03 15:47:08,1,0,0,1
2021-07-03 15:47:10,2,1,1,4
2021-07-03 15:47:11,5,0,0,5
2021-07-03 15:47:13,1,0,0,1
2021-07-03 15:47:15,18,0,9,27
2021-07-03 15:47:16,0,0,0,0
2021-07-03 15:47:17,0,0,0,0
2021-07-03 15:47:19,3,0,0,3
2021-07-03 15:47:20,7,0,0,7
2021-07-03 15:47:21,2,0,0,2
2021-07-03 15:47:22,48,6,15,69
2021-07-03 15:47:23,2,0,1,3
2021-07-03 15:47:24,4,0,2,6
2021-07-03 15:47:26,3,0,1,4
2021-07-03 15:47:27,1,0,0,1
2021-07-03 15:47:28,3,0,0,3
2021-07-03 15:47:29,0,0,0,0
2021-07-03 15:47:30,97,0,21,118
2021-07-03 15:47:31,1,1,1,3
2021-07-03 15:47:32,56,1,28,85
2021-07-03 15:47:33,67,2,26,95
2021-07-03 15:47:34,3,0,1,4
2021-07-03 15:47:36,1,1,1,3
2021-07-03 15:47:37,0,0,0,0
2021-07-03 15:47:38,1,0,2,3
2021-07-03 15:47:40,40,1,16,57
2021-07-03 15:47:41,13,1,3,17
2021-07-03 15:47:43,1,0,0,1
2021-07-03 15:47:44,1,0,0,1
2021-07-03 15:47:45,46,3,7,56
2021-07-03 15:47:47,0,0,0,0
2021-07-03 15:47:49,2,0,0,2
2021-07-03 15:47:50,1,0,4,5
2021-07-03 15:47:52,34,1,1,36
2021-07-03 15:47:53,0,0,0,0
2021-07-03 15:47:54,173,4,72,249
2021-07-03 15:47:56,2,0,2,4
2021-07-03 15:47:58,254,4,48,306
2021-07-03 15:47:59,6,0,3,9
2021-07-03 15:48:00,48,1,24,73
2021-07-03 15:48:01,62,0,18,80
2021-07-03 15:48:02,8,0,10,18
2021-07-03 15:48:03,0,0,0,0
2021-07-03 15:48:04,2,0,0,2
2021-07-03 15:48:05,1,0,0,1
2021-07-03 15:48:06,1,0,1,2
2021-07-03 15:48:07,2,0,0,2
2021-07-03 15:48:08,2,0,1,3
2021-07-03 15:48:09,2,0,0,2
2021-07-03 15:48:10,4,1,0,5
2021-07-03 15:48:12,0,0,0,0
2021-07-03 15:48:13,349,1,46,396
2021-07-03 15:48:15,3,0,1,4
2021-07-03 15:48:16,1,0,0,1
2021-07-03 15:48:17,0,0,0,0
2021-07-03 15:48:18,2,0,1,3
2021-07-03 15:48:19,0,0,0,0
2021-07-03 15:48:21,8,0,1,9
2021-07-03 15:48:22,0,0,0,0
2021-07-03 15:48:24,0,0,0,0
2021-07-03 15:48:25,5,0,0,5
2021-07-03 15:48:26,0,1,0,1
2021-07-03 15:48:27,2,2,0,4
2021-07-03 15:48:28,2,1,0,3
2021-07-03 15:48:29,1,0,0,1
2021-07-03 15:48:30,19,0,3,22
2021-07-03 15:48:31,3,0,2,5
2021-07-03 15:48:32,0,0,0,0
2021-07-03 15:48:33,14,1,8,23
2021-07-03 15:48:34,4,0,2,6
2021-07-03 15:48:35,6,0,1,7
2021-07-03 15:48:36,6,0,0,6
2021-07-03 15:48:39,0,0,0,0
2021-07-03 15:48:41,2,0,0,2
2021-07-03 15:48:42,1,0,0,1
2021-07-03 15:48:43,19,0,3,22
2021-07-03 15:48:46,2,0,0,2
2021-07-03 15:48:47,0,0,0,0
2021-07-03 15:48:48,1,0,0,1
2021-07-03 15:48:49,1039,21,243,1303
2021-07-03 15:48:51,2,0,0,2
2021-07-03 15:48:52,9,0,2,11
2021-07-03 15:48:53,0,0,0,0
2021-07-03 15:48:54,39,2,11,52
2021-07-03 15:48:55,12,0,2,14
2021-07-03 15:48:56,0,0,0,0
2021-07-03 15:48:57,1,0,0,1
2021-07-03 15:48:59,4,0,1,5
2021-07-03 15:49:00,1,0,0,1
2021-07-03 15:49:01,11,0,11,22
2021-07-03 15:49:03,3,0,1,4
2021-07-03 15:49:04,1,0,0,1
2021-07-03 15:49:06,12,4,3,19
2021-07-03 15:49:07,11,0,0,11
2021-07-03 15:49:08,3,0,1,4
2021-07-03 15:49:09,2,0,2,4
2021-07-03 15:49:10,0,0,0,0
2021-07-03 15:49:11,0,0,0,0
2021-07-03 15:49:13,2,0,1,3
2021-07-03 15:49:14,0,0,0,0
2021-07-03 15:49:15,0,0,0,0
2021-07-03 15:49:16,825,69,152,1046
2021-07-03 15:49:17,2,0,3,5
2021-07-03 15:49:18,58,1,21,80
2021-07-03 15:49:19,2156,46,252,2454
2021-07-03 15:49:20,1,0,0,1
2021-07-03 15:49:21,1,0,0,1
2021-07-03 15:49:23,0,0,0,0
2021-07-03 15:49:24,1,0,0,1
2021-07-03 15:49:25,0,0,0,0
2021-07-03 15:49:26,1,0,0,1
2021-07-03 15:49:27,5,0,2,7
2021-07-03 15:49:28,4,0,3,7
2021-07-03 15:49:29,5,0,1,6
2021-07-03 15:49:30,1,0,0,1
2021-07-03 15:49:31,0,0,0,0
2021-07-03 15:49:32,0,0,0,0
2021-07-03 15:49:33,1,0,0,1
2021-07-03 15:49:35,166,4,38,208
2021-07-03 15:49:36,3,0,0,3
2021-07-03 15:49:37,1,0,0,1
2021-07-03 15:49:38,0,0,0,0
2021-07-03 15:49:39,1,0,0,1
2021-07-03 15:49:40,1,0,0,1
2021-07-03 15:49:41,19,0,3,22
2021-07-03 15:49:43,2,0,1,3
2021-07-03 15:49:44,9,0,6,15
2021-07-03 15:49:45,0,0,0,0
2021-07-03 15:49:46,0,0,1,1
2021-07-03 15:49:47,0,0,0,0
2021-07-03 15:49:48,1,0,0,1
2021-07-03 15:49:49,13,1,1,15
2021-07-03 15:49:50,14,0,2,16
2021-07-03 15:49:51,1,0,0,1
2021-07-03 15:49:52,9,0,2,11
2021-07-03 15:49:53,2,0,0,2
2021-07-03 15:49:54,1,0,1,2
2021-07-03 15:49:55,1,0,0,1
2021-07-03 15:49:56,459,12,98,569
2021-07-03 15:49:57,4,0,0,4
2021-07-03 15:49:58,1,0,0,1
2021-07-03 15:49:59,2,0,0,2
2021-07-03 15:50:00,870,23,216,1109
2021-07-03 15:50:02,2,0,0,2
2021-07-03 15:50:03,8,0,0,8
2021-07-03 15:50:04,0,0,0,0
2021-07-03 15:50:05,3,0,1,4
2021-07-03 15:50:07,9,0,3,12
2021-07-03 15:50:08,1,0,1,2
2021-07-03 15:50:09,0,0,0,0
2021-07-03 15:50:10,1,0,1,2
2021-07-03 15:50:11,5,0,1,6
2021-07-03 15:50:13,9,1,0,10
2021-07-03 15:50:15,0,0,0,0
2021-07-03 15:50:16,0,0,0,0
2021-07-03 15:50:17,2,0,1,3
2021-07-03 15:50:21,5,0,1,6
2021-07-03 15:50:23,2,0,2,4
2021-07-03 15:50:24,0,0,0,0
2021-07-03 15:50:26,0,0,0,0
2021-07-03 15:50:28,1,0,0,1
2021-07-03 15:50:29,61,2,20,83
2021-07-03 15:50:31,2,0,2,4
2021-07-03 15:50:32,0,0,0,0
2021-07-03 15:50:33,83,6,40,129
2021-07-03 15:50:35,6,0,0,6
2021-07-03 15:50:37,0,0,0,0
2021-07-03 15:50:38,0,0,0,0
2021-07-03 15:50:39,5,0,0,5
2021-07-03 15:50:40,0,0,0,0
2021-07-03 15:50:41,43,0,10,53
2021-07-03 15:50:42,1,1,0,2
2021-07-03 15:50:44,0,0,0,0
2021-07-03 15:50:45,0,0,0,0
2021-07-03 15:50:46,5,0,2,7
2021-07-03 15:50:47,0,0,0,0
2021-07-03 15:50:49,1,0,0,1
2021-07-03 15:50:50,1,0,0,1
2021-07-03 15:50:51,11,1,0,12
2021-07-03 15:50:53,7,0,0,7
2021-07-03 15:50:54,8,0,2,10
2021-07-03 15:50:56,0,0,0,0
2021-07-03 15:50:57,6,1,3,10
2021-07-03 15:50:59,7,0,1,8
2021-07-03 15:51:00,0,0,0,0
2021-07-03 15:51:01,38,0,3,41
2021-07-03 15:51:02,3,0,1,4
2021-07-03 15:51:03,4,0,0,4
2021-07-03 15:51:04,1,0,0,1
2021-07-03 15:51:05,43,2,19,64
2021-07-03 15:51:06,0,0,0,0
2021-07-03 15:51:07,0,0,0,0
2021-07-03 15:51:08,4,0,0,4
2021-07-03 15:51:09,12,2,2,16
2021-07-03 15:51:10,6,2,2,10
2021-07-03 15:51:11,1,0,0,1
2021-07-03 15:51:13,1,0,0,1
2021-07-03 15:51:14,0,0,0,0
2021-07-03 15:51:15,0,0,0,0
2021-07-03 15:51:16,12,0,5,17
2021-07-03 15:51:17,53,2,15,70
2021-07-03 15:51:20,30,1,1,32
2021-07-03 15:51:24,0,0,0,0
2021-07-03 15:51:25,47,3,13,63
2021-07-03 15:51:29,2,0,0,2
2021-07-03 15:51:31,16,1,7,24
2021-07-03 15:51:32,0,0,0,0
2021-07-03 15:51:33,14,0,8,22
2021-07-03 15:51:34,1,0,1,2
2021-07-03 15:51:35,1,0,0,1
2021-07-03 15:51:36,2,0,0,2
2021-07-03 15:51:37,127,8,11,146
2021-07-03 15:51:38,0,0,0,0
2021-07-03 15:51:39,0,0,0,0
2021-07-03 15:51:40,0,0,0,0
2021-07-03 15:51:41,0,0,0,0
2021-07-03 15:51:42,6,0,1,7
2021-07-03 15:51:43,0,0,0,0
2021-07-03 15:51:44,442,9,15,466
2021-07-03 15:51:45,3,0,0,3
2021-07-03 15:51:46,6,0,5,11
2021-07-03 15:51:48,119,2,17,138
2021-07-03 15:51:49,2,0,0,2
2021-07-03 15:51:50,6,0,0,6
2021-07-03 15:51:51,7,1,0,8
2021-07-03 15:51:52,1,0,1,2
2021-07-03 15:51:54,1,0,1,2
2021-07-03 15:51:55,24,1,3,28
2021-07-03 15:51:58,2,0,0,2
2021-07-03 15:51:59,1,0,0,1
2021-07-03 15:52:00,5,0,1,6
2021-07-03 15:52:02,1,0,0,1
2021-07-03 15:52:03,0,0,0,0
2021-07-03 15:52:04,2,0,0,2
2021-07-03 15:52:05,0,0,0,0
2021-07-03 15:52:07,0,1,0,1
2021-07-03 15:52:08,0,0,0,0
2021-07-03 15:52:09,1,0,1,2
2021-07-03 15:52:10,21,0,3,24
2021-07-03 15:52:11,1,0,0,1
2021-07-03 15:52:12,4,0,0,4
2021-07-03 15:52:13,18,3,4,25
2021-07-03 15:52:15,1,0,0,1
2021-07-03 15:52:16,1,0,0,1
2021-07-03 15:52:17,0,0,0,0
2021-07-03 15:52:18,3,0,0,3
2021-07-03 15:52:19,5,0,0,5
2021-07-03 15:52:20,3,0,1,4
2021-07-03 15:52:21,0,0,0,0
2021-07-03 15:52:23,2,0,0,2
2021-07-03 15:52:24,0,0,0,0
2021-07-03 15:52:25,2,0,1,3
2021-07-03 15:52:26,0,0,0,0
2021-07-03 15:52:27,0,0,0,0
2021-07-03 15:52:28,0,0,0,0
2021-07-03 15:52:29,1525,41,338,1904
2021-07-03 15:52:31,145,2,31,178
2021-07-03 15:52:32,55,0,13,68
2021-07-03 15:52:33,82,1,25,108
2021-07-03 15:52:34,1,0,0,1
2021-07-03 15:52:35,37,0,1,38
2021-07-03 15:52:37,1,0,0,1
2021-07-03 15:52:38,14,2,4,20
2021-07-03 15:52:39,0,0,1,1
2021-07-03 15:52:40,0,0,0,0
2021-07-03 15:52:41,2,0,1,3
2021-07-03 15:52:42,2,0,0,2
2021-07-03 15:52:43,0,0,0,0
2021-07-03 15:52:44,4,2,0,6
2021-07-03 15:52:45,3,0,0,3
2021-07-03 15:52:46,56,1,15,72
2021-07-03 15:52:47,1,0,1,2
2021-07-03 15:52:48,0,0,0,0
2021-07-03 15:52:49,0,0,0,0
2021-07-03 15:52:50,10,0,2,12
2021-07-03 15:52:52,15,0,0,15
2021-07-03 15:52:53,1,1,0,2
2021-07-03 15:52:54,1,0,0,1
2021-07-03 15:52:55,2,0,0,2
2021-07-03 15:52:56,6,0,4,10
2021-07-03 15:52:57,2,0,0,2
2021-07-03 15:52:58,13,0,2,15
2021-07-03 15:53:00,27,0,6,33
2021-07-03 15:53:01,3,0,0,3
2021-07-03 15:53:02,151,3,37,191
2021-07-03 15:53:05,24,2,3,29
2021-07-03 15:53:06,12,1,1,14
2021-07-03 15:53:07,3,0,0,3
2021-07-03 15:53:08,7106,70,909,8085
2021-07-03 15:53:09,5,0,0,5
2021-07-03 15:53:10,6,0,0,6
2021-07-03 15:53:11,5,0,0,5
2021-07-03 15:53:13,6,0,0,6
2021-07-03 15:53:15,3,0,0,3
2021-07-03 15:53:17,7,0,1,8
2021-07-03 15:53:18,8,0,3,11
2021-07-03 15:53:19,3,0,0,3
2021-07-03 15:53:20,316,2,26,344
2021-07-03 15:53:22,6,0,0,6
2021-07-03 15:53:24,1,0,0,1
2021-07-03 15:53:25,143,3,20,166
2021-07-03 15:53:26,23366,268,2784,26418
2021-07-03 15:53:28,4,0,0,4
2021-07-03 15:53:30,5,0,0,5
2021-07-03 15:53:31,60,1,14,75
2021-07-03 15:53:33,15,2,0,17
2021-07-03 15:53:34,4,2,0,6
2021-07-03 15:53:35,1,0,0,1
2021-07-03 15:53:36,8,0,0,8
2021-07-03 15:53:37,3,0,0,3
2021-07-03 15:53:38,1,0,0,1
2021-07-03 15:53:39,1,0,0,1
2021-07-03 15:53:40,2,0,0,2
2021-07-03 15:53:41,1,0,0,1
2021-07-03 15:53:47,3,0,0,3
2021-07-03 15:53:49,1,0,0,1
2021-07-03 15:53:50,2,1,0,3
2021-07-03 15:53:51,111,5,13,129
2021-07-03 15:53:52,366,0,35,401
2021-07-03 15:53:54,4,0,1,5
2021-07-03 15:53:55,0,0,0,0
2021-07-03 15:53:56,3,1,0,4
2021-07-03 15:53:57,0,0,0,0
2021-07-03 15:53:58,4,0,1,5
2021-07-03 15:53:59,0,0,0,0
2021-07-03 15:54:01,7,0,1,8
2021-07-03 15:54:02,0,0,0,0
2021-07-03 15:54:04,22,4,1,27
2021-07-03 15:54:05,805,26,135,966
2021-07-03 15:54:06,0,0,0,0
2021-07-03 15:54:07,92,3,35,130
2021-07-03 15:54:08,1,0,1,2
2021-07-03 15:54:09,10,1,0,11
2021-07-03 15:54:11,7,0,0,7
2021-07-03 15:54:13,2,1,0,3
2021-07-03 15:54:15,6,0,2,8
2021-07-03 15:54:16,2,0,0,2
2021-07-03 15:54:18,0,0,0,0
2021-07-03 15:54:19,4,0,0,4
2021-07-03 15:54:20,0,0,0,0
2021-07-03 15:54:21,3,0,0,3
2021-07-03 15:54:22,2,0,0,2
2021-07-03 15:54:24,4,0,1,5
2021-07-03 15:54:25,186,6,48,240
2021-07-03 15:54:27,0,0,0,0
2021-07-03 15:54:28,3,0,1,4
2021-07-03 15:54:29,0,0,0,0
2021-07-03 15:54:31,1,0,0,1
2021-07-03 15:54:32,91,3,17,111
2021-07-03 15:54:34,5,0,1,6
2021-07-03 15:54:35,150,10,54,214
2021-07-03 15:54:37,1,0,1,2
2021-07-03 15:54:38,2,0,1,3
2021-07-03 15:54:43,45,1,11,57
2021-07-03 15:54:44,37,0,4,41
2021-07-03 15:54:45,0,0,0,0
2021-07-03 15:54:47,2,0,1,3
2021-07-03 15:54:48,3,0,0,3
2021-07-03 15:54:51,0,0,0,0
2021-07-03 15:54:52,25,1,2,28
2021-07-03 15:54:53,2,0,0,2
2021-07-03 15:54:54,16,3,2,21
2021-07-03 15:54:57,0,0,0,0
2021-07-03 15:54:58,0,0,0,0
2021-07-03 15:54:59,53,0,12,65
2021-07-03 15:55:00,3,0,1,4
2021-07-03 15:55:01,83,1,14,98
2021-07-03 15:55:02,0,0,0,0
2021-07-03 15:55:03,1,0,0,1
2021-07-03 15:55:04,12,0,4,16
2021-07-03 15:55:05,3,1,1,5
2021-07-03 15:55:06,113,15,24,152
2021-07-03 15:55:07,0,0,0,0
2021-07-03 15:55:08,6,0,2,8
2021-07-03 15:55:09,0,0,0,0
2021-07-03 15:55:10,1,0,0,1
2021-07-03 15:55:11,1242,25,192,1459
2021-07-03 15:55:12,34,0,2,36
2021-07-03 15:55:13,67,1,44,112
2021-07-03 15:55:16,0,0,1,1
2021-07-03 15:55:17,2,0,0,2
2021-07-03 15:55:18,1,0,0,1
2021-07-03 15:55:19,33,4,11,48
2021-07-03 15:55:20,2,0,0,2
2021-07-03 15:55:21,1,0,0,1
2021-07-03 15:55:22,3,0,0,3
2021-07-03 15:55:23,3,0,1,4
2021-07-03 15:55:24,1,0,0,1
2021-07-03 15:55:25,7,0,0,7
2021-07-03 15:55:27,0,0,0,0
2021-07-03 15:55:28,3,0,0,3
2021-07-03 15:55:29,1,0,0,1
2021-07-03 15:55:30,12,4,1,17
2021-07-03 15:55:31,0,0,0,0
2021-07-03 15:55:32,13,0,2,15
2021-07-03 15:55:33,1,0,0,1
2021-07-03 15:55:35,126,6,29,161
2021-07-03 15:55:36,1,0,0,1
2021-07-03 15:55:37,5,0,0,5
2021-07-03 15:55:38,2,0,0,2
2021-07-03 15:55:39,0,0,0,0
2021-07-03 15:55:40,2,0,0,2
2021-07-03 15:55:41,1402,49,191,1642
2021-07-03 15:55:42,0,0,0,0
2021-07-03 15:55:43,4,1,0,5
2021-07-03 15:55:44,2,0,0,2
2021-07-03 15:55:45,4,0,0,4
2021-07-03 15:55:46,9,1,1,11
2021-07-03 15:55:47,0,0,1,1
2021-07-03 15:55:48,0,0,0,0
2021-07-03 15:55:49,1,0,0,1
2021-07-03 15:55:51,0,0,0,0
2021-07-03 15:55:52,2,0,0,2
2021-07-03 15:55:54,18,2,4,24
2021-07-03 15:55:55,13,1,3,17
2021-07-03 15:55:56,0,0,0,0
2021-07-03 15:55:57,0,0,0,0
2021-07-03 15:55:58,38,0,7,45
2021-07-03 15:55:59,2,0,0,2
2021-07-03 15:56:00,2,0,2,4
2021-07-03 15:56:02,2,0,0,2
2021-07-03 15:56:03,220,11,14,245
2021-07-03 15:56:04,0,0,0,0
2021-07-03 15:56:06,9,0,3,12
2021-07-03 15:56:07,5,1,1,7
2021-07-03 15:56:08,0,0,0,0
2021-07-03 15:56:09,2,1,0,3
2021-07-03 15:56:10,7,2,0,9
2021-07-03 15:56:11,2,4,0,6
2021-07-03 15:56:12,8,2,1,11
2021-07-03 15:56:13,1,1,0,2
2021-07-03 15:56:14,4,1,0,5
2021-07-03 15:56:15,1,1,0,2
2021-07-03 15:56:17,0,1,0,1
2021-07-03 15:56:18,32,3,8,43
2021-07-03 15:56:20,4,3,1,8
2021-07-03 15:56:23,8,0,2,10
2021-07-03 15:56:24,1,0,0,1
2021-07-03 15:56:25,11,0,3,14
2021-07-03 15:56:28,2,0,0,2
2021-07-03 15:56:29,2,1,2,5
2021-07-03 15:56:31,47,3,4,54
2021-07-03 15:56:32,0,0,0,0
2021-07-03 15:56:33,0,0,0,0
2021-07-03 15:56:34,2,0,0,2
2021-07-03 15:56:36,7,0,3,10
2021-07-03 15:56:39,2,0,1,3
2021-07-03 15:56:41,54,4,21,79
2021-07-03 15:56:42,3,0,1,4
2021-07-03 15:56:43,2,0,3,5
2021-07-03 15:56:45,2,0,3,5
2021-07-03 15:56:46,5,0,4,9
2021-07-03 15:56:47,0,1,1,2
2021-07-03 15:56:49,34,1,28,63
2021-07-03 15:56:51,2,0,4,6
2021-07-03 15:56:52,13,1,6,20
2021-07-03 15:56:53,6,0,7,13
2021-07-03 15:56:56,817,7,59,883
2021-07-03 15:56:57,2,0,3,5
2021-07-03 15:57:00,11,0,4,15
2021-07-03 15:57:01,0,0,3,3
2021-07-03 15:57:02,8,0,4,12
2021-07-03 15:57:04,14,0,1,15
2021-07-03 15:57:05,0,0,1,1
2021-07-03 15:57:06,441,1,6,448
2021-07-03 15:57:07,1,0,0,1
2021-07-03 15:57:08,2,0,0,2
2021-07-03 15:57:09,1,0,0,1
2021-07-03 15:57:10,3,0,1,4
2021-07-03 15:57:11,1,0,0,1
2021-07-03 15:57:12,1,0,0,1
2021-07-03 15:57:17,98,3,42,143
2021-07-03 15:57:18,186,5,55,246
2021-07-03 15:57:19,1,0,0,1
2021-07-03 15:57:20,1,0,0,1
2021-07-03 15:57:21,7,2,2,11
2021-07-03 15:57:23,4,0,1,5
2021-07-03 15:57:24,1,1,0,2
2021-07-03 15:57:25,0,0,0,0
2021-07-03 15:57:26,2,0,1,3
2021-07-03 15:57:27,4,0,0,4
2021-07-03 15:57:29,0,0,0,0
2021-07-03 15:57:30,0,0,0,0
2021-07-03 15:57:31,18,1,4,23
2021-07-03 15:57:32,14,1,6,21
2021-07-03 15:57:33,0,0,0,0
2021-07-03 15:57:34,32,1,0,33
2021-07-03 15:57:35,4,0,4,8
2021-07-03 15:57:36,0,0,0,0
2021-07-03 15:57:37,3,0,2,5
2021-07-03 15:57:39,0,0,0,0
2021-07-03 15:57:40,6,1,1,8
2021-07-03 15:57:41,5,0,0,5
2021-07-03 15:57:42,0,0,0,0
2021-07-03 15:57:44,1,0,0,1
2021-07-03 15:57:45,5,0,1,6
2021-07-03 15:57:46,8,0,3,11
2021-07-03 15:57:47,112,4,18,134
2021-07-03 15:57:48,9,0,1,10
2021-07-03 15:57:49,37,1,5,43
2021-07-03 15:57:50,2,0,0,2
2021-07-03 15:57:51,1,0,0,1
2021-07-03 15:57:52,1904,46,436,2386
2021-07-03 15:57:53,0,0,0,0
2021-07-03 15:57:54,0,0,0,0
2021-07-03 15:57:55,1,0,0,1
2021-07-03 15:57:56,0,0,0,0
2021-07-03 15:57:57,29,0,6,35
2021-07-03 15:57:58,190,2,51,243
2021-07-03 15:57:59,0,0,0,0
2021-07-03 15:58:00,1,0,2,3
2021-07-03 15:58:01,377,6,35,418
2021-07-03 15:58:03,0,0,0,0
2021-07-03 15:58:04,25,1,2,28
2021-07-03 15:58:05,1,1,0,2
2021-07-03 15:58:08,1,0,0,1
2021-07-03 15:58:09,2212,30,286,2528
2021-07-03 15:58:10,56,2,12,70
2021-07-03 15:58:11,0,0,0,0
2021-07-03 15:58:13,106,9,8,123
2021-07-03 15:58:14,265,4,41,310
2021-07-03 15:58:15,19,0,7,26
2021-07-03 15:58:16,17,1,8,26
2021-07-03 15:58:17,0,0,0,0
2021-07-03 15:58:18,1,0,0,1
2021-07-03 15:58:19,111,3,52,166
2021-07-03 15:58:20,2,0,0,2
2021-07-03 15:58:21,5,1,1,7
2021-07-03 15:58:22,0,0,0,0
2021-07-03 15:58:23,2,0,0,2
2021-07-03 15:58:25,0,0,0,0
2021-07-03 15:58:26,0,0,0,0
2021-07-03 15:58:27,0,0,0,0
2021-07-03 15:58:29,0,0,0,0
2021-07-03 15:58:30,21,0,5,26
2021-07-03 15:58:31,0,0,1,1
2021-07-03 15:58:32,1,0,1,2
2021-07-03 15:58:33,0,0,1,1
2021-07-03 15:58:34,3,1,6,10
2021-07-03 15:58:36,3,0,2,5
2021-07-03 15:58:38,0,0,1,1
2021-07-03 15:58:39,1,0,2,3
2021-07-03 15:58:40,3,0,2,5
2021-07-03 15:58:41,2,0,1,3
2021-07-03 15:58:42,1,0,0,1
2021-07-03 15:58:43,22,0,2,24
2021-07-03 15:58:44,3,0,1,4
2021-07-03 15:58:45,1,0,0,1
2021-07-03 15:58:48,0,0,0,0
2021-07-03 15:58:49,5,0,1,6
2021-07-03 15:58:50,1,0,0,1
2021-07-03 15:58:51,0,0,0,0
2021-07-03 15:58:53,0,0,0,0
2021-07-03 15:58:54,48,3,14,65
2021-07-03 15:58:56,0,0,0,0
2021-07-03 15:58:57,47,2,14,63
2021-07-03 15:58:58,7,0,2,9
2021-07-03 15:59:00,3,0,2,5
2021-07-03 15:59:01,166,6,27,199
2021-07-03 15:59:02,0,0,0,0
2021-07-03 15:59:04,0,0,1,1
2021-07-03 15:59:05,2,0,1,3
2021-07-03 15:59:08,1136,10,247,1393
2021-07-03 15:59:09,0,0,0,0
2021-07-03 15:59:10,0,0,0,0
2021-07-03 15:59:11,1,0,0,1
2021-07-03 15:59:12,1,0,1,2
2021-07-03 15:59:13,0,0,1,1
2021-07-03 15:59:15,2,0,0,2
2021-07-03 15:59:16,0,0,0,0
2021-07-03 15:59:19,130,6,32,168
2021-07-03 15:59:20,10,2,2,14
2021-07-03 15:59:25,2,0,1,3
2021-07-03 15:59:26,97,1,40,138
2021-07-03 15:59:28,6,0,5,11
2021-07-03 15:59:30,1,0,1,2
2021-07-03 15:59:31,889,9,80,978
2021-07-03 15:59:32,0,0,0,0
2021-07-03 15:59:34,44,0,21,65
2021-07-03 15:59:36,0,0,0,0
2021-07-03 15:59:37,158,2,39,199
2021-07-03 15:59:39,17,0,7,24
2021-07-03 15:59:41,1,0,1,2
2021-07-03 15:59:42,1,0,0,1
2021-07-03 15:59:44,18,1,4,23
2021-07-03 15:59:45,3,1,1,5
2021-07-03 15:59:48,533,8,154,695
2021-07-03 15:59:51,5,0,2,7
2021-07-03 15:59:53,0,0,0,0
2021-07-03 15:59:54,2313,283,512,3108
2021-07-03 16:00:00,9,0,2,11
2021-07-03 16:00:01,213,6,54,273
2021-07-03 16:00:03,0,0,0,0
2021-07-03 16:00:04,29,2,5,36
2021-07-03 16:00:05,2,0,1,3
2021-07-03 16:00:06,5,0,0,5
2021-07-03 16:00:07,1,0,0,1
2021-07-03 16:00:08,3012,62,389,3463
2021-07-03 16:00:10,4,0,0,4
2021-07-03 16:00:11,12,0,2,14
2021-07-03 16:00:12,0,0,0,0
2021-07-03 16:00:14,0,0,0,0
2021-07-03 16:00:15,4,0,1,5
2021-07-03 16:00:16,0,0,0,0
2021-07-03 16:00:17,24,2,11,37
2021-07-03 16:00:18,1,0,1,2
2021-07-03 16:00:19,4,0,0,4
2021-07-03 16:00:20,20,1,5,26
2021-07-03 16:00:21,1,0,0,1
2021-07-03 16:00:22,5,1,1,7
2021-07-03 16:00:23,56,2,18,76
2021-07-03 16:00:24,4,0,1,5
2021-07-03 16:00:25,301,5,61,367
2021-07-03 16:00:27,70,1,19,90
2021-07-03 16:00:28,2,0,2,4
2021-07-03 16:00:29,4,0,2,6
2021-07-03 16:00:32,3,1,0,4
2021-07-03 16:00:34,0,0,0,0
2021-07-03 16:00:35,1,0,0,1
2021-07-03 16:00:36,25,0,1,26
2021-07-03 16:00:39,2,1,0,3
2021-07-03 16:00:40,9,0,1,10
2021-07-03 16:00:43,0,0,0,0
2021-07-03 16:00:44,61,1,33,95
2021-07-03 16:00:46,80,0,22,102
2021-07-03 16:00:47,0,0,0,0
2021-07-03 16:00:48,0,0,0,0
2021-07-03 16:00:51,3,0,0,3
2021-07-03 16:00:52,0,0,0,0
2021-07-03 16:00:53,2,0,0,2
2021-07-03 16:00:54,5,0,2,7
2021-07-03 16:00:55,3,0,0,3
2021-07-03 16:00:56,4,0,0,4
2021-07-03 16:00:57,2,0,1,3
2021-07-03 16:00:58,1672,20,329,2021
2021-07-03 16:00:59,6,0,0,6
2021-07-03 16:01:00,1,0,1,2
2021-07-03 16:01:01,0,0,0,0
2021-07-03 16:01:02,18,0,4,22
2021-07-03 16:01:04,1,0,0,1
2021-07-03 16:01:05,1,0,0,1
2021-07-03 16:01:06,6,0,2,8
2021-07-03 16:01:07,1,0,0,1
2021-07-03 16:01:08,0,0,0,0
2021-07-03 16:01:09,0,0,0,0
2021-07-03 16:01:10,0,0,1,1
2021-07-03 16:01:11,2,0,0,2
2021-07-03 16:01:12,1,0,0,1
2021-07-03 16:01:13,183,2,7,192
2021-07-03 16:01:14,4,0,0,4
2021-07-03 16:01:15,243,4,77,324
2021-07-03 16:01:16,1,0,0,1
2021-07-03 16:01:17,57,0,6,63
2021-07-03 16:01:19,6,0,1,7
2021-07-03 16:01:20,0,0,0,0
2021-07-03 16:01:22,0,1,0,1
2021-07-03 16:01:23,0,0,0,0
2021-07-03 16:01:24,9,0,2,11
2021-07-03 16:01:25,6,0,1,7
2021-07-03 16:01:27,5371,200,1084,6655
2021-07-03 16:01:28,7,1,5,13
2021-07-03 16:01:29,17,0,2,19
2021-07-03 16:01:30,5,1,1,7
2021-07-03 16:01:31,1,1,1,3
2021-07-03 16:01:32,2,0,0,2
2021-07-03 16:01:33,6,0,2,8
2021-07-03 16:01:34,9,0,4,13
2021-07-03 16:01:35,0,0,0,0
2021-07-03 16:01:37,0,0,0,0
2021-07-03 16:01:39,4,0,0,4
2021-07-03 16:01:40,12,0,2,14
2021-07-03 16:01:41,2,0,0,2
2021-07-03 16:01:42,76,6,20,102
2021-07-03 16:01:43,1380,54,207,1641
2021-07-03 16:01:44,0,0,0,0
2021-07-03 16:01:45,1,0,0,1
2021-07-03 16:01:46,0,0,0,0
2021-07-03 16:01:48,0,0,0,0
2021-07-03 16:01:49,3,0,1,4
2021-07-03 16:01:50,79,2,48,129
2021-07-03 16:01:52,19,0,3,22
2021-07-03 16:01:54,45,2,11,58
2021-07-03 16:01:55,613,14,67,694
2021-07-03 16:01:56,0,0,0,0
2021-07-03 16:01:57,7,0,0,7
2021-07-03 16:01:59,0,1,0,1
2021-07-03 16:02:00,3,0,0,3
2021-07-03 16:02:01,5,0,0,5
2021-07-03 16:02:02,1,0,0,1
2021-07-03 16:02:03,0,0,0,0
2021-07-03 16:02:04,187,4,37,228
2021-07-03 16:02:05,1,0,0,1
2021-07-03 16:02:06,1,0,1,2
2021-07-03 16:02:08,4,1,1,6
2021-07-03 16:02:09,2,0,2,4
2021-07-03 16:02:10,0,0,0,0
2021-07-03 16:02:11,0,0,0,0
2021-07-03 16:02:12,0,0,0,0
2021-07-03 16:02:13,0,0,0,0
2021-07-03 16:02:14,10,0,6,16
2021-07-03 16:02:15,2,0,0,2
2021-07-03 16:02:17,0,0,0,0
2021-07-03 16:02:18,2,0,0,2
2021-07-03 16:02:19,2,0,1,3
2021-07-03 16:02:20,128,4,36,168
2021-07-03 16:02:21,5,0,0,5
2021-07-03 16:02:22,2,0,0,2
2021-07-03 16:02:26,1,0,0,1
2021-07-03 16:02:27,0,0,0,0
2021-07-03 16:02:28,0,0,0,0
2021-07-03 16:02:29,21,1,4,26
2021-07-03 16:02:30,23,0,7,30
2021-07-03 16:02:31,8,0,5,13
2021-07-03 16:02:32,2,0,1,3
2021-07-03 16:02:33,1,0,0,1
2021-07-03 16:02:34,85,3,42,130
2021-07-03 16:02:36,0,0,0,0
2021-07-03 16:02:37,70,3,15,88
2021-07-03 16:02:38,0,0,0,0
2021-07-03 16:02:39,15,1,2,18
2021-07-03 16:02:40,9,0,6,15
2021-07-03 16:02:42,1,1,0,2
2021-07-03 16:02:44,12,0,2,14
2021-07-03 16:02:45,1,0,1,2
2021-07-03 16:02:46,3,0,0,3
2021-07-03 16:02:47,0,0,0,0
2021-07-03 16:02:48,6,0,1,7
2021-07-03 16:02:49,0,0,0,0
2021-07-03 16:02:50,0,0,0,0
2021-07-03 16:02:51,0,0,0,0
2021-07-03 16:02:52,0,0,0,0
2021-07-03 16:02:53,5,0,1,6
2021-07-03 16:02:55,1,0,0,1
2021-07-03 16:02:57,5,0,5,10
2021-07-03 16:02:58,3,1,0,4
2021-07-03 16:03:00,1,0,0,1
2021-07-03 16:03:01,1,0,1,2
2021-07-03 16:03:04,0,0,0,0
2021-07-03 16:03:05,0,1,0,1
2021-07-03 16:03:06,5,0,3,8
2021-07-03 16:03:07,0,0,0,0
2021-07-03 16:03:09,874,17,110,1001
2021-07-03 16:03:10,70,0,11,81
2021-07-03 16:03:12,0,0,0,0
2021-07-03 16:03:13,174,7,17,198
2021-07-03 16:03:14,1,0,0,1
2021-07-03 16:03:15,1,0,0,1
2021-07-03 16:03:16,6,2,2,10
2021-07-03 16:03:17,0,0,0,0
2021-07-03 16:03:21,2,0,0,2
2021-07-03 16:03:22,844,21,168,1033
2021-07-03 16:03:23,1,0,1,2
2021-07-03 16:03:24,1,0,1,2
2021-07-03 16:03:25,1,0,1,2
2021-07-03 16:03:26,3,0,0,3
2021-07-03 16:03:28,0,0,0,0
2021-07-03 16:03:30,0,0,0,0
2021-07-03 16:03:31,2,0,0,2
2021-07-03 16:03:32,0,0,0,0
2021-07-03 16:03:33,1,0,0,1
2021-07-03 16:03:34,9,0,2,11
2021-07-03 16:03:36,0,0,0,0
2021-07-03 16:03:39,0,0,0,0
2021-07-03 16:03:40,0,0,0,0
2021-07-03 16:03:41,6,0,0,6
2021-07-03 16:03:43,3,0,3,6
2021-07-03 16:03:44,10,0,6,16
2021-07-03 16:03:45,4,0,1,5
2021-07-03 16:03:46,8,0,3,11
2021-07-03 16:03:47,20,1,0,21
2021-07-03 16:03:48,0,0,0,0
2021-07-03 16:03:49,4,0,1,5
2021-07-03 16:03:50,0,0,0,0
2021-07-03 16:03:51,569,16,69,654
2021-07-03 16:03:52,1,0,0,1
2021-07-03 16:03:53,0,0,0,0
2021-07-03 16:03:55,165,7,51,223
2021-07-03 16:03:56,0,0,0,0
2021-07-03 16:03:59,5,1,3,9
2021-07-03 16:04:01,4,0,1,5
2021-07-03 16:04:02,0,0,0,0
2021-07-03 16:04:04,0,0,0,0
2021-07-03 16:04:05,66,0,22,88
2021-07-03 16:04:06,8,0,0,8
2021-07-03 16:04:07,19,0,6,25
2021-07-03 16:04:08,1,0,1,2
2021-07-03 16:04:09,0,0,0,0
2021-07-03 16:04:13,53,2,1,56
2021-07-03 16:04:15,13,0,4,17
2021-07-03 16:04:19,1,0,0,1
2021-07-03 16:04:22,35,2,15,52
2021-07-03 16:04:23,0,0,1,1
2021-07-03 16:04:24,3,0,1,4
2021-07-03 16:04:25,0,0,0,0
2021-07-03 16:04:28,0,0,0,0
2021-07-03 16:04:30,220,6,52,278
2021-07-03 16:04:31,73,0,14,87
2021-07-03 16:04:32,2582,64,428,3074
2021-07-03 16:04:35,1,0,0,1
2021-07-03 16:04:37,5,0,2,7
2021-07-03 16:04:38,2,0,1,3
2021-07-03 16:04:39,245,8,65,318
2021-07-03 16:04:41,0,0,0,0
2021-07-03 16:04:42,0,0,0,0
2021-07-03 16:04:43,0,0,0,0
2021-07-03 16:04:45,0,0,0,0
2021-07-03 16:04:46,944,9,229,1182
2021-07-03 16:04:48,3,0,0,3
2021-07-03 16:04:49,0,0,0,0
2021-07-03 16:04:53,3,0,3,6
2021-07-03 16:04:55,0,0,0,0
2021-07-03 16:04:56,3,0,0,3
2021-07-03 16:04:57,1,0,1,2
2021-07-03 16:04:58,0,0,0,0
2021-07-03 16:04:59,7,0,2,9
2021-07-03 16:05:00,4,0,1,5
2021-07-03 16:05:03,0,0,0,0
2021-07-03 16:05:05,0,0,0,0
2021-07-03 16:05:07,0,1,0,1
2021-07-03 16:05:09,0,0,0,0
2021-07-03 16:05:11,1,0,0,1
2021-07-03 16:05:12,0,0,0,0
2021-07-03 16:05:13,0,0,0,0
2021-07-03 16:05:15,2,1,1,4
2021-07-03 16:05:16,24,1,5,30
2021-07-03 16:05:17,1,0,0,1
2021-07-03 16:05:18,0,0,0,0
2021-07-03 16:05:19,3,0,0,3
2021-07-03 16:05:20,4,2,0,6
2021-07-03 16:05:21,0,0,0,0
2021-07-03 16:05:22,4,0,2,6
2021-07-03 16:05:23,34,3,2,39
2021-07-03 16:05:25,2,0,0,2
2021-07-03 16:05:26,0,0,0,0
2021-07-03 16:05:27,2,0,1,3
2021-07-03 16:05:28,686,18,142,846
2021-07-03 16:05:29,1,0,0,1
2021-07-03 16:05:30,14,1,0,15
2021-07-03 16:05:32,0,0,0,0
2021-07-03 16:05:33,27,1,3,31
2021-07-03 16:05:34,8,0,1,9
2021-07-03 16:05:35,197,2,69,268
2021-07-03 16:05:38,7,1,4,12
2021-07-03 16:05:39,0,0,0,0
2021-07-03 16:05:40,1,0,2,3
2021-07-03 16:05:41,1,0,0,1
2021-07-03 16:05:42,6,1,1,8
2021-07-03 16:05:43,15,0,1,16
2021-07-03 16:05:44,0,0,0,0
2021-07-03 16:05:45,183,4,49,236
2021-07-03 16:05:46,2,0,0,2
2021-07-03 16:05:47,0,0,0,0
2021-07-03 16:05:48,0,0,0,0
2021-07-03 16:05:50,0,0,0,0
2021-07-03 16:05:56,5,0,0,5
2021-07-03 16:05:57,10,1,3,14
2021-07-03 16:05:58,18,2,7,27
2021-07-03 16:05:59,3,1,1,5
2021-07-03 16:06:00,16,0,7,23
2021-07-03 16:06:04,216,12,68,296
2021-07-03 16:06:05,30,2,11,43
2021-07-03 16:06:06,2,0,3,5
2021-07-03 16:06:07,4,0,4,8
2021-07-03 16:06:08,16,1,8,25
2021-07-03 16:06:09,6,0,6,12
2021-07-03 16:06:10,3,1,2,6
2021-07-03 16:06:12,11,0,6,17
2021-07-03 16:06:15,1,0,0,1
2021-07-03 16:06:17,6,0,1,7
2021-07-03 16:06:18,1,0,1,2
2021-07-03 16:06:19,57,0,6,63
2021-07-03 16:06:21,11,0,3,14
2021-07-03 16:06:23,27,2,10,39
2021-07-03 16:06:24,1,0,0,1
2021-07-03 16:06:27,4,0,0,4
2021-07-03 16:06:29,9,0,4,13
2021-07-03 16:06:30,7,1,3,11
2021-07-03 16:06:35,4,0,2,6
2021-07-03 16:06:37,2,0,1,3
2021-07-03 16:06:39,1843,34,265,2142
2021-07-03 16:06:40,2,0,1,3
2021-07-03 16:06:42,24,2,5,31
2021-07-03 16:06:45,1,0,0,1
2021-07-03 16:06:47,2,1,0,3
2021-07-03 16:06:48,0,0,0,0
2021-07-03 16:06:49,64,0,8,72
2021-07-03 16:06:51,1079,32,78,1189
2021-07-03 16:06:52,0,0,0,0
2021-07-03 16:06:53,1,0,0,1
2021-07-03 16:06:54,2,0,0,2
2021-07-03 16:06:56,1,0,1,2
2021-07-03 16:06:57,0,0,0,0
2021-07-03 16:06:58,5,0,0,5
2021-07-03 16:06:59,783,24,174,981
2021-07-03 16:07:00,7,2,1,10
2021-07-03 16:07:02,0,0,0,0
2021-07-03 16:07:04,1,1,0,2
2021-07-03 16:07:06,1,0,0,1
2021-07-03 16:07:07,9,0,0,9
2021-07-03 16:07:08,0,0,0,0
2021-07-03 16:07:09,35,1,4,40
2021-07-03 16:07:10,2,0,0,2
2021-07-03 16:07:11,0,0,0,0
2021-07-03 16:07:12,61,0,5,66
2021-07-03 16:07:13,28,0,4,32
2021-07-03 16:07:14,88,3,19,110
2021-07-03 16:07:16,1807,37,445,2289
2021-07-03 16:07:18,1,0,1,2
2021-07-03 16:07:20,0,0,0,0
2021-07-03 16:07:21,23,1,6,30
2021-07-03 16:07:22,0,0,0,0
2021-07-03 16:07:23,0,0,0,0
2021-07-03 16:07:24,79,0,4,83
2021-07-03 16:07:25,1,0,1,2
2021-07-03 16:07:26,0,0,0,0
2021-07-03 16:07:27,3,0,1,4
2021-07-03 16:07:29,0,0,0,0
2021-07-03 16:07:30,0,0,0,0
2021-07-03 16:07:31,589,22,83,694
2021-07-03 16:07:33,1,0,0,1
2021-07-03 16:07:34,1,0,0,1
2021-07-03 16:07:35,1,0,0,1
2021-07-03 16:07:36,59,1,17,77
2021-07-03 16:07:37,3,0,1,4
2021-07-03 16:07:38,7,0,3,10
2021-07-03 16:07:41,58,4,12,74
2021-07-03 16:07:42,5,0,0,5
2021-07-03 16:07:44,0,0,0,0
2021-07-03 16:07:46,1,0,0,1
2021-07-03 16:07:48,38,0,4,42
2021-07-03 16:07:49,1,0,0,1
2021-07-03 16:07:50,125,4,13,142
2021-07-03 16:07:51,9,0,4,13
2021-07-03 16:07:52,51,1,17,69
2021-07-03 16:07:53,25,1,1,27
2021-07-03 16:07:55,2,1,1,4
2021-07-03 16:07:57,1,0,0,1
2021-07-03 16:07:58,15,0,1,16
2021-07-03 16:08:00,2,0,1,3
2021-07-03 16:08:01,1,0,0,1
2021-07-03 16:08:02,5,0,1,6
2021-07-03 16:08:03,3,3,0,6
2021-07-03 16:08:04,2,2,2,6
2021-07-03 16:08:05,16,3,3,22
2021-07-03 16:08:06,2,2,0,4
2021-07-03 16:08:07,40,5,4,49
2021-07-03 16:08:08,4,4,0,8
2021-07-03 16:08:10,2,1,0,3
2021-07-03 16:08:11,29,1,7,37
2021-07-03 16:08:12,1,0,0,1
2021-07-03 16:08:13,2,0,0,2
2021-07-03 16:08:14,8,0,1,9
2021-07-03 16:08:15,0,0,0,0
2021-07-03 16:08:16,7,0,1,8
2021-07-03 16:08:18,1,0,0,1
2021-07-03 16:08:19,3,0,1,4
2021-07-03 16:08:21,1,0,0,1
2021-07-03 16:08:22,16,1,4,21
2021-07-03 16:08:23,0,0,0,0
2021-07-03 16:08:24,2,1,0,3
2021-07-03 16:08:25,0,0,0,0
2021-07-03 16:08:26,4,0,0,4
2021-07-03 16:08:27,1,0,0,1
2021-07-03 16:08:29,0,0,0,0
2021-07-03 16:08:30,3,0,1,4
2021-07-03 16:08:31,0,0,0,0
2021-07-03 16:08:32,129,5,26,160
2021-07-03 16:08:33,1,0,0,1
2021-07-03 16:08:34,2,0,0,2
2021-07-03 16:08:36,2,0,2,4
2021-07-03 16:08:37,34,0,13,47
2021-07-03 16:08:38,0,0,0,0
2021-07-03 16:08:39,0,0,0,0
2021-07-03 16:08:40,7,1,1,9
2021-07-03 16:08:41,0,0,0,0
2021-07-03 16:08:42,0,0,0,0
2021-07-03 16:08:43,10,0,2,12
2021-07-03 16:08:45,0,0,0,0
2021-07-03 16:08:46,1,0,0,1
2021-07-03 16:08:48,1,0,0,1
2021-07-03 16:08:49,0,0,0,0
2021-07-03 16:08:50,49,0,8,57
2021-07-03 16:08:51,0,0,0,0
2021-07-03 16:08:54,0,0,0,0
2021-07-03 16:08:55,0,0,0,0
2021-07-03 16:08:56,1,0,0,1
2021-07-03 16:08:57,0,0,0,0
2021-07-03 16:08:58,166,4,35,205
2021-07-03 16:08:59,0,0,0,0
2021-07-03 16:09:00,1,0,1,2
2021-07-03 16:09:01,33,0,5,38
2021-07-03 16:09:02,527,9,80,616
2021-07-03 16:09:03,29,0,22,51
2021-07-03 16:09:04,3,0,0,3
2021-07-03 16:09:06,0,0,0,0
2021-07-03 16:09:07,0,0,0,0
2021-07-03 16:09:09,0,0,0,0
2021-07-03 16:09:10,900,29,258,1187
2021-07-03 16:09:11,2,0,1,3
2021-07-03 16:09:12,98,0,7,105
2021-07-03 16:09:13,11,0,2,13
2021-07-03 16:09:14,0,0,0,0
2021-07-03 16:09:17,0,0,0,0
2021-07-03 16:09:18,0,0,0,0
2021-07-03 16:09:19,3,0,1,4
2021-07-03 16:09:20,21512,132,2770,24414
2021-07-03 16:09:22,8,0,5,13
2021-07-03 16:09:23,4,0,0,4
2021-07-03 16:09:24,717,10,103,830
2021-07-03 16:09:25,1,0,1,2
2021-07-03 16:09:26,0,0,0,0
2021-07-03 16:09:27,151,5,44,200
2021-07-03 16:09:28,2,1,1,4
2021-07-03 16:09:31,1,0,0,1
2021-07-03 16:09:32,2,0,0,2
2021-07-03 16:09:33,0,0,0,0
2021-07-03 16:09:36,1,0,0,1
2021-07-03 16:09:37,0,0,0,0
2021-07-03 16:09:39,0,0,0,0
2021-07-03 16:09:42,1,0,0,1
2021-07-03 16:09:43,0,0,0,0
2021-07-03 16:09:44,0,0,0,0
2021-07-03 16:09:45,11,4,0,15
2021-07-03 16:09:46,3,0,0,3
2021-07-03 16:09:47,1,0,0,1
2021-07-03 16:09:48,5,0,4,9
2021-07-03 16:09:49,4,0,1,5
2021-07-03 16:09:50,30,10,8,48
2021-07-03 16:09:51,112,6,25,143
2021-07-03 16:09:53,35,2,13,50
2021-07-03 16:09:54,3,0,0,3
2021-07-03 16:09:55,18,1,1,20
2021-07-03 16:09:56,3,0,0,3
2021-07-03 16:09:58,0,0,0,0
2021-07-03 16:09:59,101,3,14,118
2021-07-03 16:10:00,725,16,211,952
2021-07-03 16:10:01,53,5,17,75
2021-07-03 16:10:03,5,0,0,5
2021-07-03 16:10:05,1,0,0,1
2021-07-03 16:10:06,94,0,32,126
2021-07-03 16:10:07,222,8,57,287
2021-07-03 16:10:08,8,0,0,8
2021-07-03 16:10:09,0,0,0,0
2021-07-03 16:10:10,1,0,0,1
2021-07-03 16:10:11,2,0,0,2
2021-07-03 16:10:12,0,0,0,0
2021-07-03 16:10:14,0,0,0,0
2021-07-03 16:10:15,0,0,0,0
2021-07-03 16:10:16,5,0,2,7
2021-07-03 16:10:17,2,1,2,5
2021-07-03 16:10:18,169,5,30,204
2021-07-03 16:10:19,1,0,1,2
2021-07-03 16:10:20,22,1,7,30
2021-07-03 16:10:22,0,0,1,1
2021-07-03 16:10:23,264,6,24,294
2021-07-03 16:10:25,12,0,2,14
2021-07-03 16:10:26,24,0,5,29
2021-07-03 16:10:28,1,0,0,1
2021-07-03 16:10:31,2,1,0,3
2021-07-03 16:10:34,1,0,0,1
2021-07-03 16:10:35,0,0,0,0
2021-07-03 16:10:37,10,1,0,11
2021-07-03 16:10:38,0,0,0,0
2021-07-03 16:10:39,0,1,0,1
2021-07-03 16:10:40,3,0,0,3
2021-07-03 16:10:41,1,0,0,1
2021-07-03 16:10:42,0,0,0,0
2021-07-03 16:10:43,0,0,0,0
2021-07-03 16:10:44,1,0,2,3
2021-07-03 16:10:45,10,2,4,16
2021-07-03 16:10:46,0,0,0,0
2021-07-03 16:10:48,3,0,4,7
2021-07-03 16:10:51,1,0,1,2
2021-07-03 16:10:52,45,1,13,59
2021-07-03 16:10:53,0,0,0,0
2021-07-03 16:10:54,118,6,22,146
2021-07-03 16:10:55,1,0,0,1
2021-07-03 16:10:56,67,4,28,99
2021-07-03 16:10:58,1,0,0,1
2021-07-03 16:10:59,1,0,0,1
2021-07-03 16:11:00,1,0,1,2
2021-07-03 16:11:01,0,0,0,0
2021-07-03 16:11:02,2,1,0,3
2021-07-03 16:11:03,0,0,0,0
2021-07-03 16:11:04,4,0,1,5
2021-07-03 16:11:05,3,0,3,6
2021-07-03 16:11:07,0,0,0,0
2021-07-03 16:11:08,107,2,21,130
2021-07-03 16:11:11,1,0,0,1
2021-07-03 16:11:12,2,0,0,2
2021-07-03 16:11:13,145,11,28,184
2021-07-03 16:11:15,1,0,1,2
2021-07-03 16:11:16,20,0,8,28
2021-07-03 16:11:18,4,1,0,5
2021-07-03 16:11:19,0,0,0,0
2021-07-03 16:11:20,1,0,0,1
2021-07-03 16:11:21,2,1,0,3
2021-07-03 16:11:24,160,0,40,200
2021-07-03 16:11:25,2,0,1,3
2021-07-03 16:11:26,1647,35,661,2343
2021-07-03 16:11:27,0,0,0,0
2021-07-03 16:11:28,4,0,2,6
2021-07-03 16:11:29,2,0,0,2
2021-07-03 16:11:30,5,0,0,5
2021-07-03 16:11:31,11,0,1,12
2021-07-03 16:11:32,1,0,0,1
2021-07-03 16:11:33,0,0,0,0
2021-07-03 16:11:34,36,2,8,46
2021-07-03 16:11:35,1,0,0,1
2021-07-03 16:11:36,18,1,6,25
2021-07-03 16:11:37,11,0,2,13
2021-07-03 16:11:39,1420,30,330,1780
2021-07-03 16:11:40,1,0,0,1
2021-07-03 16:11:41,8427,145,1255,9827
2021-07-03 16:11:42,2,0,1,3
2021-07-03 16:11:44,141,4,39,184
2021-07-03 16:11:45,4,0,1,5
2021-07-03 16:11:47,9,1,6,16
2021-07-03 16:11:48,17,1,2,20
2021-07-03 16:11:49,1,0,0,1
2021-07-03 16:11:50,54,0,10,64
2021-07-03 16:11:52,2,0,0,2
2021-07-03 16:11:54,24,0,10,34
2021-07-03 16:11:55,355,6,22,383
2021-07-03 16:11:56,0,0,0,0
2021-07-03 16:11:57,2,0,0,2
2021-07-03 16:11:58,2,0,0,2
2021-07-03 16:11:59,2,0,0,2
2021-07-03 16:12:00,4,0,2,6
2021-07-03 16:12:01,2,1,0,3
2021-07-03 16:12:03,1,0,0,1
2021-07-03 16:12:04,0,0,0,0
2021-07-03 16:12:06,0,0,0,0
2021-07-03 16:12:07,12,1,1,14
2021-07-03 16:12:08,3,0,2,5
2021-07-03 16:12:09,0,0,0,0
2021-07-03 16:12:10,0,0,0,0
2021-07-03 16:12:11,2,0,1,3
2021-07-03 16:12:15,1,0,0,1
2021-07-03 16:12:17,1,0,0,1
2021-07-03 16:12:18,0,0,0,0
2021-07-03 16:12:19,3,0,2,5
2021-07-03 16:12:21,3,1,2,6
2021-07-03 16:12:22,1,0,1,2
2021-07-03 16:12:24,3,0,3,6
2021-07-03 16:12:27,44,1,18,63
2021-07-03 16:12:28,2,0,2,4
2021-07-03 16:12:29,46,1,12,59
2021-07-03 16:12:30,86,2,17,105
2021-07-03 16:12:31,2,1,2,5
2021-07-03 16:12:32,472,9,73,554
2021-07-03 16:12:33,4,0,2,6
2021-07-03 16:12:34,1,0,1,2
2021-07-03 16:12:35,165,6,33,204
2021-07-03 16:12:36,3,0,3,6
2021-07-03 16:12:37,5,0,4,9
2021-07-03 16:12:38,3,0,2,5
2021-07-03 16:12:39,4,0,4,8
2021-07-03 16:12:41,38,0,20,58
2021-07-03 16:12:44,2,0,2,4
2021-07-03 16:12:45,12,0,14,26
2021-07-03 16:12:46,37,3,13,53
2021-07-03 16:12:47,2,0,2,4
2021-07-03 16:12:48,4,0,4,8
2021-07-03 16:12:50,33,2,8,43
2021-07-03 16:12:51,6,0,4,10
2021-07-03 16:12:53,9,1,5,15
2021-07-03 16:12:54,52,3,4,59
2021-07-03 16:12:55,6,0,2,8
2021-07-03 16:12:57,23,2,10,35
2021-07-03 16:12:58,4,0,3,7
2021-07-03 16:12:59,6,0,4,10
2021-07-03 16:13:00,3,0,4,7
2021-07-03 16:13:03,3,0,3,6
2021-07-03 16:13:04,13,0,2,15
2021-07-03 16:13:05,2,0,0,2
2021-07-03 16:13:06,0,0,0,0
2021-07-03 16:13:07,0,0,0,0
2021-07-03 16:13:08,0,0,0,0
2021-07-03 16:13:09,0,0,0,0
2021-07-03 16:13:10,1,0,0,1
2021-07-03 16:13:11,0,0,0,0
2021-07-03 16:13:13,0,0,0,0
2021-07-03 16:13:14,4,1,0,5
2021-07-03 16:13:17,0,0,0,0
2021-07-03 16:13:18,32,1,1,34
2021-07-03 16:13:19,10,0,1,11
2021-07-03 16:13:20,2,0,0,2
2021-07-03 16:13:22,75,2,9,86
2021-07-03 16:13:24,5,0,0,5
2021-07-03 16:13:25,1,0,0,1
2021-07-03 16:13:26,3,0,0,3
2021-07-03 16:13:27,5,0,3,8
2021-07-03 16:13:28,60,0,28,88
2021-07-03 16:13:29,6,0,0,6
2021-07-03 16:13:30,2,0,0,2
2021-07-03 16:13:32,1,0,0,1
2021-07-03 16:13:33,6,0,0,6
2021-07-03 16:13:34,29,1,3,33
2021-07-03 16:13:35,1,0,0,1
2021-07-03 16:13:36,2,0,0,2
2021-07-03 16:13:38,47,0,12,59
2021-07-03 16:13:39,4,0,0,4
2021-07-03 16:13:40,2,0,0,2
2021-07-03 16:13:41,2,0,0,2
2021-07-03 16:13:42,5,0,2,7
2021-07-03 16:13:43,1,0,0,1
2021-07-03 16:13:44,6,0,2,8
2021-07-03 16:13:45,2,0,0,2
2021-07-03 16:13:46,11,0,6,17
2021-07-03 16:13:47,1,0,0,1
2021-07-03 16:13:48,2,0,0,2
2021-07-03 16:13:49,4,0,0,4
2021-07-03 16:13:50,4447,47,493,4987
2021-07-03 16:13:51,1,0,1,2
2021-07-03 16:13:52,1,0,0,1
2021-07-03 16:13:53,66,1,23,90
2021-07-03 16:13:55,19,2,3,24
2021-07-03 16:13:56,0,0,1,1
2021-07-03 16:13:57,1200,29,285,1514
2021-07-03 16:13:59,1,0,0,1
2021-07-03 16:14:00,2,0,2,4
2021-07-03 16:14:01,2,0,0,2
2021-07-03 16:14:03,14,0,4,18
2021-07-03 16:14:04,1,0,2,3
2021-07-03 16:14:06,0,0,0,0
2021-07-03 16:14:07,0,0,0,0
2021-07-03 16:14:08,1,0,0,1
2021-07-03 16:14:10,1,0,0,1
2021-07-03 16:14:12,9,0,4,13
2021-07-03 16:14:13,0,0,0,0
2021-07-03 16:14:14,0,0,0,0
2021-07-03 16:14:15,54,0,8,62
2021-07-03 16:14:16,7,2,3,12
2021-07-03 16:14:17,3,0,0,3
2021-07-03 16:14:18,0,0,0,0
2021-07-03 16:14:19,294,11,79,384
2021-07-03 16:14:20,0,0,0,0
2021-07-03 16:14:21,2,0,0,2
2021-07-03 16:14:23,98,1,21,120
2021-07-03 16:14:24,1,0,0,1
2021-07-03 16:14:25,1,1,2,4
2021-07-03 16:14:26,0,0,0,0
2021-07-03 16:14:27,51,0,12,63
2021-07-03 16:14:28,0,0,0,0
2021-07-03 16:14:29,0,0,0,0
2021-07-03 16:14:30,4,0,1,5
2021-07-03 16:14:31,824,33,113,970
2021-07-03 16:14:32,2,0,0,2
2021-07-03 16:14:33,1375,30,262,1667
2021-07-03 16:14:35,1,0,0,1
2021-07-03 16:14:36,414,8,61,483
2021-07-03 16:14:37,3,0,1,4
2021-07-03 16:14:38,5,0,2,7
2021-07-03 16:14:39,44,0,11,55
2021-07-03 16:14:40,0,0,0,0
2021-07-03 16:14:41,1,0,0,1
2021-07-03 16:14:43,1,0,0,1
2021-07-03 16:14:44,12,0,7,19
2021-07-03 16:14:45,24,1,1,26
2021-07-03 16:14:46,1,0,0,1
2021-07-03 16:14:47,2,0,0,2
2021-07-03 16:14:48,0,0,0,0
2021-07-03 16:14:49,4,0,0,4
2021-07-03 16:14:50,49,0,13,62
2021-07-03 16:14:51,5,0,1,6
2021-07-03 16:14:52,9,0,0,9
2021-07-03 16:14:53,2,0,0,2
2021-07-03 16:14:54,2,0,0,2
2021-07-03 16:14:55,0,0,0,0
2021-07-03 16:14:56,0,0,0,0
2021-07-03 16:14:57,2,0,0,2
2021-07-03 16:14:58,0,0,0,0
2021-07-03 16:14:59,1,0,1,2
2021-07-03 16:15:00,0,0,1,1
2021-07-03 16:15:01,236,4,31,271
2021-07-03 16:15:02,0,0,0,0
2021-07-03 16:15:03,0,0,0,0
2021-07-03 16:15:04,2,0,0,2
2021-07-03 16:15:05,1,0,0,1
2021-07-03 16:15:06,0,0,0,0
2021-07-03 16:15:09,1,0,0,1
2021-07-03 16:15:10,4,0,2,6
2021-07-03 16:15:11,1,0,0,1
2021-07-03 16:15:12,5,0,0,5
2021-07-03 16:15:14,48,1,21,70
2021-07-03 16:15:15,0,0,0,0
2021-07-03 16:15:16,2,0,0,2
2021-07-03 16:15:18,1,0,0,1
2021-07-03 16:15:19,0,0,0,0
2021-07-03 16:15:20,15,3,4,22
2021-07-03 16:15:21,2,0,1,3
2021-07-03 16:15:22,2,1,0,3
2021-07-03 16:15:23,12,3,1,16
2021-07-03 16:15:24,14,0,4,18
2021-07-03 16:15:25,4,0,1,5
2021-07-03 16:15:26,0,0,0,0
2021-07-03 16:15:27,0,0,0,0
2021-07-03 16:15:28,1,0,0,1
2021-07-03 16:15:29,42,2,7,51
2021-07-03 16:15:30,154,2,20,176
2021-07-03 16:15:31,1,0,0,1
2021-07-03 16:15:32,6,0,0,6
2021-07-03 16:15:33,1,0,0,1
2021-07-03 16:15:34,654,9,76,739
2021-07-03 16:15:35,1,0,0,1
2021-07-03 16:15:36,2,0,0,2
2021-07-03 16:15:38,2,0,0,2
2021-07-03 16:15:39,1,0,0,1
2021-07-03 16:15:40,1448,64,184,1696
2021-07-03 16:15:41,1,0,0,1
2021-07-03 16:15:42,3,1,0,4
2021-07-03 16:15:44,4,0,0,4
2021-07-03 16:15:46,0,0,0,0
2021-07-03 16:15:47,36,1,3,40
2021-07-03 16:15:50,3,0,0,3
2021-07-03 16:15:51,2,0,0,2
2021-07-03 16:15:53,1,0,0,1
2021-07-03 16:15:54,0,0,0,0
2021-07-03 16:15:55,2,0,0,2
2021-07-03 16:15:56,3,0,2,5
2021-07-03 16:15:57,12,2,4,18
2021-07-03 16:15:58,1,0,0,1
2021-07-03 16:16:00,2,0,0,2
2021-07-03 16:16:01,20,2,2,24
2021-07-03 16:16:02,0,0,0,0
2021-07-03 16:16:05,2,0,0,2
2021-07-03 16:16:07,2,0,0,2
2021-07-03 16:16:08,0,0,0,0
2021-07-03 16:16:09,5,0,1,6
2021-07-03 16:16:10,0,0,0,0
2021-07-03 16:16:12,0,0,0,0
2021-07-03 16:16:14,532,2,27,561
2021-07-03 16:16:15,2,1,0,3
2021-07-03 16:16:16,1,0,0,1
2021-07-03 16:16:18,0,0,0,0
2021-07-03 16:16:19,0,0,0,0
2021-07-03 16:16:20,313,7,46,366
2021-07-03 16:16:22,0,0,0,0
2021-07-03 16:16:23,36,0,3,39
2021-07-03 16:16:24,3,0,1,4
2021-07-03 16:16:25,1,0,0,1
2021-07-03 16:16:26,41,2,2,45
2021-07-03 16:16:27,10,0,3,13
2021-07-03 16:16:28,1,1,0,2
2021-07-03 16:16:29,184,6,54,244
2021-07-03 16:16:30,8,0,3,11
2021-07-03 16:16:31,3,0,2,5
2021-07-03 16:16:32,2,0,0,2
2021-07-03 16:16:33,0,0,0,0
2021-07-03 16:16:34,2,0,0,2
2021-07-03 16:16:36,35,1,14,50
2021-07-03 16:16:37,107,1,24,132
2021-07-03 16:16:38,0,0,0,0
2021-07-03 16:16:39,2,0,0,2
2021-07-03 16:16:40,4,1,0,5
2021-07-03 16:16:42,9,0,1,10
2021-07-03 16:16:43,1,0,0,1
2021-07-03 16:16:44,4,0,0,4
2021-07-03 16:16:48,153,4,28,185
2021-07-03 16:16:49,1,0,1,2
2021-07-03 16:16:50,0,0,0,0
2021-07-03 16:16:51,51,0,18,69
2021-07-03 16:16:52,180,4,30,214
2021-07-03 16:16:55,8,0,0,8
2021-07-03 16:16:56,0,0,0,0
2021-07-03 16:16:57,9,0,3,12
2021-07-03 16:16:58,20,2,2,24
2021-07-03 16:16:59,0,0,0,0
2021-07-03 16:17:00,0,0,0,0
2021-07-03 16:17:01,0,0,0,0
2021-07-03 16:17:02,0,0,0,0
2021-07-03 16:17:03,6,1,2,9
2021-07-03 16:17:04,6,0,3,9
2021-07-03 16:17:05,3,0,1,4
2021-07-03 16:17:06,0,0,0,0
2021-07-03 16:17:07,136,3,29,168
2021-07-03 16:17:08,287,3,30,320
2021-07-03 16:17:09,2,0,1,3
2021-07-03 16:17:10,0,0,0,0
2021-07-03 16:17:12,0,0,0,0
2021-07-03 16:17:13,12,0,3,15
2021-07-03 16:17:14,0,0,0,0
2021-07-03 16:17:15,0,0,0,0
2021-07-03 16:17:16,3,0,1,4
2021-07-03 16:17:17,0,0,0,0
2021-07-03 16:17:18,10,0,5,15
2021-07-03 16:17:20,0,0,0,0
2021-07-03 16:17:21,5,1,0,6
2021-07-03 16:17:22,3,0,0,3
2021-07-03 16:17:23,10,2,1,13
2021-07-03 16:17:24,1,0,0,1
2021-07-03 16:17:26,4,0,0,4
2021-07-03 16:17:28,1,0,0,1
2021-07-03 16:17:29,1,0,0,1
2021-07-03 16:17:30,1,0,0,1
2021-07-03 16:17:31,2,0,1,3
2021-07-03 16:17:32,6,2,0,8
2021-07-03 16:17:33,0,0,0,0
2021-07-03 16:17:34,47,2,15,64
2021-07-03 16:17:35,0,0,0,0
2021-07-03 16:17:36,0,0,0,0
2021-07-03 16:17:37,8332,96,1458,9886
2021-07-03 16:17:40,1,0,0,1
2021-07-03 16:17:41,1,0,0,1
2021-07-03 16:17:42,8,1,1,10
2021-07-03 16:17:44,2,0,0,2
2021-07-03 16:17:47,1,0,0,1
2021-07-03 16:17:48,12,0,2,14
2021-07-03 16:17:51,781,18,228,1027
2021-07-03 16:17:52,2,0,0,2
2021-07-03 16:17:53,6,0,0,6
2021-07-03 16:17:54,0,0,0,0
2021-07-03 16:17:55,18,1,1,20
2021-07-03 16:17:56,10,0,0,10
2021-07-03 16:17:57,9,0,2,11
2021-07-03 16:17:59,1,0,0,1
2021-07-03 16:18:00,0,0,0,0
2021-07-03 16:18:02,0,0,0,0
2021-07-03 16:18:03,6,0,0,6
2021-07-03 16:18:04,114,0,26,140
2021-07-03 16:18:05,5,0,2,7
2021-07-03 16:18:07,1,0,0,1
2021-07-03 16:18:08,4,1,0,5
2021-07-03 16:18:09,0,0,0,0
2021-07-03 16:18:10,0,0,0,0
2021-07-03 16:18:11,34,2,6,42
2021-07-03 16:18:12,50,1,10,61
2021-07-03 16:18:13,22,0,9,31
2021-07-03 16:18:14,0,0,0,0
2021-07-03 16:18:15,51,2,9,62
2021-07-03 16:18:16,4,0,3,7
2021-07-03 16:18:17,2,0,1,3
2021-07-03 16:18:19,9,0,0,9
2021-07-03 16:18:20,5,0,1,6
2021-07-03 16:18:22,1,0,1,2
2021-07-03 16:18:23,3057,21,101,3179
2021-07-03 16:18:24,33,0,12,45
2021-07-03 16:18:25,0,0,0,0
2021-07-03 16:18:26,3,0,0,3
2021-07-03 16:18:27,0,0,0,0
2021-07-03 16:18:28,0,0,0,0
2021-07-03 16:18:29,3,0,0,3
2021-07-03 16:18:30,7,0,0,7
2021-07-03 16:18:32,8,0,0,8
2021-07-03 16:18:33,1,0,0,1
2021-07-03 16:18:34,0,0,0,0
2021-07-03 16:18:35,62,4,17,83
2021-07-03 16:18:36,2,0,0,2
2021-07-03 16:18:37,4,1,0,5
2021-07-03 16:18:38,1,0,0,1
2021-07-03 16:18:39,0,0,0,0
2021-07-03 16:18:41,1,0,0,1
2021-07-03 16:18:43,882,20,228,1130
2021-07-03 16:18:44,1,0,0,1
2021-07-03 16:18:45,1,0,0,1
2021-07-03 16:18:46,0,1,0,1
2021-07-03 16:18:47,28,0,8,36
2021-07-03 16:18:48,349,5,110,464
2021-07-03 16:18:49,0,0,0,0
2021-07-03 16:18:52,8,0,1,9
2021-07-03 16:18:53,0,0,0,0
2021-07-03 16:18:54,5,0,1,6
2021-07-03 16:18:55,2,0,1,3
2021-07-03 16:18:56,0,0,0,0
2021-07-03 16:18:57,1,0,0,1
2021-07-03 16:18:59,18,0,8,26
2021-07-03 16:19:00,2,0,0,2
2021-07-03 16:19:02,0,0,0,0
2021-07-03 16:19:03,1,0,0,1
2021-07-03 16:19:04,1,0,1,2
2021-07-03 16:19:05,87,0,17,104
2021-07-03 16:19:06,0,0,0,0
2021-07-03 16:19:07,5,0,0,5
2021-07-03 16:19:08,0,0,0,0
2021-07-03 16:19:09,228,4,83,315
2021-07-03 16:19:10,11,2,4,17
2021-07-03 16:19:11,0,0,0,0
2021-07-03 16:19:12,193,9,62,264
2021-07-03 16:19:14,0,0,0,0
2021-07-03 16:19:15,1,0,1,2
2021-07-03 16:19:16,5,0,0,5
2021-07-03 16:19:17,1,0,0,1
2021-07-03 16:19:18,1,0,0,1
2021-07-03 16:19:19,0,0,0,0
2021-07-03 16:19:20,5,0,0,5
2021-07-03 16:19:21,4,0,1,5
2021-07-03 16:19:22,2,0,0,2
2021-07-03 16:19:23,0,0,0,0
2021-07-03 16:19:24,69,0,16,85
2021-07-03 16:19:25,19,0,0,19
2021-07-03 16:19:26,1,0,1,2
2021-07-03 16:19:27,0,0,0,0
2021-07-03 16:19:29,0,0,0,0
2021-07-03 16:19:30,15,0,1,16
2021-07-03 16:19:31,5,0,2,7
2021-07-03 16:19:32,3,0,0,3
2021-07-03 16:19:33,0,0,0,0
2021-07-03 16:19:35,1,0,0,1
2021-07-03 16:19:36,60,10,13,83
2021-07-03 16:19:37,2,0,0,2
2021-07-03 16:19:38,1,0,0,1
2021-07-03 16:19:39,0,0,0,0
2021-07-03 16:19:40,0,0,0,0
2021-07-03 16:19:41,49,0,2,51
2021-07-03 16:19:42,2,0,0,2
2021-07-03 16:19:43,10,1,1,12
2021-07-03 16:19:44,31,3,8,42
2021-07-03 16:19:45,0,0,0,0
2021-07-03 16:19:46,28,0,4,32
2021-07-03 16:19:48,6,1,1,8
2021-07-03 16:19:49,1,0,0,1
2021-07-03 16:19:50,1,0,0,1
2021-07-03 16:19:52,1,0,0,1
2021-07-03 16:19:54,0,0,0,0
2021-07-03 16:19:55,0,0,0,0
2021-07-03 16:19:56,0,0,0,0
2021-07-03 16:19:57,0,0,0,0
2021-07-03 16:19:58,4,0,2,6
2021-07-03 16:19:59,49,2,1,52
2021-07-03 16:20:00,1219,30,250,1499
2021-07-03 16:20:02,7,0,7,14
2021-07-03 16:20:03,186,4,47,237
2021-07-03 16:20:04,3,0,0,3
2021-07-03 16:20:05,26,0,11,37
2021-07-03 16:20:06,16,3,4,23
2021-07-03 16:20:07,0,0,0,0
2021-07-03 16:20:08,406,8,120,534
2021-07-03 16:20:10,3,0,0,3
2021-07-03 16:20:12,0,0,0,0
2021-07-03 16:20:13,0,0,0,0
2021-07-03 16:20:14,26,0,4,30
2021-07-03 16:20:15,0,0,0,0
2021-07-03 16:20:19,1,0,0,1
2021-07-03 16:20:20,14,0,2,16
2021-07-03 16:20:21,264,7,69,340
2021-07-03 16:20:22,1,0,0,1
2021-07-03 16:20:23,0,0,0,0
2021-07-03 16:20:24,0,0,0,0
2021-07-03 16:20:25,0,0,0,0
2021-07-03 16:20:26,0,0,0,0
2021-07-03 16:20:28,20,2,4,26
2021-07-03 16:20:29,2,1,0,3
2021-07-03 16:20:31,48,0,4,52
2021-07-03 16:20:32,1,0,1,2
2021-07-03 16:20:33,0,0,0,0
2021-07-03 16:20:35,7,1,0,8
2021-07-03 16:20:36,0,0,0,0
2021-07-03 16:20:37,22,0,4,26
2021-07-03 16:20:38,20,1,1,22
2021-07-03 16:20:39,3,0,1,4
2021-07-03 16:20:40,2,0,0,2
2021-07-03 16:20:41,416,1,28,445
2021-07-03 16:20:42,0,0,0,0
2021-07-03 16:20:43,80,2,17,99
2021-07-03 16:20:44,0,0,0,0
2021-07-03 16:20:45,2,0,0,2
2021-07-03 16:20:46,25,1,2,28
2021-07-03 16:20:47,0,0,0,0
2021-07-03 16:20:48,0,0,0,0
2021-07-03 16:20:49,0,0,0,0
2021-07-03 16:20:50,0,0,0,0
2021-07-03 16:20:51,4,0,0,4
2021-07-03 16:20:53,0,0,0,0
2021-07-03 16:20:54,1,0,1,2
2021-07-03 16:20:55,2,0,1,3
2021-07-03 16:20:56,5,0,1,6
2021-07-03 16:20:57,1,0,0,1
2021-07-03 16:20:58,1,0,0,1
2021-07-03 16:20:59,78,0,0,78
2021-07-03 16:21:00,1,0,0,1
2021-07-03 16:21:01,5,0,1,6
2021-07-03 16:21:02,2,0,1,3
2021-07-03 16:21:04,6,0,2,8
2021-07-03 16:21:05,3,0,0,3
2021-07-03 16:21:06,2,0,2,4
2021-07-03 16:21:07,1,0,0,1
2021-07-03 16:21:08,3,1,0,4
2021-07-03 16:21:10,46,0,25,71
2021-07-03 16:21:11,2,0,1,3
2021-07-03 16:21:12,0,0,0,0
2021-07-03 16:21:13,7,1,0,8
2021-07-03 16:21:14,3,0,1,4
2021-07-03 16:21:16,2,0,4,6
2021-07-03 16:21:17,126,4,32,162
2021-07-03 16:21:18,0,0,1,1
2021-07-03 16:21:20,0,0,2,2
2021-07-03 16:21:21,0,0,0,0
2021-07-03 16:21:22,0,0,0,0
2021-07-03 16:21:23,12,0,10,22
2021-07-03 16:21:24,1,0,0,1
2021-07-03 16:21:25,0,0,0,0
2021-07-03 16:21:27,0,0,0,0
2021-07-03 16:21:28,6,0,0,6
2021-07-03 16:21:29,2,0,0,2
2021-07-03 16:21:30,20,0,5,25
2021-07-03 16:21:31,1,0,0,1
2021-07-03 16:21:32,5,0,3,8
2021-07-03 16:21:33,76,3,18,97
2021-07-03 16:21:34,11,0,0,11
2021-07-03 16:21:35,2,0,1,3
2021-07-03 16:21:36,84,2,4,90
2021-07-03 16:21:37,1,0,0,1
2021-07-03 16:21:38,229,2,45,276
2021-07-03 16:21:39,17,0,4,21
2021-07-03 16:21:41,0,0,0,0
2021-07-03 16:21:42,2,0,0,2
2021-07-03 16:21:45,3,0,1,4
2021-07-03 16:21:46,0,0,0,0
2021-07-03 16:21:47,0,0,0,0
2021-07-03 16:21:48,2,0,0,2
2021-07-03 16:21:49,61,1,14,76
2021-07-03 16:21:50,0,0,0,0
2021-07-03 16:21:52,0,0,0,0
2021-07-03 16:21:53,5,1,0,6
2021-07-03 16:21:54,2,0,0,2
2021-07-03 16:21:55,3,1,0,4
2021-07-03 16:21:56,14,2,12,28
2021-07-03 16:21:57,0,0,2,2
2021-07-03 16:21:58,2,0,1,3
2021-07-03 16:21:59,0,0,0,0
2021-07-03 16:22:00,0,0,0,0
2021-07-03 16:22:01,0,0,0,0
2021-07-03 16:22:03,1,0,0,1
2021-07-03 16:22:04,1,0,0,1
2021-07-03 16:22:05,1,0,1,2
2021-07-03 16:22:06,2,0,0,2
2021-07-03 16:22:07,3,0,0,3
2021-07-03 16:22:08,0,0,0,0
2021-07-03 16:22:09,12,2,4,18
2021-07-03 16:22:10,4,0,4,8
2021-07-03 16:22:11,382,10,110,502
2021-07-03 16:22:12,0,0,0,0
2021-07-03 16:22:13,2,0,0,2
2021-07-03 16:22:14,0,0,0,0
2021-07-03 16:22:16,0,0,0,0
2021-07-03 16:22:17,0,0,0,0
2021-07-03 16:22:18,74,5,5,84
2021-07-03 16:22:19,76,0,18,94
2021-07-03 16:22:20,1,0,0,1
2021-07-03 16:22:21,1,0,0,1
2021-07-03 16:22:22,0,0,0,0
2021-07-03 16:22:23,3949,109,656,4714
2021-07-03 16:22:25,4,1,0,5
2021-07-03 16:22:26,0,0,0,0
2021-07-03 16:22:27,1,0,1,2
2021-07-03 16:22:28,0,0,0,0
2021-07-03 16:22:29,1,0,0,1
2021-07-03 16:22:30,351,9,59,419
2021-07-03 16:22:31,0,0,0,0
2021-07-03 16:22:32,16,1,3,20
2021-07-03 16:22:33,55,2,22,79
2021-07-03 16:22:34,0,0,1,1
2021-07-03 16:22:35,2,0,1,3
2021-07-03 16:22:37,2,0,1,3
2021-07-03 16:22:38,6,1,5,12
2021-07-03 16:22:39,0,0,0,0
2021-07-03 16:22:40,2,0,1,3
2021-07-03 16:22:41,1,0,0,1
2021-07-03 16:22:42,6,1,0,7
2021-07-03 16:22:44,6,0,2,8
2021-07-03 16:22:46,273,11,59,343
2021-07-03 16:22:47,5,0,1,6
2021-07-03 16:22:49,1,0,0,1
2021-07-03 16:22:50,15,0,4,19
2021-07-03 16:22:52,0,0,0,0
2021-07-03 16:22:53,3,0,0,3
2021-07-03 16:22:54,0,0,0,0
2021-07-03 16:22:55,8,0,1,9
2021-07-03 16:22:56,1138,40,186,1364
2021-07-03 16:22:57,7,0,2,9
2021-07-03 16:22:58,1,1,0,2
2021-07-03 16:23:00,4,0,0,4
2021-07-03 16:23:01,0,0,0,0
2021-07-03 16:23:02,6,0,0,6
2021-07-03 16:23:04,1,0,0,1
2021-07-03 16:23:05,21,0,3,24
2021-07-03 16:23:07,60,0,16,76
2021-07-03 16:23:08,5,0,1,6
2021-07-03 16:23:09,0,0,0,0
2021-07-03 16:23:10,1,1,0,2
2021-07-03 16:23:12,5,1,2,8
2021-07-03 16:23:13,120,2,40,162
2021-07-03 16:23:14,2,0,1,3
2021-07-03 16:23:15,0,0,0,0
2021-07-03 16:23:16,0,0,0,0
2021-07-03 16:23:17,0,0,0,0
2021-07-03 16:23:18,35,0,7,42
2021-07-03 16:23:19,2,0,0,2
2021-07-03 16:23:20,12,0,0,12
2021-07-03 16:23:21,0,0,0,0
2021-07-03 16:23:22,2,0,0,2
2021-07-03 16:23:24,2,0,0,2
2021-07-03 16:23:25,0,0,0,0
2021-07-03 16:23:26,2,0,1,3
2021-07-03 16:23:27,0,0,0,0
2021-07-03 16:23:29,5,0,4,9
2021-07-03 16:23:30,13,0,0,13
2021-07-03 16:23:32,0,0,0,0
2021-07-03 16:23:33,94,3,25,122
2021-07-03 16:23:34,34,0,12,46
2021-07-03 16:23:38,1,0,0,1
2021-07-03 16:23:40,1,0,0,1
2021-07-03 16:23:41,0,0,0,0
2021-07-03 16:23:42,0,0,0,0
2021-07-03 16:23:43,3,0,0,3
2021-07-03 16:23:44,1075,37,155,1267
2021-07-03 16:23:45,1,0,0,1
2021-07-03 16:23:46,0,0,1,1
2021-07-03 16:23:47,1,0,0,1
2021-07-03 16:23:48,1,0,0,1
2021-07-03 16:23:49,1,1,0,2
2021-07-03 16:23:51,3,0,0,3
2021-07-03 16:23:53,3,1,1,5
2021-07-03 16:23:54,0,0,0,0
2021-07-03 16:23:55,111,1,23,135
2021-07-03 16:23:56,1,0,1,2
2021-07-03 16:23:57,20,1,7,28
2021-07-03 16:23:58,3,0,2,5
2021-07-03 16:23:59,7,0,3,10
2021-07-03 16:24:00,3,1,0,4
2021-07-03 16:24:03,0,0,0,0
2021-07-03 16:24:04,9,0,3,12
2021-07-03 16:24:05,59,0,1,60
2021-07-03 16:24:06,384,9,93,486
2021-07-03 16:24:07,0,0,0,0
2021-07-03 16:24:09,0,0,0,0
2021-07-03 16:24:10,2,0,0,2
2021-07-03 16:24:11,0,0,0,0
2021-07-03 16:24:12,1,0,0,1
2021-07-03 16:24:13,51,1,10,62
2021-07-03 16:24:14,14,0,2,16
2021-07-03 16:24:15,7,1,4,12
2021-07-03 16:24:16,2,0,0,2
2021-07-03 16:24:17,5,0,0,5
2021-07-03 16:24:18,9,0,1,10
2021-07-03 16:24:19,0,0,0,0
2021-07-03 16:24:20,3,0,0,3
2021-07-03 16:24:22,0,0,0,0
2021-07-03 16:24:24,8,1,1,10
2021-07-03 16:24:25,71,8,9,88
2021-07-03 16:24:28,0,0,0,0
2021-07-03 16:24:29,5,0,1,6
2021-07-03 16:24:30,1,0,0,1
2021-07-03 16:24:32,4,0,1,5
2021-07-03 16:24:34,4,0,0,4
2021-07-03 16:24:36,0,0,0,0
2021-07-03 16:24:38,5,0,3,8
2021-07-03 16:24:40,0,0,0,0
2021-07-03 16:24:41,3,1,0,4
2021-07-03 16:24:42,0,0,0,0
2021-07-03 16:24:43,20,1,6,27
2021-07-03 16:24:45,9,1,0,10
2021-07-03 16:24:46,2,0,0,2
2021-07-03 16:24:47,3,0,0,3
2021-07-03 16:24:48,62,2,10,74
2021-07-03 16:24:49,1,0,0,1
2021-07-03 16:24:51,98,2,38,138
2021-07-03 16:24:52,0,0,0,0
2021-07-03 16:24:53,2,0,1,3
2021-07-03 16:24:55,0,0,0,0
2021-07-03 16:24:56,2,0,2,4
2021-07-03 16:24:57,0,0,0,0
2021-07-03 16:24:58,5,2,1,8
2021-07-03 16:24:59,0,0,0,0
2021-07-03 16:25:00,529,16,88,633
2021-07-03 16:25:01,13,0,0,13
2021-07-03 16:25:02,8,1,1,10
2021-07-03 16:25:03,0,0,0,0
2021-07-03 16:25:04,0,0,0,0
2021-07-03 16:25:05,746,16,136,898
2021-07-03 16:25:06,36,0,7,43
2021-07-03 16:25:08,0,0,0,0
2021-07-03 16:25:09,6,0,1,7
2021-07-03 16:25:10,167,8,18,193
2021-07-03 16:25:11,66,2,13,81
2021-07-03 16:25:12,0,0,0,0
2021-07-03 16:25:13,62,1,9,72
2021-07-03 16:25:15,34,0,1,35
2021-07-03 16:25:16,9,2,1,12
2021-07-03 16:25:17,26,0,13,39
2021-07-03 16:25:18,1,0,0,1
2021-07-03 16:25:19,0,0,0,0
2021-07-03 16:25:20,10,0,5,15
2021-07-03 16:25:21,1082,38,214,1334
2021-07-03 16:25:24,0,0,0,0
2021-07-03 16:25:26,306,12,85,403
2021-07-03 16:25:27,0,0,0,0
2021-07-03 16:25:29,0,0,1,1
2021-07-03 16:25:34,1628,17,18,1663
2021-07-03 16:25:35,4,1,3,8
2021-07-03 16:25:36,1,0,0,1
2021-07-03 16:25:37,0,0,0,0
2021-07-03 16:25:38,88,6,15,109
2021-07-03 16:25:40,4,1,1,6
2021-07-03 16:25:41,1,0,0,1
2021-07-03 16:25:42,18,0,7,25
2021-07-03 16:25:43,1,0,0,1
2021-07-03 16:25:44,0,0,0,0
2021-07-03 16:25:47,6,0,1,7
2021-07-03 16:25:48,0,0,0,0
2021-07-03 16:25:49,1,0,0,1
2021-07-03 16:25:50,3,0,0,3
2021-07-03 16:25:52,1,0,0,1
2021-07-03 16:25:53,96,5,14,115
2021-07-03 16:25:54,5,1,3,9
2021-07-03 16:25:55,3,0,3,6
2021-07-03 16:25:56,1,0,1,2
2021-07-03 16:25:57,0,0,1,1
2021-07-03 16:25:59,6,0,2,8
2021-07-03 16:26:00,38,3,11,52
2021-07-03 16:26:01,0,0,0,0
2021-07-03 16:26:02,1,2,0,3
2021-07-03 16:26:03,2089,57,538,2684
2021-07-03 16:26:05,0,0,0,0
2021-07-03 16:26:06,22,0,17,39
2021-07-03 16:26:07,3,0,0,3
2021-07-03 16:26:08,3,0,0,3
2021-07-03 16:26:09,5,0,0,5
2021-07-03 16:26:10,162,6,40,208
2021-07-03 16:26:11,1,0,0,1
2021-07-03 16:26:12,270,4,58,332
2021-07-03 16:26:13,0,0,0,0
2021-07-03 16:26:14,3,4,1,8
2021-07-03 16:26:15,6,0,0,6
2021-07-03 16:26:16,1,0,1,2
2021-07-03 16:26:17,158,3,58,219
2021-07-03 16:26:18,0,1,0,1
2021-07-03 16:26:19,20,2,7,29
2021-07-03 16:26:22,6,1,2,9
2021-07-03 16:26:24,28,0,3,31
2021-07-03 16:26:25,0,0,0,0
2021-07-03 16:26:26,0,0,0,0
2021-07-03 16:26:27,2,1,0,3
2021-07-03 16:26:28,0,0,0,0
2021-07-03 16:26:29,0,0,0,0
2021-07-03 16:26:30,0,0,0,0
2021-07-03 16:26:31,7,0,1,8
2021-07-03 16:26:32,0,0,0,0
2021-07-03 16:26:33,3,0,2,5
2021-07-03 16:26:36,0,0,0,0
2021-07-03 16:26:37,0,0,0,0
2021-07-03 16:26:40,13,0,0,13
2021-07-03 16:26:41,124,2,29,155
2021-07-03 16:26:42,94,0,16,110
2021-07-03 16:26:43,295,8,55,358
2021-07-03 16:26:44,2,0,0,2
2021-07-03 16:26:46,10,1,1,12
2021-07-03 16:26:47,0,0,0,0
2021-07-03 16:26:48,0,0,0,0
2021-07-03 16:26:49,5,0,0,5
2021-07-03 16:26:50,0,0,0,0
2021-07-03 16:26:51,15,2,8,25
2021-07-03 16:26:53,0,0,0,0
2021-07-03 16:26:55,2,1,1,4
2021-07-03 16:26:56,0,0,0,0
2021-07-03 16:26:57,12,0,3,15
2021-07-03 16:26:59,4,0,0,4
2021-07-03 16:27:00,1,0,0,1
2021-07-03 16:27:01,1,0,0,1
2021-07-03 16:27:02,3,0,0,3
2021-07-03 16:27:03,2,0,0,2
2021-07-03 16:27:04,0,0,0,0
2021-07-03 16:27:05,0,0,0,0
2021-07-03 16:27:07,0,0,0,0
2021-07-03 16:27:09,2,0,1,3
2021-07-03 16:27:10,66,2,22,90
2021-07-03 16:27:11,1,0,0,1
2021-07-03 16:27:12,16,0,1,17
2021-07-03 16:27:14,4,1,2,7
2021-07-03 16:27:15,1,0,1,2
2021-07-03 16:27:17,7,0,3,10
2021-07-03 16:27:18,108,9,27,144
2021-07-03 16:27:20,5,0,2,7
2021-07-03 16:27:22,10,0,5,15
2021-07-03 16:27:23,256,3,17,276
2021-07-03 16:27:25,20,1,4,25
2021-07-03 16:27:26,10,0,2,12
2021-07-03 16:27:27,15,0,6,21
2021-07-03 16:27:29,9,0,4,13
2021-07-03 16:27:30,3,0,2,5
2021-07-03 16:27:32,37,0,20,57
2021-07-03 16:27:33,3,0,3,6
2021-07-03 16:27:34,4,0,1,5
2021-07-03 16:27:36,4,0,2,6
2021-07-03 16:27:37,6,0,3,9
2021-07-03 16:27:42,4,0,2,6
2021-07-03 16:27:43,7,0,5,12
2021-07-03 16:27:44,102,2,7,111
2021-07-03 16:27:45,3,0,3,6
2021-07-03 16:27:47,12,0,2,14
2021-07-03 16:27:49,2,0,1,3
2021-07-03 16:27:50,10,1,3,14
2021-07-03 16:27:51,5,0,3,8
2021-07-03 16:27:52,3,0,2,5
2021-07-03 16:27:53,4,0,2,6
2021-07-03 16:27:54,0,0,0,0
2021-07-03 16:27:55,1,0,0,1
2021-07-03 16:27:56,0,0,0,0
2021-07-03 16:27:57,4,1,0,5
2021-07-03 16:27:58,48,1,13,62
2021-07-03 16:28:00,3,0,0,3
2021-07-03 16:28:01,3,0,1,4
2021-07-03 16:28:02,10,0,4,14
2021-07-03 16:28:03,3,0,1,4
2021-07-03 16:28:04,3,0,2,5
2021-07-03 16:28:05,25,1,22,48
2021-07-03 16:28:06,1676,72,346,2094
2021-07-03 16:28:08,2,0,0,2
2021-07-03 16:28:09,2493,39,510,3042
2021-07-03 16:28:10,212,6,74,292
2021-07-03 16:28:11,2,0,0,2
2021-07-03 16:28:12,2,0,1,3
2021-07-03 16:28:13,24,1,10,35
2021-07-03 16:28:14,3,0,1,4
2021-07-03 16:28:15,5,0,1,6
2021-07-03 16:28:16,2,0,0,2
2021-07-03 16:28:17,64,4,22,90
2021-07-03 16:28:18,10,0,2,12
2021-07-03 16:28:19,0,0,0,0
2021-07-03 16:28:20,0,0,0,0
2021-07-03 16:28:21,2,0,2,4
2021-07-03 16:28:23,0,0,0,0
2021-07-03 16:28:24,0,0,0,0
2021-07-03 16:28:25,68,2,18,88
2021-07-03 16:28:26,1,0,0,1
2021-07-03 16:28:28,1,0,0,1
2021-07-03 16:28:29,3,0,0,3
2021-07-03 16:28:30,0,0,0,0
2021-07-03 16:28:31,0,0,0,0
2021-07-03 16:28:34,129,5,23,157
2021-07-03 16:28:35,737,28,128,893
2021-07-03 16:28:37,1,0,1,2
2021-07-03 16:28:40,21,1,6,28
2021-07-03 16:28:41,3,0,0,3
2021-07-03 16:28:42,0,0,0,0
2021-07-03 16:28:43,1,0,0,1
2021-07-03 16:28:44,102,3,15,120
2021-07-03 16:28:47,0,0,0,0
2021-07-03 16:28:48,1,0,0,1
2021-07-03 16:28:50,32,1,0,33
2021-07-03 16:28:51,30,0,11,41
2021-07-03 16:28:52,45,2,6,53
2021-07-03 16:28:53,8,0,0,8
2021-07-03 16:28:55,0,0,0,0
2021-07-03 16:28:59,0,0,0,0
2021-07-03 16:29:00,3,1,0,4
2021-07-03 16:29:01,2789,86,492,3367
2021-07-03 16:29:02,7,0,2,9
2021-07-03 16:29:03,6,0,1,7
2021-07-03 16:29:04,22,9,7,38
2021-07-03 16:29:05,12,1,3,16
2021-07-03 16:29:06,2,0,1,3
2021-07-03 16:29:07,1,0,0,1
2021-07-03 16:29:08,2,0,0,2
2021-07-03 16:29:09,13,0,0,13
2021-07-03 16:29:10,38,0,9,47
2021-07-03 16:29:11,1,0,1,2
2021-07-03 16:29:12,26,0,7,33
2021-07-03 16:29:14,10,0,3,13
2021-07-03 16:29:15,13,0,0,13
2021-07-03 16:29:16,0,0,1,1
2021-07-03 16:29:17,0,0,0,0
2021-07-03 16:29:18,178,6,34,218
2021-07-03 16:29:20,1,0,0,1
2021-07-03 16:29:21,55,1,18,74
2021-07-03 16:29:22,37,3,14,54
2021-07-03 16:29:23,9,1,0,10
2021-07-03 16:29:24,8,1,2,11
2021-07-03 16:29:25,12,0,5,17
2021-07-03 16:29:26,18,5,2,25
2021-07-03 16:29:28,0,0,0,0
2021-07-03 16:29:29,0,0,0,0
2021-07-03 16:29:30,2,0,1,3
2021-07-03 16:29:32,0,0,0,0
2021-07-03 16:29:33,5,0,1,6
2021-07-03 16:29:34,2,0,0,2
2021-07-03 16:29:36,7,1,1,9
2021-07-03 16:29:37,0,0,0,0
2021-07-03 16:29:38,3,0,1,4
2021-07-03 16:29:39,2,0,1,3
2021-07-03 16:29:40,0,0,0,0
2021-07-03 16:29:41,119,6,30,155
2021-07-03 16:29:42,0,0,0,0
2021-07-03 16:29:46,5,0,1,6
2021-07-03 16:29:47,1,0,0,1
2021-07-03 16:29:48,11,1,3,15
2021-07-03 16:29:49,2,0,1,3
2021-07-03 16:29:51,0,0,0,0
2021-07-03 16:29:53,0,0,0,0
2021-07-03 16:29:54,4,2,0,6
2021-07-03 16:29:56,4,0,2,6
2021-07-03 16:29:57,0,0,0,0
2021-07-03 16:29:59,3,0,1,4
2021-07-03 16:30:00,324,14,83,421
2021-07-03 16:30:01,53,2,15,70
2021-07-03 16:30:03,0,0,0,0
2021-07-03 16:30:05,0,0,0,0
2021-07-03 16:30:07,2,2,0,4
2021-07-03 16:30:08,19,0,2,21
2021-07-03 16:30:09,1,0,0,1
2021-07-03 16:30:10,680,8,108,796
2021-07-03 16:30:11,1,0,0,1
2021-07-03 16:30:12,75,3,29,107
2021-07-03 16:30:13,2,0,1,3
2021-07-03 16:30:15,72,2,10,84
2021-07-03 16:30:17,3,0,0,3
2021-07-03 16:30:19,125,8,18,151
2021-07-03 16:30:20,1,0,1,2
2021-07-03 16:30:21,11,2,4,17
2021-07-03 16:30:22,6,0,1,7
2021-07-03 16:30:23,0,0,0,0
2021-07-03 16:30:24,1,0,0,1
2021-07-03 16:30:25,1,0,1,2
2021-07-03 16:30:26,70,0,13,83
2021-07-03 16:30:27,67,2,15,84
2021-07-03 16:30:28,24,1,8,33
2021-07-03 16:30:30,148,6,14,168
2021-07-03 16:30:31,0,0,0,0
2021-07-03 16:30:32,1,0,0,1
2021-07-03 16:30:35,178,8,58,244
2021-07-03 16:30:36,248,7,36,291
2021-07-03 16:30:37,31,3,5,39
2021-07-03 16:30:38,2,0,0,2
2021-07-03 16:30:39,347,7,76,430
2021-07-03 16:30:40,49,4,0,53
2021-07-03 16:30:41,0,0,0,0
2021-07-03 16:30:42,2,1,0,3
2021-07-03 16:30:44,1,1,0,2
2021-07-03 16:30:45,2,1,1,4
2021-07-03 16:30:46,24,3,4,31
2021-07-03 16:30:49,5,1,1,7
2021-07-03 16:30:50,1,1,0,2
2021-07-03 16:30:51,5,2,1,8
2021-07-03 16:30:52,0,0,0,0
2021-07-03 16:30:53,31,2,10,43
2021-07-03 16:30:55,7,2,2,11
2021-07-03 16:30:56,5,2,1,8
2021-07-03 16:30:57,0,0,0,0
2021-07-03 16:31:00,3,2,0,5
2021-07-03 16:31:02,1,1,0,2
2021-07-03 16:31:04,1,2,1,4
2021-07-03 16:31:05,0,0,0,0
2021-07-03 16:31:06,3,1,0,4
2021-07-03 16:31:08,55,3,18,76
2021-07-03 16:31:09,94,2,20,116
2021-07-03 16:31:10,2,1,0,3
2021-07-03 16:31:11,4,1,0,5
2021-07-03 16:31:12,19,3,6,28
2021-07-03 16:31:13,1,0,0,1
2021-07-03 16:31:14,47,0,12,59
2021-07-03 16:31:16,27,1,14,42
2021-07-03 16:31:18,1,0,0,1
2021-07-03 16:31:19,0,0,0,0
2021-07-03 16:31:20,0,0,0,0
2021-07-03 16:31:22,3,0,1,4
2021-07-03 16:31:23,4,0,1,5
2021-07-03 16:31:24,1,0,0,1
2021-07-03 16:31:25,45,0,2,47
2021-07-03 16:31:26,6,0,0,6
2021-07-03 16:31:27,140,3,45,188
2021-07-03 16:31:28,21,1,3,25
2021-07-03 16:31:29,0,0,0,0
2021-07-03 16:31:30,5,0,0,5
2021-07-03 16:31:31,27,0,6,33
2021-07-03 16:31:32,0,0,0,0
2021-07-03 16:31:33,4,0,0,4
2021-07-03 16:31:34,1,0,1,2
2021-07-03 16:31:35,15,0,2,17
2021-07-03 16:31:36,0,0,0,0
2021-07-03 16:31:37,474,6,66,546
2021-07-03 16:31:38,0,0,0,0
2021-07-03 16:31:39,14,0,5,19
2021-07-03 16:31:40,7,0,0,7
2021-07-03 16:31:41,1,0,0,1
2021-07-03 16:31:43,43,0,10,53
2021-07-03 16:31:45,87,1,8,96
2021-07-03 16:31:47,0,0,0,0
2021-07-03 16:31:48,0,0,0,0
2021-07-03 16:31:49,0,0,0,0
2021-07-03 16:31:51,2077,52,275,2404
2021-07-03 16:31:52,9,0,5,14
2021-07-03 16:31:53,80,1,6,87
2021-07-03 16:31:56,9,0,0,9
2021-07-03 16:31:57,0,0,0,0
2021-07-03 16:31:58,4,0,1,5
2021-07-03 16:31:59,0,0,0,0
2021-07-03 16:32:00,0,0,0,0
2021-07-03 16:32:01,3,0,2,5
2021-07-03 16:32:02,0,0,0,0
2021-07-03 16:32:03,4,0,0,4
2021-07-03 16:32:04,0,0,0,0
2021-07-03 16:32:06,0,0,0,0
2021-07-03 16:32:08,8,0,4,12
2021-07-03 16:32:09,0,0,0,0
2021-07-03 16:32:11,0,1,0,1
2021-07-03 16:32:13,3,1,0,4
2021-07-03 16:32:14,418,8,81,507
2021-07-03 16:32:15,0,0,0,0
2021-07-03 16:32:16,731,16,41,788
2021-07-03 16:32:17,4,1,0,5
2021-07-03 16:32:18,41,7,12,60
2021-07-03 16:32:19,46,3,14,63
2021-07-03 16:32:20,0,1,0,1
2021-07-03 16:32:21,16,2,10,28
2021-07-03 16:32:22,3,1,1,5
2021-07-03 16:32:23,4,2,0,6
2021-07-03 16:32:24,23,2,11,36
2021-07-03 16:32:25,4,4,0,8
2021-07-03 16:32:26,8,2,4,14
2021-07-03 16:32:28,1,2,0,3
2021-07-03 16:32:30,450,8,85,543
2021-07-03 16:32:32,1,1,0,2
2021-07-03 16:32:33,0,1,0,1
2021-07-03 16:32:34,1,1,0,2
2021-07-03 16:32:35,0,2,0,2
2021-07-03 16:32:36,0,0,0,0
2021-07-03 16:32:40,172,5,49,226
2021-07-03 16:32:41,35,0,10,45
2021-07-03 16:32:42,2,1,0,3
2021-07-03 16:32:43,4,1,0,5
2021-07-03 16:32:44,7,2,0,9
2021-07-03 16:32:45,440,11,18,469
2021-07-03 16:32:46,53,1,4,58
2021-07-03 16:32:47,2,0,0,2
2021-07-03 16:32:48,2,0,0,2
2021-07-03 16:32:49,1,0,0,1
2021-07-03 16:32:51,2,0,0,2
2021-07-03 16:32:52,1,0,0,1
2021-07-03 16:32:55,25,1,11,37
2021-07-03 16:32:56,259,4,48,311
2021-07-03 16:32:57,0,0,0,0
2021-07-03 16:32:59,0,0,0,0
2021-07-03 16:33:00,0,0,0,0
2021-07-03 16:33:01,3,0,1,4
2021-07-03 16:33:02,1,0,1,2
2021-07-03 16:33:03,1,0,0,1
2021-07-03 16:33:04,0,0,0,0
2021-07-03 16:33:06,450,8,104,562
2021-07-03 16:33:08,0,0,0,0
2021-07-03 16:33:11,493,22,121,636
2021-07-03 16:33:12,89,3,19,111
2021-07-03 16:33:13,3,0,0,3
2021-07-03 16:33:14,0,0,0,0
2021-07-03 16:33:17,1,0,0,1
2021-07-03 16:33:19,10,0,1,11
2021-07-03 16:33:20,1,0,0,1
2021-07-03 16:33:21,1,0,0,1
2021-07-03 16:33:22,21,0,4,25
2021-07-03 16:33:23,0,0,0,0
2021-07-03 16:33:24,1,0,0,1
2021-07-03 16:33:25,0,0,0,0
2021-07-03 16:33:26,1,0,0,1
2021-07-03 16:33:27,26,1,6,33
2021-07-03 16:33:28,0,0,0,0
2021-07-03 16:33:29,3,0,0,3
2021-07-03 16:33:31,2,0,0,2
2021-07-03 16:33:32,5,1,0,6
2021-07-03 16:33:33,2,0,0,2
2021-07-03 16:33:34,17,0,6,23
2021-07-03 16:33:36,6,0,0,6
2021-07-03 16:33:37,0,0,0,0
2021-07-03 16:33:38,19,1,9,29
2021-07-03 16:33:39,1,0,0,1
2021-07-03 16:33:40,6,1,2,9
2021-07-03 16:33:41,9,0,0,9
2021-07-03 16:33:42,0,0,0,0
2021-07-03 16:33:45,1,0,0,1
2021-07-03 16:33:46,9,1,2,12
2021-07-03 16:33:47,7,0,4,11
2021-07-03 16:33:48,0,0,0,0
2021-07-03 16:33:49,0,0,0,0
2021-07-03 16:33:50,0,0,0,0
2021-07-03 16:33:51,29,0,14,43
2021-07-03 16:33:52,0,0,0,0
2021-07-03 16:33:53,0,0,0,0
2021-07-03 16:33:54,6,0,0,6
2021-07-03 16:33:55,0,0,0,0
2021-07-03 16:33:56,1,0,0,1
2021-07-03 16:33:59,0,0,0,0
2021-07-03 16:34:00,1,0,1,2
2021-07-03 16:34:01,1,0,0,1
2021-07-03 16:34:02,2,0,0,2
2021-07-03 16:34:03,14,1,1,16
2021-07-03 16:34:04,0,0,0,0
2021-07-03 16:34:05,1,0,1,2
2021-07-03 16:34:06,2,1,0,3
2021-07-03 16:34:07,0,0,0,0
2021-07-03 16:34:09,3,0,2,5
2021-07-03 16:34:12,269,5,61,335
2021-07-03 16:34:13,0,0,0,0
2021-07-03 16:34:14,0,0,0,0
2021-07-03 16:34:15,0,0,0,0
2021-07-03 16:34:16,1,0,0,1
2021-07-03 16:34:17,25,2,1,28
2021-07-03 16:34:19,0,0,1,1
2021-07-03 16:34:21,1420,26,257,1703
2021-07-03 16:34:22,11,0,0,11
2021-07-03 16:34:23,1,0,0,1
2021-07-03 16:34:25,0,2,0,2
2021-07-03 16:34:26,1,0,0,1
2021-07-03 16:34:27,19,1,5,25
2021-07-03 16:34:28,0,0,0,0
2021-07-03 16:34:30,0,0,0,0
2021-07-03 16:34:31,0,0,0,0
2021-07-03 16:34:32,0,0,0,0
2021-07-03 16:34:33,8,0,6,14
2021-07-03 16:34:35,234,4,48,286
2021-07-03 16:34:36,0,0,0,0
2021-07-03 16:34:37,71,0,4,75
2021-07-03 16:34:40,0,0,0,0
2021-07-03 16:34:42,1,0,0,1
2021-07-03 16:34:43,102,4,27,133
2021-07-03 16:34:44,8,0,2,10
2021-07-03 16:34:45,0,0,0,0
2021-07-03 16:34:46,0,0,0,0
2021-07-03 16:34:49,396,0,91,487
2021-07-03 16:34:50,4,0,0,4
2021-07-03 16:34:51,0,0,0,0
2021-07-03 16:34:52,8,0,0,8
2021-07-03 16:34:54,1,0,1,2
2021-07-03 16:34:55,4,1,0,5
2021-07-03 16:34:56,1,0,0,1
2021-07-03 16:34:57,0,0,0,0
2021-07-03 16:34:59,61,1,20,82
2021-07-03 16:35:00,0,0,1,1
2021-07-03 16:35:02,0,0,0,0
2021-07-03 16:35:03,393,4,64,461
2021-07-03 16:35:04,0,0,0,0
2021-07-03 16:35:05,5,0,2,7
2021-07-03 16:35:06,15,1,2,18
2021-07-03 16:35:07,1,0,0,1
2021-07-03 16:35:08,0,0,0,0
2021-07-03 16:35:10,0,0,0,0
2021-07-03 16:35:12,1,0,0,1
2021-07-03 16:35:13,1,0,0,1
2021-07-03 16:35:16,1,0,0,1
2021-07-03 16:35:19,0,0,0,0
2021-07-03 16:35:20,0,0,0,0
2021-07-03 16:35:21,0,0,0,0
2021-07-03 16:35:22,25,0,8,33
2021-07-03 16:35:23,7,0,0,7
2021-07-03 16:35:24,3,0,0,3
2021-07-03 16:35:25,40,1,21,62
2021-07-03 16:35:26,1,0,0,1
2021-07-03 16:35:27,0,0,0,0
2021-07-03 16:35:28,3,0,0,3
2021-07-03 16:35:29,1,0,0,1
2021-07-03 16:35:30,28,0,6,34
2021-07-03 16:35:31,4,0,4,8
2021-07-03 16:35:32,0,0,0,0
2021-07-03 16:35:35,0,0,0,0
2021-07-03 16:35:36,5,0,1,6
2021-07-03 16:35:37,148,4,56,208
2021-07-03 16:35:38,3,0,0,3
2021-07-03 16:35:39,0,0,0,0
2021-07-03 16:35:41,2,0,0,2
2021-07-03 16:35:43,0,0,0,0
2021-07-03 16:35:44,4,1,0,5
2021-07-03 16:35:45,3,0,2,5
2021-07-03 16:35:47,1,0,0,1
2021-07-03 16:35:48,0,0,0,0
2021-07-03 16:35:49,22,4,4,30
2021-07-03 16:35:52,30,1,2,33
2021-07-03 16:35:54,0,0,0,0
2021-07-03 16:35:55,2,0,1,3
2021-07-03 16:35:56,13,0,0,13
2021-07-03 16:35:57,30,1,17,48
2021-07-03 16:35:58,809,24,384,1217
2021-07-03 16:35:59,60,2,9,71
2021-07-03 16:36:00,39,0,13,52
2021-07-03 16:36:01,0,0,0,0
2021-07-03 16:36:02,29,0,4,33
2021-07-03 16:36:03,402,14,145,561
2021-07-03 16:36:04,2,0,0,2
2021-07-03 16:36:05,0,0,0,0
2021-07-03 16:36:06,16,0,7,23
2021-07-03 16:36:07,1,1,0,2
2021-07-03 16:36:08,1,0,0,1
2021-07-03 16:36:11,0,0,0,0
2021-07-03 16:36:12,7,0,3,10
2021-07-03 16:36:13,1,0,0,1
2021-07-03 16:36:14,2,0,1,3
2021-07-03 16:36:15,1,0,0,1
2021-07-03 16:36:18,0,0,0,0
2021-07-03 16:36:19,0,0,0,0
2021-07-03 16:36:20,148,5,44,197
2021-07-03 16:36:21,42,2,6,50
2021-07-03 16:36:22,3,0,0,3
2021-07-03 16:36:23,1,2,0,3
2021-07-03 16:36:25,1,0,0,1
2021-07-03 16:36:26,215,11,24,250
2021-07-03 16:36:27,7,0,2,9
2021-07-03 16:36:28,18,0,1,19
2021-07-03 16:36:29,1,0,0,1
2021-07-03 16:36:31,2,0,0,2
2021-07-03 16:36:32,4,0,2,6
2021-07-03 16:36:33,71,0,16,87
2021-07-03 16:36:34,0,0,0,0
2021-07-03 16:36:35,2,0,0,2
2021-07-03 16:36:36,11,0,0,11
2021-07-03 16:36:37,0,0,0,0
2021-07-03 16:36:38,3,0,0,3
2021-07-03 16:36:39,0,0,0,0
2021-07-03 16:36:40,27,0,8,35
2021-07-03 16:36:41,19,0,4,23
2021-07-03 16:36:42,0,0,0,0
2021-07-03 16:36:43,2,0,1,3
2021-07-03 16:36:45,29,1,6,36
2021-07-03 16:36:46,1856,32,260,2148
2021-07-03 16:36:47,387,6,43,436
2021-07-03 16:36:48,18,0,4,22
2021-07-03 16:36:49,1,0,0,1
2021-07-03 16:36:50,3,1,2,6
2021-07-03 16:36:51,2,2,0,4
2021-07-03 16:36:52,46,2,3,51
2021-07-03 16:36:55,1,0,0,1
2021-07-03 16:36:56,7,0,1,8
2021-07-03 16:36:57,1,0,0,1
2021-07-03 16:36:58,3,0,0,3
2021-07-03 16:37:00,8,0,0,8
2021-07-03 16:37:01,20,0,6,26
2021-07-03 16:37:02,16,1,3,20
2021-07-03 16:37:03,6,0,0,6
2021-07-03 16:37:04,3,0,0,3
2021-07-03 16:37:06,13,0,3,16
2021-07-03 16:37:07,78,0,26,104
2021-07-03 16:37:08,1,0,0,1
2021-07-03 16:37:09,203,4,58,265
2021-07-03 16:37:10,427,10,98,535
2021-07-03 16:37:11,13,0,1,14
2021-07-03 16:37:15,1,0,0,1
2021-07-03 16:37:17,1,0,0,1
2021-07-03 16:37:18,2,0,1,3
2021-07-03 16:37:19,138,8,24,170
2021-07-03 16:37:20,0,0,0,0
2021-07-03 16:37:21,2,0,1,3
2021-07-03 16:37:22,1,0,0,1
2021-07-03 16:37:24,1,0,0,1
2021-07-03 16:37:25,0,0,0,0
2021-07-03 16:37:27,1,0,0,1
2021-07-03 16:37:31,8,1,12,21
2021-07-03 16:37:32,46,1,11,58
2021-07-03 16:37:33,2,1,0,3
2021-07-03 16:37:34,99,3,24,126
2021-07-03 16:37:35,0,0,0,0
2021-07-03 16:37:36,4,1,0,5
2021-07-03 16:37:38,1,0,0,1
2021-07-03 16:37:39,243,9,75,327
2021-07-03 16:37:41,8,0,1,9
2021-07-03 16:37:42,3035,29,441,3505
2021-07-03 16:37:44,9,0,1,10
2021-07-03 16:37:46,42,0,24,66
2021-07-03 16:37:47,0,0,0,0
2021-07-03 16:37:48,28,2,0,30
2021-07-03 16:37:49,162,0,44,206
2021-07-03 16:37:51,1,0,0,1
2021-07-03 16:37:54,13,1,7,21
2021-07-03 16:37:55,0,0,0,0
2021-07-03 16:37:56,6,0,1,7
2021-07-03 16:37:58,1,0,0,1
2021-07-03 16:37:59,3,0,1,4
2021-07-03 16:38:00,2,0,0,2
2021-07-03 16:38:01,0,0,0,0
2021-07-03 16:38:02,0,0,0,0
2021-07-03 16:38:03,1,0,1,2
2021-07-03 16:38:05,0,0,0,0
2021-07-03 16:38:06,2,0,1,3
2021-07-03 16:38:07,3,0,0,3
2021-07-03 16:38:08,1,0,1,2
2021-07-03 16:38:09,1,0,0,1
2021-07-03 16:38:10,8,0,0,8
2021-07-03 16:38:11,3,0,0,3
2021-07-03 16:38:12,17,1,8,26
2021-07-03 16:38:13,0,0,0,0
2021-07-03 16:38:14,1,0,0,1
2021-07-03 16:38:16,945,30,154,1129
2021-07-03 16:38:17,0,0,0,0
2021-07-03 16:38:18,1,0,1,2
2021-07-03 16:38:19,30,0,4,34
2021-07-03 16:38:20,2,0,0,2
2021-07-03 16:38:21,2,0,0,2
2021-07-03 16:38:22,0,0,0,0
2021-07-03 16:38:23,2,1,0,3
2021-07-03 16:38:24,94,0,10,104
2021-07-03 16:38:26,0,0,0,0
2021-07-03 16:38:27,1,0,0,1
2021-07-03 16:38:30,23,0,9,32
2021-07-03 16:38:31,29,0,10,39
2021-07-03 16:38:32,7,0,1,8
2021-07-03 16:38:33,108,3,37,148
2021-07-03 16:38:34,1,0,1,2
2021-07-03 16:38:35,17,0,1,18
2021-07-03 16:38:40,7,0,0,7
2021-07-03 16:38:41,19,1,0,20
2021-07-03 16:38:43,79,4,28,111
2021-07-03 16:38:44,2,0,1,3
2021-07-03 16:38:45,670,22,102,794
2021-07-03 16:38:46,2,0,1,3
2021-07-03 16:38:47,22,1,3,26
2021-07-03 16:38:48,11,0,1,12
2021-07-03 16:38:49,1,0,1,2
2021-07-03 16:38:50,1,0,0,1
2021-07-03 16:38:51,1,0,0,1
2021-07-03 16:38:53,2,0,0,2
2021-07-03 16:38:55,1,0,0,1
2021-07-03 16:38:56,0,0,0,0
2021-07-03 16:38:58,2,0,2,4
2021-07-03 16:38:59,1,0,0,1
2021-07-03 16:39:00,17,2,7,26
2021-07-03 16:39:01,4,0,0,4
2021-07-03 16:39:02,1,0,0,1
2021-07-03 16:39:03,5,0,1,6
2021-07-03 16:39:04,1,0,0,1
2021-07-03 16:39:05,2,0,0,2
2021-07-03 16:39:08,56,3,25,84
2021-07-03 16:39:09,262,11,51,324
2021-07-03 16:39:10,1,0,0,1
2021-07-03 16:39:11,4,0,0,4
2021-07-03 16:39:12,1,0,0,1
2021-07-03 16:39:13,2,0,0,2
2021-07-03 16:39:14,0,0,0,0
2021-07-03 16:39:15,0,0,0,0
2021-07-03 16:39:16,3,0,0,3
2021-07-03 16:39:17,67,2,11,80
2021-07-03 16:39:20,2,0,0,2
2021-07-03 16:39:22,3,1,0,4
2021-07-03 16:39:23,1,0,0,1
2021-07-03 16:39:24,0,0,0,0
2021-07-03 16:39:26,0,0,0,0
2021-07-03 16:39:27,1,1,0,2
2021-07-03 16:39:28,3,0,2,5
2021-07-03 16:39:29,0,0,0,0
2021-07-03 16:39:30,1,0,0,1
2021-07-03 16:39:31,0,0,0,0
2021-07-03 16:39:33,4,0,0,4
2021-07-03 16:39:34,86,0,20,106
2021-07-03 16:39:35,60,1,20,81
2021-07-03 16:39:36,0,0,0,0
2021-07-03 16:39:37,0,0,0,0
2021-07-03 16:39:38,2,0,0,2
2021-07-03 16:39:39,2,0,0,2
2021-07-03 16:39:40,2,0,1,3
2021-07-03 16:39:41,35,1,3,39
2021-07-03 16:39:43,2,0,0,2
2021-07-03 16:39:45,0,0,0,0
2021-07-03 16:39:46,2,0,1,3
2021-07-03 16:39:47,16,0,1,17
2021-07-03 16:39:50,3,0,0,3
2021-07-03 16:39:51,2,0,0,2
2021-07-03 16:39:52,0,0,0,0
2021-07-03 16:39:53,4,0,2,6
2021-07-03 16:39:54,2,0,0,2
2021-07-03 16:39:55,158,6,2,166
2021-07-03 16:39:57,0,0,0,0
2021-07-03 16:39:58,0,0,0,0
2021-07-03 16:40:00,249,15,84,348
2021-07-03 16:40:01,38,0,8,46
2021-07-03 16:40:02,3,0,0,3
2021-07-03 16:40:03,12,0,3,15
2021-07-03 16:40:04,1,0,0,1
2021-07-03 16:40:05,0,0,0,0
2021-07-03 16:40:06,808,36,190,1034
2021-07-03 16:40:08,4,0,2,6
2021-07-03 16:40:10,3,0,0,3
2021-07-03 16:40:11,6,1,0,7
2021-07-03 16:40:12,1,0,1,2
2021-07-03 16:40:13,1,0,0,1
2021-07-03 16:40:14,5,0,1,6
2021-07-03 16:40:15,2,0,0,2
2021-07-03 16:40:17,9,1,2,12
2021-07-03 16:40:18,3,0,1,4
2021-07-03 16:40:20,4,1,0,5
2021-07-03 16:40:21,34,0,8,42
2021-07-03 16:40:22,19,1,5,25
2021-07-03 16:40:23,4,0,1,5
2021-07-03 16:40:24,10,0,5,15
2021-07-03 16:40:25,3,0,0,3
2021-07-03 16:40:28,6,1,3,10
2021-07-03 16:40:29,0,0,0,0
2021-07-03 16:40:30,0,0,0,0
2021-07-03 16:40:31,0,0,0,0
2021-07-03 16:40:34,17,1,8,26
2021-07-03 16:40:35,5,5,0,10
2021-07-03 16:40:36,0,0,0,0
2021-07-03 16:40:37,24,0,12,36
2021-07-03 16:40:39,1,0,0,1
2021-07-03 16:40:40,4,0,1,5
2021-07-03 16:40:41,0,0,0,0
2021-07-03 16:40:43,0,0,0,0
2021-07-03 16:40:44,4,0,0,4
2021-07-03 16:40:45,8,0,1,9
2021-07-03 16:40:46,3,0,0,3
2021-07-03 16:40:47,0,0,0,0
2021-07-03 16:40:49,145,3,34,182
2021-07-03 16:40:50,2,0,0,2
2021-07-03 16:40:52,0,0,0,0
2021-07-03 16:40:53,0,0,0,0
2021-07-03 16:40:54,3,1,0,4
2021-07-03 16:40:55,10,2,2,14
2021-07-03 16:40:57,0,0,0,0
2021-07-03 16:40:59,3,0,0,3
2021-07-03 16:41:00,5,0,1,6
2021-07-03 16:41:01,1,0,0,1
2021-07-03 16:41:03,6,0,0,6
2021-07-03 16:41:04,0,0,0,0
2021-07-03 16:41:05,16,0,0,16
2021-07-03 16:41:07,5,0,0,5
2021-07-03 16:41:08,397,5,8,410
2021-07-03 16:41:09,2,0,0,2
2021-07-03 16:41:10,1,0,0,1
2021-07-03 16:41:11,838,14,187,1039
2021-07-03 16:41:12,1,0,0,1
2021-07-03 16:41:13,97,1,1,99
2021-07-03 16:41:14,1,0,0,1
2021-07-03 16:41:15,0,0,0,0
2021-07-03 16:41:19,2,0,1,3
2021-07-03 16:41:21,1,0,1,2
2021-07-03 16:41:23,83,1,10,94
2021-07-03 16:41:25,7,0,3,10
2021-07-03 16:41:26,44,1,12,57
2021-07-03 16:41:30,0,0,0,0
2021-07-03 16:41:31,4,0,0,4
2021-07-03 16:41:32,0,0,0,0
2021-07-03 16:41:33,2,0,1,3
2021-07-03 16:41:34,0,0,0,0
2021-07-03 16:41:35,1,0,0,1
2021-07-03 16:41:36,4,0,0,4
2021-07-03 16:41:37,1,0,0,1
2021-07-03 16:41:38,1,0,0,1
2021-07-03 16:41:39,757,10,169,936
2021-07-03 16:41:41,0,0,0,0
2021-07-03 16:41:43,2,0,1,3
2021-07-03 16:41:44,45,2,3,50
2021-07-03 16:41:45,1,0,0,1
2021-07-03 16:41:47,1,1,0,2
2021-07-03 16:41:48,2,0,0,2
2021-07-03 16:41:49,24,2,7,33
2021-07-03 16:41:51,0,0,0,0
2021-07-03 16:41:52,2,0,2,4
2021-07-03 16:41:53,2,0,1,3
2021-07-03 16:41:54,3,0,0,3
2021-07-03 16:41:55,1,0,0,1
2021-07-03 16:42:00,0,0,0,0
2021-07-03 16:42:01,0,0,0,0
2021-07-03 16:42:02,414,12,84,510
2021-07-03 16:42:03,174,10,32,216
2021-07-03 16:42:04,0,0,0,0
2021-07-03 16:42:05,3,0,0,3
2021-07-03 16:42:07,6,0,1,7
2021-07-03 16:42:08,1,0,1,2
2021-07-03 16:42:09,2,0,1,3
2021-07-03 16:42:11,36,3,14,53
2021-07-03 16:42:12,0,0,0,0
2021-07-03 16:42:14,0,0,0,0
2021-07-03 16:42:15,1,0,0,1
2021-07-03 16:42:18,1,0,1,2
2021-07-03 16:42:19,0,0,0,0
2021-07-03 16:42:21,1,0,0,1
2021-07-03 16:42:22,7,2,1,10
2021-07-03 16:42:23,2,0,1,3
2021-07-03 16:42:24,3,0,2,5
2021-07-03 16:42:25,1,0,0,1
2021-07-03 16:42:27,9,0,0,9
2021-07-03 16:42:28,1,0,0,1
2021-07-03 16:42:29,0,0,0,0
2021-07-03 16:42:30,2,0,0,2
2021-07-03 16:42:32,1,0,0,1
2021-07-03 16:42:33,0,0,0,0
2021-07-03 16:42:34,24,4,12,40
2021-07-03 16:42:36,570,39,89,698
2021-07-03 16:42:37,0,0,0,0
2021-07-03 16:42:38,0,0,0,0
2021-07-03 16:42:39,0,0,0,0
2021-07-03 16:42:40,2,0,0,2
2021-07-03 16:42:41,63,8,13,84
2021-07-03 16:42:43,16,1,1,18
2021-07-03 16:42:44,1,1,0,2
2021-07-03 16:42:47,7,0,2,9
2021-07-03 16:42:48,88,6,20,114
2021-07-03 16:42:49,0,0,0,0
2021-07-03 16:42:50,1,0,0,1
2021-07-03 16:42:51,0,0,0,0
2021-07-03 16:42:53,1,1,0,2
2021-07-03 16:42:55,0,0,0,0
2021-07-03 16:42:56,3,0,0,3
2021-07-03 16:42:57,159,4,40,203
2021-07-03 16:42:59,0,0,0,0
2021-07-03 16:43:00,0,0,0,0
2021-07-03 16:43:01,10,0,8,18
2021-07-03 16:43:02,1,0,0,1
2021-07-03 16:43:03,17,0,0,17
2021-07-03 16:43:04,0,0,0,0
2021-07-03 16:43:05,1,2,0,3
2021-07-03 16:43:06,0,0,0,0
2021-07-03 16:43:08,0,0,0,0
2021-07-03 16:43:09,0,1,0,1
2021-07-03 16:43:10,3,0,2,5
2021-07-03 16:43:11,1,0,0,1
2021-07-03 16:43:12,0,0,0,0
2021-07-03 16:43:14,0,0,0,0
2021-07-03 16:43:15,0,0,0,0
2021-07-03 16:43:16,3,0,1,4
2021-07-03 16:43:17,1,0,1,2
2021-07-03 16:43:18,66,2,7,75
2021-07-03 16:43:19,56,1,3,60
2021-07-03 16:43:21,5664,218,878,6760
2021-07-03 16:43:22,2,0,1,3
2021-07-03 16:43:25,4,0,1,5
2021-07-03 16:43:27,0,0,0,0
2021-07-03 16:43:28,5,0,4,9
2021-07-03 16:43:29,23,1,6,30
2021-07-03 16:43:30,7,0,1,8
2021-07-03 16:43:31,0,0,0,0
2021-07-03 16:43:32,0,0,0,0
2021-07-03 16:43:33,4116,73,246,4435
2021-07-03 16:43:35,94,8,26,128
2021-07-03 16:43:36,65,1,13,79
2021-07-03 16:43:38,0,0,0,0
2021-07-03 16:43:39,0,0,0,0
2021-07-03 16:43:40,13,0,3,16
2021-07-03 16:43:41,3,0,3,6
2021-07-03 16:43:43,0,0,0,0
2021-07-03 16:43:44,0,0,0,0
2021-07-03 16:43:45,9,0,5,14
2021-07-03 16:43:47,3,0,0,3
2021-07-03 16:43:48,59,0,1,60
2021-07-03 16:43:49,1,0,0,1
2021-07-03 16:43:50,5,0,2,7
2021-07-03 16:43:53,8,0,0,8
2021-07-03 16:43:54,2,0,0,2
2021-07-03 16:43:55,4,0,1,5
2021-07-03 16:43:56,7,0,0,7
2021-07-03 16:43:57,1,0,0,1
2021-07-03 16:43:58,65,1,2,68
2021-07-03 16:43:59,42,1,3,46
2021-07-03 16:44:00,1,0,0,1
2021-07-03 16:44:01,43,2,10,55
2021-07-03 16:44:02,11,1,5,17
2021-07-03 16:44:03,1,0,0,1
2021-07-03 16:44:04,1,0,0,1
2021-07-03 16:44:05,3,0,2,5
2021-07-03 16:44:06,0,0,0,0
2021-07-03 16:44:07,5,0,0,5
2021-07-03 16:44:08,8,0,2,10
2021-07-03 16:44:10,14,0,2,16
2021-07-03 16:44:11,32,1,1,34
2021-07-03 16:44:12,1,0,0,1
2021-07-03 16:44:13,153,6,174,333
2021-07-03 16:44:15,1467,20,312,1799
2021-07-03 16:44:16,1,0,0,1
2021-07-03 16:44:17,1,0,0,1
2021-07-03 16:44:18,2,0,0,2
2021-07-03 16:44:19,1,1,0,2
2021-07-03 16:44:20,17,0,4,21
2021-07-03 16:44:21,429,16,103,548
2021-07-03 16:44:22,2,0,0,2
2021-07-03 16:44:24,0,0,0,0
2021-07-03 16:44:25,556,12,72,640
2021-07-03 16:44:28,9,0,0,9
2021-07-03 16:44:29,1,0,0,1
2021-07-03 16:44:31,2,0,0,2
2021-07-03 16:44:33,1,0,0,1
2021-07-03 16:44:35,1,0,0,1
2021-07-03 16:44:36,3,0,0,3
2021-07-03 16:44:38,0,0,1,1
2021-07-03 16:44:39,1,0,0,1
2021-07-03 16:44:40,1739,28,265,2032
2021-07-03 16:44:42,7,0,0,7
2021-07-03 16:44:43,15,0,1,16
2021-07-03 16:44:44,1,0,0,1
2021-07-03 16:44:45,0,0,0,0
2021-07-03 16:44:46,0,0,0,0
2021-07-03 16:44:48,0,0,0,0
2021-07-03 16:44:49,0,0,0,0
2021-07-03 16:44:50,3,1,2,6
2021-07-03 16:44:51,1,0,0,1
2021-07-03 16:44:52,0,0,0,0
2021-07-03 16:44:54,56,3,15,74
2021-07-03 16:44:56,115,5,11,131
2021-07-03 16:44:57,0,0,0,0
2021-07-03 16:44:58,7,0,0,7
2021-07-03 16:44:59,12,0,0,12
2021-07-03 16:45:00,2078,42,270,2390
2021-07-03 16:45:03,37,0,4,41
2021-07-03 16:45:04,30,2,5,37
2021-07-03 16:45:06,17,0,0,17
2021-07-03 16:45:07,1,0,0,1
2021-07-03 16:45:08,0,0,0,0
2021-07-03 16:45:09,0,0,0,0
2021-07-03 16:45:10,0,0,0,0
2021-07-03 16:45:11,21,1,5,27
2021-07-03 16:45:12,1,0,0,1
2021-07-03 16:45:13,16,0,5,21
2021-07-03 16:45:14,32,1,6,39
2021-07-03 16:45:15,2,0,1,3
2021-07-03 16:45:17,0,0,0,0
2021-07-03 16:45:19,409,20,81,510
2021-07-03 16:45:21,17,1,8,26
2021-07-03 16:45:22,0,0,0,0
2021-07-03 16:45:23,0,0,0,0
2021-07-03 16:45:24,2,0,0,2
2021-07-03 16:45:25,1,0,1,2
2021-07-03 16:45:26,36,3,2,41
2021-07-03 16:45:28,88,2,28,118
2021-07-03 16:45:29,1,0,0,1
2021-07-03 16:45:30,2,0,0,2
2021-07-03 16:45:32,6,2,0,8
2021-07-03 16:45:33,0,0,0,0
2021-07-03 16:45:34,1,0,0,1
2021-07-03 16:45:35,16,0,4,20
2021-07-03 16:45:37,2,0,2,4
2021-07-03 16:45:38,3,0,2,5
2021-07-03 16:45:40,1,0,1,2
2021-07-03 16:45:41,0,0,0,0
2021-07-03 16:45:42,1,0,0,1
2021-07-03 16:45:44,1,0,2,3
2021-07-03 16:45:46,5,0,3,8
2021-07-03 16:45:48,2,0,0,2
2021-07-03 16:45:49,1,0,0,1
2021-07-03 16:45:52,2,0,0,2
2021-07-03 16:45:53,14,0,2,16
2021-07-03 16:45:54,0,0,0,0
2021-07-03 16:45:55,5,0,1,6
2021-07-03 16:45:56,120,2,25,147
2021-07-03 16:45:57,19,2,2,23
2021-07-03 16:45:59,0,0,0,0
2021-07-03 16:46:00,20,1,4,25
2021-07-03 16:46:02,1,0,0,1
2021-07-03 16:46:05,0,0,0,0
2021-07-03 16:46:06,90,1,21,112
2021-07-03 16:46:07,3,0,1,4
2021-07-03 16:46:09,1,0,0,1
2021-07-03 16:46:10,0,0,0,0
2021-07-03 16:46:12,0,0,0,0
2021-07-03 16:46:13,71,2,17,90
2021-07-03 16:46:14,320,6,82,408
2021-07-03 16:46:16,16,1,4,21
2021-07-03 16:46:17,0,0,0,0
2021-07-03 16:46:18,9,0,0,9
2021-07-03 16:46:19,0,0,0,0
2021-07-03 16:46:20,1,0,1,2
2021-07-03 16:46:21,1,0,1,2
2021-07-03 16:46:22,9,2,6,17
2021-07-03 16:46:23,40,0,22,62
2021-07-03 16:46:24,12,1,5,18
2021-07-03 16:46:26,1,0,1,2
2021-07-03 16:46:27,779,14,119,912
2021-07-03 16:46:28,10,1,2,13
2021-07-03 16:46:29,3,0,3,6
2021-07-03 16:46:31,2,0,2,4
2021-07-03 16:46:32,3,0,3,6
2021-07-03 16:46:33,8,0,4,12
2021-07-03 16:46:34,1,0,1,2
2021-07-03 16:46:37,4,0,3,7
2021-07-03 16:46:38,9,0,7,16
2021-07-03 16:46:39,3,0,1,4
2021-07-03 16:46:40,5,0,5,10
2021-07-03 16:46:41,0,0,0,0
2021-07-03 16:46:43,1,0,0,1
2021-07-03 16:46:44,1,0,0,1
2021-07-03 16:46:45,5,0,1,6
2021-07-03 16:46:46,2,0,0,2
2021-07-03 16:46:47,0,0,0,0
2021-07-03 16:46:50,23,1,1,25
2021-07-03 16:46:52,2,1,0,3
2021-07-03 16:46:54,1,0,0,1
2021-07-03 16:46:55,11,1,2,14
2021-07-03 16:46:56,0,0,0,0
2021-07-03 16:46:57,13,0,11,24
2021-07-03 16:46:58,6,0,0,6
2021-07-03 16:46:59,7,0,1,8
2021-07-03 16:47:00,116,6,26,148
2021-07-03 16:47:01,2,0,0,2
2021-07-03 16:47:02,1,0,1,2
2021-07-03 16:47:04,42,0,4,46
2021-07-03 16:47:06,0,0,0,0
2021-07-03 16:47:07,4,0,1,5
2021-07-03 16:47:08,3,0,0,3
2021-07-03 16:47:10,2,0,1,3
2021-07-03 16:47:11,4,0,2,6
2021-07-03 16:47:12,0,0,0,0
2021-07-03 16:47:14,345,12,51,408
2021-07-03 16:47:15,42,2,11,55
2021-07-03 16:47:16,0,0,0,0
2021-07-03 16:47:17,68,2,2,72
2021-07-03 16:47:18,720,26,141,887
2021-07-03 16:47:19,7,0,1,8
2021-07-03 16:47:21,26,1,6,33
2021-07-03 16:47:23,22,1,5,28
2021-07-03 16:47:24,87,0,19,106
2021-07-03 16:47:25,1993,23,447,2463
2021-07-03 16:47:26,13,0,1,14
2021-07-03 16:47:27,2,0,1,3
2021-07-03 16:47:28,2,0,0,2
2021-07-03 16:47:29,1,0,0,1
2021-07-03 16:47:30,5,0,0,5
2021-07-03 16:47:31,2,0,0,2
2021-07-03 16:47:32,280,20,86,386
2021-07-03 16:47:33,1,0,0,1
2021-07-03 16:47:34,4,0,0,4
2021-07-03 16:47:35,3,0,1,4
2021-07-03 16:47:36,55,2,12,69
2021-07-03 16:47:37,13,0,2,15
2021-07-03 16:47:38,33,0,9,42
2021-07-03 16:47:39,2,0,0,2
2021-07-03 16:47:40,2,0,0,2
2021-07-03 16:47:41,0,0,0,0
2021-07-03 16:47:43,0,0,0,0
2021-07-03 16:47:44,2,0,0,2
2021-07-03 16:47:45,21,0,6,27
2021-07-03 16:47:46,13,0,4,17
2021-07-03 16:47:47,0,0,0,0
2021-07-03 16:47:48,11,0,4,15
2021-07-03 16:47:50,4,0,0,4
2021-07-03 16:47:51,0,0,0,0
2021-07-03 16:47:52,35,1,2,38
2021-07-03 16:47:55,1,1,0,2
2021-07-03 16:47:56,1,0,1,2
2021-07-03 16:47:57,1,0,1,2
2021-07-03 16:47:59,8,0,4,12
2021-07-03 16:48:00,19,1,10,30
2021-07-03 16:48:01,2,1,1,4
2021-07-03 16:48:02,11,1,1,13
2021-07-03 16:48:05,56,1,7,64
2021-07-03 16:48:06,1,0,1,2
2021-07-03 16:48:07,34,3,16,53
2021-07-03 16:48:08,3,0,2,5
2021-07-03 16:48:11,4,0,2,6
2021-07-03 16:48:12,28,1,11,40
2021-07-03 16:48:13,2,0,2,4
2021-07-03 16:48:14,2,0,2,4
2021-07-03 16:48:15,5,0,2,7
2021-07-03 16:48:16,0,0,0,0
2021-07-03 16:48:19,6,0,0,6
2021-07-03 16:48:20,62,0,24,86
2021-07-03 16:48:21,0,0,0,0
2021-07-03 16:48:22,0,0,0,0
2021-07-03 16:48:24,0,0,0,0
2021-07-03 16:48:25,9,0,2,11
2021-07-03 16:48:26,1,0,0,1
2021-07-03 16:48:27,1,0,0,1
2021-07-03 16:48:29,0,0,0,0
2021-07-03 16:48:30,0,0,0,0
2021-07-03 16:48:32,23,1,6,30
2021-07-03 16:48:33,1,2,0,3
2021-07-03 16:48:34,4,1,0,5
2021-07-03 16:48:36,0,0,0,0
2021-07-03 16:48:37,0,0,0,0
2021-07-03 16:48:38,0,0,0,0
2021-07-03 16:48:39,0,0,0,0
2021-07-03 16:48:41,0,0,0,0
2021-07-03 16:48:42,0,0,0,0
2021-07-03 16:48:43,0,0,0,0
2021-07-03 16:48:44,0,0,0,0
2021-07-03 16:48:45,0,0,0,0
2021-07-03 16:48:46,22,2,1,25
2021-07-03 16:48:48,0,0,0,0
2021-07-03 16:48:49,0,0,0,0
2021-07-03 16:48:51,3,0,1,4
2021-07-03 16:48:52,1,0,0,1
2021-07-03 16:48:53,1,0,0,1
2021-07-03 16:48:54,0,0,0,0
2021-07-03 16:48:56,0,0,1,1
2021-07-03 16:48:57,330,8,92,430
2021-07-03 16:48:59,8,0,4,12
2021-07-03 16:49:00,1,0,2,3
2021-07-03 16:49:01,1,0,1,2
2021-07-03 16:49:03,8,0,1,9
2021-07-03 16:49:04,3,0,0,3
2021-07-03 16:49:05,0,0,0,0
2021-07-03 16:49:06,2,0,0,2
2021-07-03 16:49:07,1,0,0,1
2021-07-03 16:49:08,71,0,13,84
2021-07-03 16:49:09,1,0,0,1
2021-07-03 16:49:10,5544,41,518,6103
2021-07-03 16:49:12,0,0,0,0
2021-07-03 16:49:13,0,0,0,0
2021-07-03 16:49:14,0,0,0,0
2021-07-03 16:49:16,0,0,0,0
2021-07-03 16:49:17,1,0,0,1
2021-07-03 16:49:18,2,0,1,3
2021-07-03 16:49:19,1,0,0,1
2021-07-03 16:49:21,0,0,0,0
2021-07-03 16:49:22,1,0,0,1
2021-07-03 16:49:23,1,0,0,1
2021-07-03 16:49:24,9,0,0,9
2021-07-03 16:49:25,5,0,1,6
2021-07-03 16:49:27,1,0,0,1
2021-07-03 16:49:28,4,0,1,5
2021-07-03 16:49:29,4788,71,684,5543
2021-07-03 16:49:31,0,0,0,0
2021-07-03 16:49:32,2,0,0,2
2021-07-03 16:49:33,1,0,0,1
2021-07-03 16:49:34,0,0,0,0
2021-07-03 16:49:35,10,6,7,23
2021-07-03 16:49:37,6,0,0,6
2021-07-03 16:49:38,1,0,0,1
2021-07-03 16:49:39,8,0,0,8
2021-07-03 16:49:40,2,0,0,2
2021-07-03 16:49:41,2,0,1,3
2021-07-03 16:49:42,1628,34,434,2096
2021-07-03 16:49:44,20,0,4,24
2021-07-03 16:49:45,3,1,0,4
2021-07-03 16:49:47,21,2,0,23
2021-07-03 16:49:48,2,0,0,2
2021-07-03 16:49:49,1,0,0,1
2021-07-03 16:49:50,4,0,0,4
2021-07-03 16:49:51,6,0,0,6
2021-07-03 16:49:52,0,0,0,0
2021-07-03 16:49:53,6,1,0,7
2021-07-03 16:49:54,1,0,0,1
2021-07-03 16:49:55,1,0,0,1
2021-07-03 16:49:57,8,0,1,9
2021-07-03 16:50:00,377,18,134,529
2021-07-03 16:50:01,2,0,0,2
2021-07-03 16:50:02,12,0,3,15
2021-07-03 16:50:04,4,0,0,4
2021-07-03 16:50:05,1,0,0,1
2021-07-03 16:50:06,1,0,0,1
2021-07-03 16:50:07,5,0,0,5
2021-07-03 16:50:08,1,0,0,1
2021-07-03 16:50:09,3,0,0,3
2021-07-03 16:50:10,1,0,0,1
2021-07-03 16:50:11,2,0,0,2
2021-07-03 16:50:13,4,0,2,6
2021-07-03 16:50:14,5,0,2,7
2021-07-03 16:50:15,1,0,1,2
2021-07-03 16:50:16,4,0,1,5
2021-07-03 16:50:17,64,2,0,66
2021-07-03 16:50:18,2,0,0,2
2021-07-03 16:50:19,2,0,0,2
2021-07-03 16:50:20,15,0,4,19
2021-07-03 16:50:21,1,0,0,1
2021-07-03 16:50:22,1308,60,255,1623
2021-07-03 16:50:23,2,0,0,2
2021-07-03 16:50:24,46,0,10,56
2021-07-03 16:50:25,7,0,0,7
2021-07-03 16:50:28,2,0,0,2
2021-07-03 16:50:29,6,0,0,6
2021-07-03 16:50:30,1,0,0,1
2021-07-03 16:50:33,8,0,2,10
2021-07-03 16:50:34,84,1,11,96
2021-07-03 16:50:35,0,0,0,0
2021-07-03 16:50:36,2,0,0,2
2021-07-03 16:50:37,0,0,0,0
2021-07-03 16:50:38,1,0,0,1
2021-07-03 16:50:39,2,1,0,3
2021-07-03 16:50:41,24,0,10,34
2021-07-03 16:50:42,0,0,0,0
2021-07-03 16:50:43,0,0,0,0
2021-07-03 16:50:44,5,0,0,5
2021-07-03 16:50:45,8,0,1,9
2021-07-03 16:50:46,0,0,0,0
2021-07-03 16:50:47,0,0,0,0
2021-07-03 16:50:48,0,0,0,0
2021-07-03 16:50:49,445,11,76,532
2021-07-03 16:50:50,1540,33,190,1763
2021-07-03 16:50:51,0,0,0,0
2021-07-03 16:50:52,2,0,0,2
2021-07-03 16:50:53,0,0,0,0
2021-07-03 16:50:54,1,0,0,1
2021-07-03 16:50:55,2,0,0,2
2021-07-03 16:50:56,0,0,0,0
2021-07-03 16:50:57,0,0,0,0
2021-07-03 16:50:58,0,0,0,0
2021-07-03 16:50:59,0,0,0,0
2021-07-03 16:51:00,1,0,0,1
2021-07-03 16:51:01,3,0,0,3
2021-07-03 16:51:02,1,0,0,1
2021-07-03 16:51:03,24,0,5,29
2021-07-03 16:51:04,3,0,0,3
2021-07-03 16:51:06,4,0,0,4
2021-07-03 16:51:07,0,0,0,0
2021-07-03 16:51:09,1,0,0,1
2021-07-03 16:51:11,0,0,0,0
2021-07-03 16:51:12,0,0,0,0
2021-07-03 16:51:13,12,1,0,13
2021-07-03 16:51:14,0,0,0,0
2021-07-03 16:51:15,0,0,0,0
2021-07-03 16:51:17,6,0,0,6
2021-07-03 16:51:18,0,0,0,0
2021-07-03 16:51:19,52,4,12,68
2021-07-03 16:51:20,0,0,0,0
2021-07-03 16:51:21,31,2,12,45
2021-07-03 16:51:22,1,0,1,2
2021-07-03 16:51:23,19,0,0,19
2021-07-03 16:51:24,0,0,0,0
2021-07-03 16:51:25,6,0,2,8
2021-07-03 16:51:26,4,0,0,4
2021-07-03 16:51:27,9,0,4,13
2021-07-03 16:51:29,37,0,7,44
2021-07-03 16:51:31,14,0,1,15
2021-07-03 16:51:32,2,0,0,2
2021-07-03 16:51:35,0,0,0,0
2021-07-03 16:51:37,3,0,0,3
2021-07-03 16:51:38,82,4,32,118
2021-07-03 16:51:39,0,0,0,0
2021-07-03 16:51:40,24,6,9,39
2021-07-03 16:51:42,1,0,0,1
2021-07-03 16:51:43,2,0,2,4
2021-07-03 16:51:45,1,0,0,1
2021-07-03 16:51:46,189,7,36,232
2021-07-03 16:51:47,400,6,25,431
2021-07-03 16:51:49,12,0,13,25
2021-07-03 16:51:50,0,0,0,0
2021-07-03 16:51:51,2,0,0,2
2021-07-03 16:51:53,8,0,1,9
2021-07-03 16:51:54,2,0,0,2
2021-07-03 16:51:55,0,0,0,0
2021-07-03 16:51:56,1,0,0,1
2021-07-03 16:51:57,2,0,0,2
2021-07-03 16:52:00,0,0,0,0
2021-07-03 16:52:01,1,0,0,1
2021-07-03 16:52:02,1,0,0,1
2021-07-03 16:52:03,4,1,0,5
2021-07-03 16:52:05,25,1,6,32
2021-07-03 16:52:06,3,1,0,4
2021-07-03 16:52:07,6,0,1,7
2021-07-03 16:52:08,0,0,0,0
2021-07-03 16:52:09,8,0,5,13
2021-07-03 16:52:11,0,0,0,0
2021-07-03 16:52:12,0,0,0,0
2021-07-03 16:52:14,2,0,1,3
2021-07-03 16:52:18,0,0,0,0
2021-07-03 16:52:19,18,1,6,25
2021-07-03 16:52:21,3,1,0,4
2021-07-03 16:52:22,2,0,0,2
2021-07-03 16:52:23,0,0,0,0
2021-07-03 16:52:24,12,2,2,16
2021-07-03 16:52:25,71,0,34,105
2021-07-03 16:52:26,3,0,1,4
2021-07-03 16:52:28,3,0,2,5
2021-07-03 16:52:29,30,3,4,37
2021-07-03 16:52:31,1,0,0,1
2021-07-03 16:52:32,23,1,3,27
2021-07-03 16:52:33,1,0,0,1
2021-07-03 16:52:34,1,0,0,1
2021-07-03 16:52:37,9,2,0,11
2021-07-03 16:52:39,1,0,0,1
2021-07-03 16:52:40,0,0,0,0
2021-07-03 16:52:41,0,0,0,0
2021-07-03 16:52:42,529,12,123,664
2021-07-03 16:52:43,3,0,0,3
2021-07-03 16:52:44,1,0,1,2
2021-07-03 16:52:45,0,0,0,0
2021-07-03 16:52:46,32,1,9,42
2021-07-03 16:52:48,307,5,42,354
2021-07-03 16:52:49,39,0,9,48
2021-07-03 16:52:51,6,0,2,8
2021-07-03 16:52:52,0,0,0,0
2021-07-03 16:52:53,0,0,0,0
2021-07-03 16:52:54,0,0,0,0
2021-07-03 16:52:55,0,0,0,0
2021-07-03 16:52:56,0,0,0,0
2021-07-03 16:52:58,0,0,0,0
2021-07-03 16:52:59,705,28,120,853
2021-07-03 16:53:00,1,0,0,1
2021-07-03 16:53:01,1,0,0,1
2021-07-03 16:53:03,1,0,0,1
2021-07-03 16:53:04,15,4,1,20
2021-07-03 16:53:05,0,0,0,0
2021-07-03 16:53:07,1,0,0,1
2021-07-03 16:53:08,0,0,0,0
2021-07-03 16:53:09,0,0,0,0
2021-07-03 16:53:10,0,0,0,0
2021-07-03 16:53:13,12,1,7,20
2021-07-03 16:53:14,0,0,0,0
2021-07-03 16:53:15,11,1,1,13
2021-07-03 16:53:17,0,0,0,0
2021-07-03 16:53:18,0,0,0,0
2021-07-03 16:53:20,10,0,0,10
2021-07-03 16:53:22,1,0,1,2
2021-07-03 16:53:23,447,74,26,547
2021-07-03 16:53:24,4,0,0,4
2021-07-03 16:53:25,2,0,0,2
2021-07-03 16:53:26,49,3,13,65
2021-07-03 16:53:28,2,0,0,2
2021-07-03 16:53:29,3,0,1,4
2021-07-03 16:53:30,1,0,0,1
2021-07-03 16:53:32,41,4,12,57
2021-07-03 16:53:34,0,0,0,0
2021-07-03 16:53:37,2,0,1,3
2021-07-03 16:53:39,2,0,0,2
2021-07-03 16:53:40,2,0,0,2
2021-07-03 16:53:41,54,2,9,65
2021-07-03 16:53:42,216,8,69,293
2021-07-03 16:53:43,9,0,2,11
2021-07-03 16:53:45,3,0,0,3
2021-07-03 16:53:46,0,0,0,0
2021-07-03 16:53:47,1,0,0,1
2021-07-03 16:53:49,1,0,0,1
2021-07-03 16:53:50,0,0,0,0
2021-07-03 16:53:53,147,2,28,177
2021-07-03 16:53:54,1,0,0,1
2021-07-03 16:53:55,1,0,0,1
2021-07-03 16:53:57,3,0,0,3
2021-07-03 16:53:59,0,0,0,0
2021-07-03 16:54:00,1,0,0,1
2021-07-03 16:54:01,2,0,1,3
2021-07-03 16:54:02,0,0,0,0
2021-07-03 16:54:03,59,2,14,75
2021-07-03 16:54:05,1,0,1,2
2021-07-03 16:54:09,1268,18,272,1558
2021-07-03 16:54:11,737,22,166,925
2021-07-03 16:54:12,377,16,94,487
2021-07-03 16:54:15,2,0,0,2
2021-07-03 16:54:16,8,1,0,9
2021-07-03 16:54:17,4,0,1,5
2021-07-03 16:54:18,179,3,47,229
2021-07-03 16:54:19,0,0,0,0
2021-07-03 16:54:20,3,0,1,4
2021-07-03 16:54:21,1,0,0,1
2021-07-03 16:54:22,0,0,0,0
2021-07-03 16:54:23,1,0,0,1
2021-07-03 16:54:24,0,0,0,0
2021-07-03 16:54:25,14,2,4,20
2021-07-03 16:54:26,1,0,0,1
2021-07-03 16:54:27,137,4,12,153
2021-07-03 16:54:28,15,0,8,23
2021-07-03 16:54:29,1,0,1,2
2021-07-03 16:54:30,12,1,3,16
2021-07-03 16:54:31,3150,30,189,3369
2021-07-03 16:54:32,0,0,0,0
2021-07-03 16:54:33,2,0,1,3
2021-07-03 16:54:34,7,1,1,9
2021-07-03 16:54:35,48,0,7,55
2021-07-03 16:54:37,3,2,1,6
2021-07-03 16:54:38,6,1,0,7
2021-07-03 16:54:39,1,0,0,1
2021-07-03 16:54:40,6,1,1,8
2021-07-03 16:54:41,4,0,0,4
2021-07-03 16:54:43,1,0,0,1
2021-07-03 16:54:44,1,0,0,1
2021-07-03 16:54:45,3,0,0,3
2021-07-03 16:54:46,2,0,0,2
2021-07-03 16:54:47,2,0,0,2
2021-07-03 16:54:48,1,0,0,1
2021-07-03 16:54:49,2,0,1,3
2021-07-03 16:54:50,2,0,0,2
2021-07-03 16:54:51,14,0,4,18
2021-07-03 16:54:52,1,0,0,1
2021-07-03 16:54:53,4,0,0,4
2021-07-03 16:54:55,5,0,0,5
2021-07-03 16:54:56,1,0,0,1
2021-07-03 16:54:58,1,0,0,1
2021-07-03 16:55:00,3,0,0,3
2021-07-03 16:55:01,5,0,1,6
2021-07-03 16:55:02,3,0,0,3
2021-07-03 16:55:03,1,0,0,1
2021-07-03 16:55:04,1,0,0,1
2021-07-03 16:55:05,2,0,1,3
2021-07-03 16:55:06,39,1,5,45
2021-07-03 16:55:07,0,0,0,0
2021-07-03 16:55:09,0,0,0,0
2021-07-03 16:55:10,0,0,0,0
2021-07-03 16:55:11,3,0,1,4
2021-07-03 16:55:12,0,0,0,0
2021-07-03 16:55:13,0,0,0,0
2021-07-03 16:55:15,1,0,0,1
2021-07-03 16:55:16,1,0,0,1
2021-07-03 16:55:17,1,0,1,2
2021-07-03 16:55:19,1,0,0,1
2021-07-03 16:55:21,48,0,16,64
2021-07-03 16:55:22,0,0,0,0
2021-07-03 16:55:23,0,0,0,0
2021-07-03 16:55:24,111,2,16,129
2021-07-03 16:55:26,0,0,0,0
2021-07-03 16:55:27,0,0,0,0
2021-07-03 16:55:28,0,0,0,0
2021-07-03 16:55:29,0,0,0,0
2021-07-03 16:55:30,153,8,38,199
2021-07-03 16:55:31,15,2,0,17
2021-07-03 16:55:32,4,0,0,4
2021-07-03 16:55:33,4,0,3,7
2021-07-03 16:55:34,1,0,0,1
2021-07-03 16:55:35,3,0,0,3
2021-07-03 16:55:37,5,0,2,7
2021-07-03 16:55:38,9,0,1,10
2021-07-03 16:55:39,0,0,0,0
2021-07-03 16:55:40,0,0,0,0
2021-07-03 16:55:41,3334,42,382,3758
2021-07-03 16:55:43,36,0,3,39
2021-07-03 16:55:44,32,0,12,44
2021-07-03 16:55:45,0,0,0,0
2021-07-03 16:55:46,3,0,1,4
2021-07-03 16:55:47,16,0,2,18
2021-07-03 16:55:48,12,0,2,14
2021-07-03 16:55:49,0,0,0,0
2021-07-03 16:55:50,1,0,0,1
2021-07-03 16:55:51,0,0,0,0
2021-07-03 16:55:53,1,0,0,1
2021-07-03 16:55:54,755,20,106,881
2021-07-03 16:55:55,4,0,0,4
2021-07-03 16:55:56,181,2,29,212
2021-07-03 16:55:59,2,0,0,2
2021-07-03 16:56:00,27,3,7,37
2021-07-03 16:56:01,0,0,0,0
2021-07-03 16:56:02,1,0,0,1
2021-07-03 16:56:03,8,0,3,11
2021-07-03 16:56:04,9,1,1,11
2021-07-03 16:56:05,14,0,1,15
2021-07-03 16:56:06,29,0,4,33
2021-07-03 16:56:07,6,0,2,8
2021-07-03 16:56:08,3,0,0,3
2021-07-03 16:56:09,33,0,8,41
2021-07-03 16:56:10,0,0,0,0
2021-07-03 16:56:11,3,0,0,3
2021-07-03 16:56:12,1,0,0,1
2021-07-03 16:56:13,1,0,0,1
2021-07-03 16:56:14,4,0,0,4
2021-07-03 16:56:15,0,0,0,0
2021-07-03 16:56:16,1,0,0,1
2021-07-03 16:56:17,12,0,3,15
2021-07-03 16:56:18,6,0,0,6
2021-07-03 16:56:20,3,0,1,4
2021-07-03 16:56:21,0,0,0,0
2021-07-03 16:56:22,0,0,0,0
2021-07-03 16:56:23,8,0,3,11
2021-07-03 16:56:24,2,0,0,2
2021-07-03 16:56:26,1,0,0,1
2021-07-03 16:56:27,2,1,0,3
2021-07-03 16:56:28,0,0,0,0
2021-07-03 16:56:29,4,0,1,5
2021-07-03 16:56:31,9,0,2,11
2021-07-03 16:56:33,2,0,0,2
2021-07-03 16:56:34,1,0,0,1
2021-07-03 16:56:37,1,0,0,1
2021-07-03 16:56:38,2,2,0,4
2021-07-03 16:56:40,2,0,0,2
2021-07-03 16:56:41,164,3,26,193
2021-07-03 16:56:42,0,0,0,0
2021-07-03 16:56:43,2,0,2,4
2021-07-03 16:56:44,1,0,0,1
2021-07-03 16:56:45,1,0,0,1
2021-07-03 16:56:46,1,0,0,1
2021-07-03 16:56:47,0,0,0,0
2021-07-03 16:56:48,84,0,20,104
2021-07-03 16:56:49,1,0,0,1
2021-07-03 16:56:50,0,0,1,1
2021-07-03 16:56:51,1,0,0,1
2021-07-03 16:56:52,4,0,0,4
2021-07-03 16:56:54,1,0,1,2
2021-07-03 16:56:55,0,0,0,0
2021-07-03 16:56:56,3,0,2,5
2021-07-03 16:56:57,0,0,0,0
2021-07-03 16:56:58,0,0,0,0
2021-07-03 16:57:00,0,0,0,0
2021-07-03 16:57:01,10,1,3,14
2021-07-03 16:57:02,4,0,2,6
2021-07-03 16:57:03,2,0,1,3
2021-07-03 16:57:05,1,0,0,1
2021-07-03 16:57:06,0,0,0,0
2021-07-03 16:57:07,58,0,6,64
2021-07-03 16:57:08,51,0,9,60
2021-07-03 16:57:09,1,0,0,1
2021-07-03 16:57:10,619,21,136,776
2021-07-03 16:57:11,0,0,0,0
2021-07-03 16:57:12,0,0,0,0
2021-07-03 16:57:13,744,6,106,856
2021-07-03 16:57:14,157,1,4,162
2021-07-03 16:57:16,92,0,10,102
2021-07-03 16:57:17,18,0,1,19
2021-07-03 16:57:18,1,0,0,1
2021-07-03 16:57:19,3,1,0,4
2021-07-03 16:57:20,62,0,11,73
2021-07-03 16:57:21,4,1,0,5
2021-07-03 16:57:22,2,0,1,3
2021-07-03 16:57:23,0,0,0,0
2021-07-03 16:57:24,0,0,0,0
2021-07-03 16:57:25,2,0,0,2
2021-07-03 16:57:26,10,0,8,18
2021-07-03 16:57:28,9,0,0,9
2021-07-03 16:57:30,11,0,0,11
2021-07-03 16:57:31,31,0,4,35
2021-07-03 16:57:32,1,0,0,1
2021-07-03 16:57:33,0,0,1,1
2021-07-03 16:57:34,4,0,0,4
2021-07-03 16:57:35,1,0,0,1
2021-07-03 16:57:36,2,1,0,3
2021-07-03 16:57:37,43,1,14,58
2021-07-03 16:57:39,0,0,0,0
2021-07-03 16:57:40,0,0,0,0
2021-07-03 16:57:41,2,0,0,2
2021-07-03 16:57:42,0,0,0,0
2021-07-03 16:57:43,0,0,0,0
2021-07-03 16:57:44,8,0,2,10
2021-07-03 16:57:46,272,6,63,341
2021-07-03 16:57:47,1,0,0,1
2021-07-03 16:57:48,1,0,0,1
2021-07-03 16:57:49,43,0,8,51
2021-07-03 16:57:50,1,0,0,1
2021-07-03 16:57:51,31,1,5,37
2021-07-03 16:57:52,2,0,0,2
2021-07-03 16:57:53,52,0,9,61
2021-07-03 16:57:54,1,0,0,1
2021-07-03 16:57:56,4,0,0,4
2021-07-03 16:57:57,2,0,0,2
2021-07-03 16:57:58,1262,22,462,1746
2021-07-03 16:57:59,3,0,0,3
2021-07-03 16:58:00,1,0,0,1
2021-07-03 16:58:01,0,0,0,0
2021-07-03 16:58:02,0,0,0,0
2021-07-03 16:58:03,0,0,1,1
2021-07-03 16:58:04,8,0,4,12
2021-07-03 16:58:05,149,9,28,186
2021-07-03 16:58:06,1,0,0,1
2021-07-03 16:58:10,2,0,0,2
2021-07-03 16:58:11,26,0,7,33
2021-07-03 16:58:12,92,4,16,112
2021-07-03 16:58:13,0,0,0,0
2021-07-03 16:58:14,0,1,0,1
2021-07-03 16:58:15,2,2,0,4
2021-07-03 16:58:16,16,0,0,16
2021-07-03 16:58:17,1,0,0,1
2021-07-03 16:58:18,0,0,0,0
2021-07-03 16:58:19,8,0,4,12
2021-07-03 16:58:20,11,3,0,14
2021-07-03 16:58:21,0,0,2,2
2021-07-03 16:58:22,0,0,0,0
2021-07-03 16:58:23,412,3,44,459
2021-07-03 16:58:24,2,0,0,2
2021-07-03 16:58:25,1,0,0,1
2021-07-03 16:58:27,1,0,0,1
2021-07-03 16:58:28,6,0,5,11
2021-07-03 16:58:30,0,0,0,0
2021-07-03 16:58:31,1,0,1,2
2021-07-03 16:58:32,1,1,0,2
2021-07-03 16:58:33,2,1,1,4
2021-07-03 16:58:34,12,0,3,15
2021-07-03 16:58:35,1,0,0,1
2021-07-03 16:58:36,7,0,0,7
2021-07-03 16:58:37,0,0,0,0
2021-07-03 16:58:38,2,0,1,3
2021-07-03 16:58:39,0,0,0,0
2021-07-03 16:58:41,1,0,0,1
2021-07-03 16:58:42,52,1,29,82
2021-07-03 16:58:43,1,0,0,1
2021-07-03 16:58:44,3,0,0,3
2021-07-03 16:58:45,50,1,10,61
2021-07-03 16:58:46,14,0,4,18
2021-07-03 16:58:47,0,0,0,0
2021-07-03 16:58:48,0,0,0,0
2021-07-03 16:58:49,2,0,0,2
2021-07-03 16:58:50,0,0,0,0
2021-07-03 16:58:52,0,0,0,0
2021-07-03 16:58:54,23,1,2,26
2021-07-03 16:58:55,0,0,0,0
2021-07-03 16:58:56,0,0,0,0
2021-07-03 16:58:57,1,0,2,3
2021-07-03 16:58:58,0,0,0,0
2021-07-03 16:58:59,49,1,9,59
2021-07-03 16:59:00,4,0,6,10
2021-07-03 16:59:02,0,0,0,0
2021-07-03 16:59:03,80,4,30,114
2021-07-03 16:59:04,2,1,0,3
2021-07-03 16:59:05,118,0,18,136
2021-07-03 16:59:06,108,5,28,141
2021-07-03 16:59:07,1,0,0,1
2021-07-03 16:59:08,2,0,0,2
2021-07-03 16:59:10,0,0,0,0
2021-07-03 16:59:11,1,0,0,1
2021-07-03 16:59:12,1,0,0,1
2021-07-03 16:59:15,1,0,0,1
2021-07-03 16:59:18,0,0,0,0
2021-07-03 16:59:19,18,0,7,25
2021-07-03 16:59:21,1,0,1,2
2021-07-03 16:59:22,11,1,0,12
2021-07-03 16:59:23,0,0,0,0
2021-07-03 16:59:24,1,0,0,1
2021-07-03 16:59:26,108,6,34,148
2021-07-03 16:59:27,11,0,4,15
2021-07-03 16:59:28,1,0,1,2
2021-07-03 16:59:29,3,0,0,3
2021-07-03 16:59:30,4,1,2,7
2021-07-03 16:59:31,1,0,0,1
2021-07-03 16:59:32,1,0,0,1
2021-07-03 16:59:33,11,0,0,11
2021-07-03 16:59:34,0,0,0,0
2021-07-03 16:59:36,3,0,1,4
2021-07-03 16:59:38,1,0,0,1
2021-07-03 16:59:39,0,0,0,0
2021-07-03 16:59:41,8,0,1,9
2021-07-03 16:59:43,64,2,8,74
2021-07-03 16:59:44,3,1,2,6
2021-07-03 16:59:45,0,0,0,0
2021-07-03 16:59:47,0,0,0,0
2021-07-03 16:59:48,57,1,6,64
2021-07-03 16:59:49,0,0,0,0
2021-07-03 16:59:50,21,0,0,21
2021-07-03 16:59:51,10,0,5,15
2021-07-03 16:59:52,14,2,0,16
2021-07-03 16:59:54,13,0,2,15
2021-07-03 16:59:58,1,0,1,2
2021-07-03 16:59:59,0,0,0,0
2021-07-03 17:00:00,2,0,0,2
2021-07-03 17:00:01,525,13,124,662
2021-07-03 17:00:02,116,0,16,132
2021-07-03 17:00:03,0,0,0,0
2021-07-03 17:00:04,5,0,0,5
2021-07-03 17:00:05,1833,28,181,2042
2021-07-03 17:00:06,860,23,96,979
2021-07-03 17:00:07,6,0,0,6
2021-07-03 17:00:08,3,0,0,3
2021-07-03 17:00:09,0,0,0,0
2021-07-03 17:00:10,2,0,0,2
2021-07-03 17:00:12,88,0,26,114
2021-07-03 17:00:13,1,0,0,1
2021-07-03 17:00:14,1,0,0,1
2021-07-03 17:00:16,0,0,0,0
2021-07-03 17:00:17,41,0,8,49
2021-07-03 17:00:18,8,1,5,14
2021-07-03 17:00:19,1,0,0,1
2021-07-03 17:00:20,4,0,0,4
2021-07-03 17:00:21,1,0,0,1
2021-07-03 17:00:22,1,0,0,1
2021-07-03 17:00:23,2,1,0,3
2021-07-03 17:00:24,4,0,2,6
2021-07-03 17:00:26,5,0,2,7
2021-07-03 17:00:27,31,1,2,34
2021-07-03 17:00:29,2,0,0,2
2021-07-03 17:00:30,0,0,0,0
2021-07-03 17:00:31,2,0,0,2
2021-07-03 17:00:34,5,0,0,5
2021-07-03 17:00:35,1,0,0,1
2021-07-03 17:00:36,1,0,0,1
2021-07-03 17:00:38,3,0,0,3
2021-07-03 17:00:39,5,1,0,6
2021-07-03 17:00:41,29,3,11,43
2021-07-03 17:00:42,14,0,0,14
2021-07-03 17:00:44,51,0,11,62
2021-07-03 17:00:46,634,8,114,756
2021-07-03 17:00:47,0,0,0,0
2021-07-03 17:00:49,2,0,1,3
2021-07-03 17:00:50,0,0,0,0
2021-07-03 17:00:51,0,0,0,0
2021-07-03 17:00:53,1,0,0,1
2021-07-03 17:00:54,0,0,0,0
2021-07-03 17:00:55,2,0,0,2
2021-07-03 17:00:56,1,0,0,1
2021-07-03 17:00:57,28,1,10,39
2021-07-03 17:00:58,386,10,98,494
2021-07-03 17:00:59,18,1,6,25
2021-07-03 17:01:00,2,1,0,3
2021-07-03 17:01:03,2,0,0,2
2021-07-03 17:01:05,617,25,135,777
2021-07-03 17:01:06,1,0,0,1
2021-07-03 17:01:07,6,0,1,7
2021-07-03 17:01:08,3,0,1,4
2021-07-03 17:01:09,2,0,1,3
2021-07-03 17:01:10,48,2,16,66
2021-07-03 17:01:11,4,0,0,4
2021-07-03 17:01:12,7,0,1,8
2021-07-03 17:01:14,2,0,0,2
2021-07-03 17:01:20,0,0,0,0
2021-07-03 17:01:21,4,0,2,6
2021-07-03 17:01:22,23,0,3,26
2021-07-03 17:01:23,0,0,0,0
2021-07-03 17:01:24,2,0,0,2
2021-07-03 17:01:27,0,0,1,1
2021-07-03 17:01:29,93,1,17,111
2021-07-03 17:01:30,694,16,131,841
2021-07-03 17:01:31,1,0,4,5
2021-07-03 17:01:32,0,0,1,1
2021-07-03 17:01:33,21,0,4,25
2021-07-03 17:01:34,18,0,6,24
2021-07-03 17:01:36,5,0,3,8
2021-07-03 17:01:37,2,0,3,5
2021-07-03 17:01:38,107,1,16,124
2021-07-03 17:01:39,0,0,1,1
2021-07-03 17:01:40,501,11,101,613
2021-07-03 17:01:41,0,0,2,2
2021-07-03 17:01:42,70,1,14,85
2021-07-03 17:01:43,5,0,0,5
2021-07-03 17:01:44,0,2,2,4
2021-07-03 17:01:45,1359,20,145,1524
2021-07-03 17:01:46,3,0,5,8
2021-07-03 17:01:47,0,0,1,1
2021-07-03 17:01:49,9,0,5,14
2021-07-03 17:01:51,0,0,1,1
2021-07-03 17:01:53,0,0,2,2
2021-07-03 17:01:55,67,2,17,86
2021-07-03 17:01:56,5,1,2,8
2021-07-03 17:01:57,1,0,2,3
2021-07-03 17:01:58,20,0,3,23
2021-07-03 17:01:59,0,0,1,1
2021-07-03 17:02:00,0,1,2,3
2021-07-03 17:02:01,0,0,2,2
2021-07-03 17:02:02,0,0,1,1
2021-07-03 17:02:03,4,0,4,8
2021-07-03 17:02:05,7,0,2,9
2021-07-03 17:02:06,1,0,2,3
2021-07-03 17:02:07,1,0,1,2
2021-07-03 17:02:08,0,0,2,2
2021-07-03 17:02:10,0,0,2,2
2021-07-03 17:02:11,2,0,1,3
2021-07-03 17:02:12,6,1,4,11
2021-07-03 17:02:13,212,6,65,283
2021-07-03 17:02:15,41,3,21,65
2021-07-03 17:02:16,0,0,1,1
2021-07-03 17:02:17,0,0,2,2
2021-07-03 17:02:19,38,2,19,59
2021-07-03 17:02:20,11,1,3,15
2021-07-03 17:02:21,6491,113,1081,7685
2021-07-03 17:02:22,2,0,3,5
2021-07-03 17:02:23,0,0,1,1
2021-07-03 17:02:24,3,0,1,4
2021-07-03 17:02:26,4,1,1,6
2021-07-03 17:02:27,0,0,1,1
2021-07-03 17:02:28,2,0,2,4
2021-07-03 17:02:29,0,0,2,2
2021-07-03 17:02:30,0,0,2,2
2021-07-03 17:02:31,4,0,2,6
2021-07-03 17:02:33,2,0,2,4
2021-07-03 17:02:34,722,10,178,910
2021-07-03 17:02:35,1,0,2,3
2021-07-03 17:02:37,2,1,4,7
2021-07-03 17:02:38,1,0,3,4
2021-07-03 17:02:39,16,1,1,18
2021-07-03 17:02:40,162,3,58,223
2021-07-03 17:02:42,1,0,1,2
2021-07-03 17:02:44,1337,20,268,1625
2021-07-03 17:02:46,6,0,6,12
2021-07-03 17:02:47,1,0,1,2
2021-07-03 17:02:50,0,0,2,2
2021-07-03 17:02:51,663,4,131,798
2021-07-03 17:02:52,1,0,1,2
2021-07-03 17:02:53,0,0,1,1
2021-07-03 17:02:54,0,0,1,1
2021-07-03 17:02:57,1,0,1,2
2021-07-03 17:03:00,0,0,1,1
2021-07-03 17:03:01,0,0,2,2
2021-07-03 17:03:04,13,0,2,15
2021-07-03 17:03:07,9,0,4,13
2021-07-03 17:03:08,15,0,6,21
2021-07-03 17:03:09,0,0,1,1
2021-07-03 17:03:10,0,0,2,2
2021-07-03 17:03:11,77,4,28,109
2021-07-03 17:03:12,5,0,4,9
2021-07-03 17:03:13,0,0,2,2
2021-07-03 17:03:14,158,0,26,184
2021-07-03 17:03:15,0,0,1,1
2021-07-03 17:03:16,0,0,1,1
2021-07-03 17:03:17,5,0,3,8
2021-07-03 17:03:20,352,16,37,405
2021-07-03 17:03:21,333,9,95,437
2021-07-03 17:03:22,0,0,2,2
2021-07-03 17:03:23,9,1,9,19
2021-07-03 17:03:24,3,0,1,4
2021-07-03 17:03:25,45,1,7,53
2021-07-03 17:03:26,2,0,3,5
2021-07-03 17:03:28,3,0,4,7
2021-07-03 17:03:29,4,0,2,6
2021-07-03 17:03:31,1,0,2,3
2021-07-03 17:03:32,2,0,1,3
2021-07-03 17:03:33,1,0,3,4
2021-07-03 17:03:34,1177,138,157,1472
2021-07-03 17:03:35,1,0,1,2
2021-07-03 17:03:37,16,1,12,29
2021-07-03 17:03:38,5,0,2,7
2021-07-03 17:03:39,9,0,3,12
2021-07-03 17:03:41,17,0,3,20
2021-07-03 17:03:42,0,0,3,3
2021-07-03 17:03:45,0,0,1,1
2021-07-03 17:03:46,1,0,2,3
2021-07-03 17:03:47,133,4,31,168
2021-07-03 17:03:49,5,0,1,6
2021-07-03 17:03:50,0,0,1,1
2021-07-03 17:03:52,45,3,5,53
2021-07-03 17:03:53,0,0,1,1
2021-07-03 17:03:55,0,0,3,3
2021-07-03 17:03:56,2842,79,484,3405
2021-07-03 17:03:57,1,0,2,3
2021-07-03 17:03:58,8,0,3,11
2021-07-03 17:03:59,146,7,56,209
2021-07-03 17:04:00,9,0,3,12
2021-07-03 17:04:02,1,0,2,3
2021-07-03 17:04:03,23,3,7,33
2021-07-03 17:04:04,3,1,3,7
2021-07-03 17:04:07,1,0,1,2
2021-07-03 17:04:08,0,0,1,1
2021-07-03 17:04:11,2,0,3,5
2021-07-03 17:04:12,2,0,1,3
2021-07-03 17:04:14,1146,34,96,1276
2021-07-03 17:04:16,160,6,40,206
2021-07-03 17:04:17,166,0,40,206
2021-07-03 17:04:18,0,0,0,0
2021-07-03 17:04:20,95,2,23,120
2021-07-03 17:04:22,2,1,1,4
2021-07-03 17:04:25,148,3,34,185
2021-07-03 17:04:26,5,1,1,7
2021-07-03 17:04:27,5,0,2,7
2021-07-03 17:04:28,93,1,30,124
2021-07-03 17:04:30,0,0,0,0
2021-07-03 17:04:31,6,0,3,9
2021-07-03 17:04:32,0,0,0,0
2021-07-03 17:04:33,10,1,1,12
2021-07-03 17:04:35,0,0,0,0
2021-07-03 17:04:36,0,0,0,0
2021-07-03 17:04:37,1,0,0,1
2021-07-03 17:04:38,5,0,1,6
2021-07-03 17:04:39,1,0,0,1
2021-07-03 17:04:40,0,0,0,0
2021-07-03 17:04:41,27,1,3,31
2021-07-03 17:04:42,3,0,3,6
2021-07-03 17:04:43,5,0,1,6
2021-07-03 17:04:44,0,0,0,0
2021-07-03 17:04:45,24,1,4,29
2021-07-03 17:04:47,4,0,0,4
2021-07-03 17:04:49,1,0,0,1
2021-07-03 17:04:50,7,0,0,7
2021-07-03 17:04:51,4,0,0,4
2021-07-03 17:04:52,2,0,0,2
2021-07-03 17:04:53,65,3,13,81
2021-07-03 17:04:54,14,0,1,15
2021-07-03 17:04:55,3,0,1,4
2021-07-03 17:04:57,0,0,0,0
2021-07-03 17:04:58,2,0,0,2
2021-07-03 17:04:59,3,2,0,5
2021-07-03 17:05:00,1,0,0,1
2021-07-03 17:05:01,4,0,0,4
2021-07-03 17:05:02,3,0,0,3
2021-07-03 17:05:04,2,0,1,3
2021-07-03 17:05:05,0,1,0,1
2021-07-03 17:05:06,8,0,1,9
2021-07-03 17:05:07,5,0,0,5
2021-07-03 17:05:09,0,0,0,0
2021-07-03 17:05:10,55,1,16,72
2021-07-03 17:05:11,1,0,0,1
2021-07-03 17:05:14,0,0,0,0
2021-07-03 17:05:15,4,0,2,6
2021-07-03 17:05:16,1888,53,421,2362
2021-07-03 17:05:17,0,0,0,0
2021-07-03 17:05:18,1,0,1,2
2021-07-03 17:05:20,1,0,1,2
2021-07-03 17:05:21,2,0,1,3
2021-07-03 17:05:22,1,0,0,1
2021-07-03 17:05:23,13,0,2,15
2021-07-03 17:05:24,2,0,0,2
2021-07-03 17:05:25,5,0,0,5
2021-07-03 17:05:26,1,0,0,1
2021-07-03 17:05:27,3,8,1,12
2021-07-03 17:05:28,0,0,0,0
2021-07-03 17:05:29,6,0,2,8
2021-07-03 17:05:30,1,0,0,1
2021-07-03 17:05:33,36,3,5,44
2021-07-03 17:05:34,1,0,0,1
2021-07-03 17:05:35,3,2,1,6
2021-07-03 17:05:37,1,0,0,1
2021-07-03 17:05:40,0,0,0,0
2021-07-03 17:05:41,14,0,4,18
2021-07-03 17:05:45,0,0,0,0
2021-07-03 17:05:46,1,0,0,1
2021-07-03 17:05:47,12,0,4,16
2021-07-03 17:05:48,1,0,0,1
2021-07-03 17:05:49,802,6,166,974
2021-07-03 17:05:51,13,0,4,17
2021-07-03 17:05:52,64,0,20,84
2021-07-03 17:05:54,137,2,11,150
2021-07-03 17:05:55,2,0,2,4
2021-07-03 17:05:57,15,0,3,18
2021-07-03 17:05:59,2,0,1,3
2021-07-03 17:06:00,39,4,5,48
2021-07-03 17:06:04,0,0,0,0
2021-07-03 17:06:05,0,0,0,0
2021-07-03 17:06:06,3,0,2,5
2021-07-03 17:06:08,102,2,2,106
2021-07-03 17:06:09,0,0,1,1
2021-07-03 17:06:10,0,0,0,0
2021-07-03 17:06:11,0,0,0,0
2021-07-03 17:06:12,1,0,0,1
2021-07-03 17:06:13,20,0,11,31
2021-07-03 17:06:14,2,0,0,2
2021-07-03 17:06:16,6,0,4,10
2021-07-03 17:06:17,3,0,2,5
2021-07-03 17:06:19,1,0,0,1
2021-07-03 17:06:20,3,2,2,7
2021-07-03 17:06:21,3,0,2,5
2021-07-03 17:06:24,12,0,5,17
2021-07-03 17:06:25,9,0,2,11
2021-07-03 17:06:26,1,0,1,2
2021-07-03 17:06:27,1,0,1,2
2021-07-03 17:06:28,20,1,5,26
2021-07-03 17:06:29,4,1,3,8
2021-07-03 17:06:30,0,0,0,0
2021-07-03 17:06:34,7,0,1,8
2021-07-03 17:06:35,3,0,0,3
2021-07-03 17:06:36,22,2,6,30
2021-07-03 17:06:37,6,0,1,7
2021-07-03 17:06:38,6,0,2,8
2021-07-03 17:06:39,3,0,1,4
2021-07-03 17:06:40,1,0,1,2
2021-07-03 17:06:42,6,0,2,8
2021-07-03 17:06:43,0,0,0,0
2021-07-03 17:06:44,2,0,1,3
2021-07-03 17:06:45,98,1,40,139
2021-07-03 17:06:46,0,2,0,2
2021-07-03 17:06:48,13,0,4,17
2021-07-03 17:06:50,1,0,1,2
2021-07-03 17:06:51,2,0,1,3
2021-07-03 17:06:53,23,0,11,34
2021-07-03 17:06:54,3,0,2,5
2021-07-03 17:06:55,6,0,2,8
2021-07-03 17:06:56,4,0,1,5
2021-07-03 17:06:57,0,0,0,0
2021-07-03 17:06:58,2,0,0,2
2021-07-03 17:06:59,58,0,12,70
2021-07-03 17:07:00,0,0,1,1
2021-07-03 17:07:02,54,1,9,64
2021-07-03 17:07:03,9,0,4,13
2021-07-03 17:07:04,7,0,1,8
2021-07-03 17:07:05,58,2,15,75
2021-07-03 17:07:06,5,0,0,5
2021-07-03 17:07:10,0,0,0,0
2021-07-03 17:07:11,5,0,0,5
2021-07-03 17:07:12,9,1,3,13
2021-07-03 17:07:14,0,0,0,0
2021-07-03 17:07:16,0,0,0,0
2021-07-03 17:07:17,4,0,1,5
2021-07-03 17:07:18,1,0,0,1
2021-07-03 17:07:19,0,0,0,0
2021-07-03 17:07:22,466,20,44,530
2021-07-03 17:07:23,16,0,4,20
2021-07-03 17:07:24,642,35,109,786
2021-07-03 17:07:26,4,0,5,9
2021-07-03 17:07:27,2,0,1,3
2021-07-03 17:07:28,1,0,0,1
2021-07-03 17:07:29,0,0,0,0
2021-07-03 17:07:30,12,1,1,14
2021-07-03 17:07:31,0,0,0,0
2021-07-03 17:07:32,1,0,0,1
2021-07-03 17:07:33,0,0,0,0
2021-07-03 17:07:34,0,0,0,0
2021-07-03 17:07:37,0,0,0,0
2021-07-03 17:07:38,1,0,0,1
2021-07-03 17:07:39,0,0,0,0
2021-07-03 17:07:40,28301,338,2975,31614
2021-07-03 17:07:41,3,0,0,3
2021-07-03 17:07:42,1,0,0,1
2021-07-03 17:07:43,0,0,0,0
2021-07-03 17:07:44,3,0,2,5
2021-07-03 17:07:45,0,0,0,0
2021-07-03 17:07:46,7,1,1,9
2021-07-03 17:07:47,0,0,0,0
2021-07-03 17:07:48,0,0,0,0
2021-07-03 17:07:49,494,12,60,566
2021-07-03 17:07:51,1,0,0,1
2021-07-03 17:07:52,5,0,1,6
2021-07-03 17:07:53,2,0,0,2
2021-07-03 17:07:55,11,1,0,12
2021-07-03 17:07:56,2,0,0,2
2021-07-03 17:07:57,2,0,0,2
2021-07-03 17:07:58,12,0,0,12
2021-07-03 17:07:59,0,0,0,0
2021-07-03 17:08:00,2,0,2,4
2021-07-03 17:08:01,8,0,3,11
2021-07-03 17:08:03,0,0,0,0
2021-07-03 17:08:04,33,1,1,35
2021-07-03 17:08:05,4,3,0,7
2021-07-03 17:08:06,1,1,0,2
2021-07-03 17:08:07,1,1,1,3
2021-07-03 17:08:11,0,1,0,1
2021-07-03 17:08:13,1,1,0,2
2021-07-03 17:08:14,11,3,1,15
2021-07-03 17:08:16,4,0,0,4
2021-07-03 17:08:17,1,0,0,1
2021-07-03 17:08:18,1,0,0,1
2021-07-03 17:08:19,1,0,0,1
2021-07-03 17:08:21,612,12,7,631
2021-07-03 17:08:22,3,0,2,5
2021-07-03 17:08:24,269,5,31,305
2021-07-03 17:08:25,0,0,0,0
2021-07-03 17:08:26,2,0,1,3
2021-07-03 17:08:27,12,0,6,18
2021-07-03 17:08:28,11,0,5,16
2021-07-03 17:08:29,1,0,0,1
2021-07-03 17:08:31,6,0,1,7
2021-07-03 17:08:33,95,4,4,103
2021-07-03 17:08:34,1,0,0,1
2021-07-03 17:08:35,1,0,0,1
2021-07-03 17:08:37,4,0,2,6
2021-07-03 17:08:38,6,0,1,7
2021-07-03 17:08:41,1,0,0,1
2021-07-03 17:08:42,5474,88,718,6280
2021-07-03 17:08:43,192,0,50,242
2021-07-03 17:08:44,0,0,1,1
2021-07-03 17:08:45,1,0,1,2
2021-07-03 17:08:47,0,0,0,0
2021-07-03 17:08:48,0,0,0,0
2021-07-03 17:08:49,9,0,4,13
2021-07-03 17:08:50,1,0,1,2
2021-07-03 17:08:51,4,0,0,4
2021-07-03 17:08:53,0,0,0,0
2021-07-03 17:08:55,14,1,3,18
2021-07-03 17:08:56,1,0,0,1
2021-07-03 17:08:57,0,0,0,0
2021-07-03 17:08:58,1,0,0,1
2021-07-03 17:08:59,2,0,0,2
2021-07-03 17:09:00,2,0,0,2
2021-07-03 17:09:01,12,1,2,15
2021-07-03 17:09:02,11083,133,1024,12240
2021-07-03 17:09:04,1,0,0,1
2021-07-03 17:09:05,2,0,0,2
2021-07-03 17:09:08,0,0,0,0
2021-07-03 17:09:09,4,0,0,4
2021-07-03 17:09:10,3,0,0,3
2021-07-03 17:09:11,1,0,0,1
2021-07-03 17:09:12,2,0,0,2
2021-07-03 17:09:13,125,4,2,131
2021-07-03 17:09:14,0,0,0,0
2021-07-03 17:09:15,20,0,7,27
2021-07-03 17:09:16,5,0,1,6
2021-07-03 17:09:17,0,0,0,0
2021-07-03 17:09:18,1,0,0,1
2021-07-03 17:09:19,766,12,132,910
2021-07-03 17:09:20,0,0,0,0
2021-07-03 17:09:21,2,0,0,2
2021-07-03 17:09:22,1,0,2,3
2021-07-03 17:09:23,0,1,0,1
2021-07-03 17:09:24,0,0,0,0
2021-07-03 17:09:25,5,0,0,5
2021-07-03 17:09:26,3,0,1,4
2021-07-03 17:09:28,7,2,3,12
2021-07-03 17:09:29,0,0,0,0
2021-07-03 17:09:30,1,0,0,1
2021-07-03 17:09:32,1,0,0,1
2021-07-03 17:09:33,45,1,17,63
2021-07-03 17:09:34,2,0,0,2
2021-07-03 17:09:35,0,0,0,0
2021-07-03 17:09:36,238,0,30,268
2021-07-03 17:09:37,2,0,0,2
2021-07-03 17:09:38,276,4,41,321
2021-07-03 17:09:40,292,7,59,358
2021-07-03 17:09:41,1,0,0,1
2021-07-03 17:09:42,6,1,0,7
2021-07-03 17:09:43,8,2,1,11
2021-07-03 17:09:44,1,0,1,2
2021-07-03 17:09:45,16,0,5,21
2021-07-03 17:09:48,256,6,86,348
2021-07-03 17:09:49,0,0,0,0
2021-07-03 17:09:50,16,1,1,18
2021-07-03 17:09:51,0,0,0,0
2021-07-03 17:09:52,34,1,4,39
2021-07-03 17:09:53,3,1,1,5
2021-07-03 17:09:54,0,0,0,0
2021-07-03 17:09:56,693,14,100,807
2021-07-03 17:09:57,683,4,82,769
2021-07-03 17:09:58,10,1,1,12
2021-07-03 17:09:59,0,0,0,0
2021-07-03 17:10:00,486,20,151,657
2021-07-03 17:10:01,0,0,0,0
2021-07-03 17:10:02,10,0,3,13
2021-07-03 17:10:04,1,0,0,1
2021-07-03 17:10:05,4,0,0,4
2021-07-03 17:10:08,2,0,0,2
2021-07-03 17:10:09,6,0,1,7
2021-07-03 17:10:10,738,10,118,866
2021-07-03 17:10:11,3,0,0,3
2021-07-03 17:10:12,0,0,0,0
2021-07-03 17:10:13,1,0,0,1
2021-07-03 17:10:14,3,0,0,3
2021-07-03 17:10:16,0,0,0,0
2021-07-03 17:10:17,1,0,0,1
2021-07-03 17:10:18,1,0,0,1
2021-07-03 17:10:19,0,0,0,0
2021-07-03 17:10:20,5,0,1,6
2021-07-03 17:10:21,0,0,0,0
2021-07-03 17:10:22,12,0,1,13
2021-07-03 17:10:23,3,0,0,3
2021-07-03 17:10:26,1,0,0,1
2021-07-03 17:10:28,77,2,21,100
2021-07-03 17:10:29,2,0,0,2
2021-07-03 17:10:30,3,0,0,3
2021-07-03 17:10:31,0,0,0,0
2021-07-03 17:10:32,2,0,0,2
2021-07-03 17:10:33,1,0,0,1
2021-07-03 17:10:34,7,1,2,10
2021-07-03 17:10:38,1,0,0,1
2021-07-03 17:10:40,0,0,0,0
2021-07-03 17:10:43,7,0,0,7
2021-07-03 17:10:44,4,0,0,4
2021-07-03 17:10:45,5,0,0,5
2021-07-03 17:10:46,444,4,90,538
2021-07-03 17:10:47,7,0,1,8
2021-07-03 17:10:49,1,0,0,1
2021-07-03 17:10:50,2,0,0,2
2021-07-03 17:10:53,0,0,0,0
2021-07-03 17:10:54,5,0,0,5
2021-07-03 17:10:55,3,0,1,4
2021-07-03 17:10:56,4,3,1,8
2021-07-03 17:10:57,46,0,9,55
2021-07-03 17:10:58,0,0,0,0
2021-07-03 17:10:59,1,0,0,1
2021-07-03 17:11:00,17,0,7,24
2021-07-03 17:11:01,8,1,2,11
2021-07-03 17:11:02,1,0,0,1
2021-07-03 17:11:03,2,0,0,2
2021-07-03 17:11:04,0,0,0,0
2021-07-03 17:11:05,0,0,1,1
2021-07-03 17:11:06,227,4,58,289
2021-07-03 17:11:07,23,0,11,34
2021-07-03 17:11:08,0,0,0,0
2021-07-03 17:11:10,3,0,0,3
2021-07-03 17:11:11,16,0,7,23
2021-07-03 17:11:12,1,0,0,1
2021-07-03 17:11:13,13,0,4,17
2021-07-03 17:11:14,9,0,1,10
2021-07-03 17:11:16,0,0,0,0
2021-07-03 17:11:17,2,0,1,3
2021-07-03 17:11:18,0,0,0,0
2021-07-03 17:11:19,1,1,0,2
2021-07-03 17:11:20,450,18,59,527
2021-07-03 17:11:21,3,1,0,4
2021-07-03 17:11:22,27,0,1,28
2021-07-03 17:11:23,0,0,0,0
2021-07-03 17:11:25,8,0,0,8
2021-07-03 17:11:26,15,1,4,20
2021-07-03 17:11:29,0,0,0,0
2021-07-03 17:11:30,12,1,2,15
2021-07-03 17:11:31,2,0,2,4
2021-07-03 17:11:33,25,0,2,27
2021-07-03 17:11:34,121,3,22,146
2021-07-03 17:11:35,2,0,0,2
2021-07-03 17:11:36,2,0,0,2
2021-07-03 17:11:37,1,0,0,1
2021-07-03 17:11:38,3,0,0,3
2021-07-03 17:11:40,42,0,7,49
2021-07-03 17:11:41,0,0,0,0
2021-07-03 17:11:42,1,0,0,1
2021-07-03 17:11:43,3,1,0,4
2021-07-03 17:11:44,0,0,0,0
2021-07-03 17:11:46,0,0,0,0
2021-07-03 17:11:47,1,0,0,1
2021-07-03 17:11:48,1,0,0,1
2021-07-03 17:11:50,8,0,3,11
2021-07-03 17:11:51,0,0,0,0
2021-07-03 17:11:52,28,2,8,38
2021-07-03 17:11:53,0,0,0,0
2021-07-03 17:11:54,2,0,0,2
2021-07-03 17:11:55,0,0,0,0
2021-07-03 17:11:56,1,0,0,1
2021-07-03 17:11:58,593,12,140,745
2021-07-03 17:11:59,3,0,0,3
2021-07-03 17:12:00,8,0,1,9
2021-07-03 17:12:02,72,3,12,87
2021-07-03 17:12:04,0,0,0,0
2021-07-03 17:12:05,0,0,0,0
2021-07-03 17:12:06,0,0,0,0
2021-07-03 17:12:07,3,0,1,4
2021-07-03 17:12:09,0,0,0,0
2021-07-03 17:12:10,3,0,0,3
2021-07-03 17:12:11,3,0,0,3
2021-07-03 17:12:12,363,12,126,501
2021-07-03 17:12:13,8,0,1,9
2021-07-03 17:12:15,0,0,0,0
2021-07-03 17:12:22,64,0,26,90
2021-07-03 17:12:23,2,0,0,2
2021-07-03 17:12:26,179,0,70,249
2021-07-03 17:12:27,6,0,1,7
2021-07-03 17:12:28,12,2,0,14
2021-07-03 17:12:29,2,0,0,2
2021-07-03 17:12:31,148,4,73,225
2021-07-03 17:12:32,29,2,14,45
2021-07-03 17:12:33,2,0,2,4
2021-07-03 17:12:34,0,0,0,0
2021-07-03 17:12:35,547,8,84,639
2021-07-03 17:12:38,0,0,0,0
2021-07-03 17:12:39,234,18,64,316
2021-07-03 17:12:40,72,1,20,93
2021-07-03 17:12:42,0,0,0,0
2021-07-03 17:12:44,0,0,0,0
2021-07-03 17:12:45,1,0,0,1
2021-07-03 17:12:46,79,1,22,102
2021-07-03 17:12:47,3,0,0,3
2021-07-03 17:12:48,0,0,0,0
2021-07-03 17:12:49,0,0,0,0
2021-07-03 17:12:50,53,0,17,70
2021-07-03 17:12:51,8,6,6,20
2021-07-03 17:12:52,3,0,0,3
2021-07-03 17:12:53,4,1,0,5
2021-07-03 17:12:55,1,0,0,1
2021-07-03 17:12:56,0,0,0,0
2021-07-03 17:12:57,14,2,8,24
2021-07-03 17:12:59,1,0,0,1
2021-07-03 17:13:00,5,0,0,5
2021-07-03 17:13:01,7,0,2,9
2021-07-03 17:13:02,16,1,1,18
2021-07-03 17:13:03,1,0,0,1
2021-07-03 17:13:06,576,12,100,688
2021-07-03 17:13:07,0,0,0,0
2021-07-03 17:13:10,129,2,31,162
2021-07-03 17:13:11,2,2,0,4
2021-07-03 17:13:12,10,0,4,14
2021-07-03 17:13:13,0,1,0,1
2021-07-03 17:13:15,1,0,0,1
2021-07-03 17:13:17,6,0,0,6
2021-07-03 17:13:18,196,6,48,250
2021-07-03 17:13:19,1,0,0,1
2021-07-03 17:13:20,1,0,0,1
2021-07-03 17:13:21,4,0,0,4
2021-07-03 17:13:22,7,0,0,7
2021-07-03 17:13:23,0,0,0,0
2021-07-03 17:13:24,518,2,104,624
2021-07-03 17:13:26,3,0,1,4
2021-07-03 17:13:27,3,0,0,3
2021-07-03 17:13:28,2,0,0,2
2021-07-03 17:13:29,1,0,0,1
2021-07-03 17:13:30,1583,22,556,2161
2021-07-03 17:13:31,8,0,0,8
2021-07-03 17:13:32,131,1,5,137
2021-07-03 17:13:33,1,0,0,1
2021-07-03 17:13:34,9,1,4,14
2021-07-03 17:13:35,0,0,0,0
2021-07-03 17:13:36,28,2,5,35
2021-07-03 17:13:37,1,0,0,1
2021-07-03 17:13:39,1,0,0,1
2021-07-03 17:13:40,2,0,0,2
2021-07-03 17:13:41,0,0,0,0
2021-07-03 17:13:42,2,0,0,2
2021-07-03 17:13:43,7,1,2,10
2021-07-03 17:13:44,3,0,0,3
2021-07-03 17:13:46,101,0,40,141
2021-07-03 17:13:47,5,0,0,5
2021-07-03 17:13:48,18,0,4,22
2021-07-03 17:13:49,3,0,1,4
2021-07-03 17:13:50,3,0,0,3
2021-07-03 17:13:52,0,0,0,0
2021-07-03 17:13:53,170,1,7,178
2021-07-03 17:13:57,2,0,0,2
2021-07-03 17:13:58,5,0,0,5
2021-07-03 17:13:59,8,0,0,8
2021-07-03 17:14:00,11,1,2,14
2021-07-03 17:14:01,2,0,0,2
2021-07-03 17:14:05,1,0,0,1
2021-07-03 17:14:06,102,4,28,134
2021-07-03 17:14:07,1,0,0,1
2021-07-03 17:14:08,1,0,0,1
2021-07-03 17:14:09,21,2,2,25
2021-07-03 17:14:11,6,1,1,8
2021-07-03 17:14:12,1446,71,402,1919
2021-07-03 17:14:13,0,0,0,0
2021-07-03 17:14:14,5,0,0,5
2021-07-03 17:14:15,1,0,0,1
2021-07-03 17:14:17,0,0,0,0
2021-07-03 17:14:18,52,0,9,61
2021-07-03 17:14:19,16,0,1,17
2021-07-03 17:14:21,26,1,17,44
2021-07-03 17:14:22,15,1,0,16
2021-07-03 17:14:25,0,0,0,0
2021-07-03 17:14:26,1,0,0,1
2021-07-03 17:14:27,774,37,119,930
2021-07-03 17:14:29,12,0,2,14
2021-07-03 17:14:30,1,0,1,2
2021-07-03 17:14:32,1,1,0,2
2021-07-03 17:14:33,80,0,7,87
2021-07-03 17:14:35,1,0,0,1
2021-07-03 17:14:36,0,0,0,0
2021-07-03 17:14:37,205,6,48,259
2021-07-03 17:14:38,0,0,0,0
2021-07-03 17:14:39,44,0,2,46
2021-07-03 17:14:40,1,1,1,3
2021-07-03 17:14:41,0,0,0,0
2021-07-03 17:14:42,2,0,2,4
2021-07-03 17:14:43,11,0,2,13
2021-07-03 17:14:44,5,0,1,6
2021-07-03 17:14:45,5,0,0,5
2021-07-03 17:14:46,4,0,0,4
2021-07-03 17:14:47,160,5,11,176
2021-07-03 17:14:48,3,0,0,3
2021-07-03 17:14:51,3,0,0,3
2021-07-03 17:14:52,148,3,78,229
2021-07-03 17:14:53,1,0,0,1
2021-07-03 17:14:56,3,0,1,4
2021-07-03 17:14:57,170,0,220,390
2021-07-03 17:14:58,0,0,1,1
2021-07-03 17:14:59,0,0,0,0
2021-07-03 17:15:00,0,0,0,0
2021-07-03 17:15:01,5,0,2,7
2021-07-03 17:15:02,20,1,0,21
2021-07-03 17:15:03,36,0,6,42
2021-07-03 17:15:04,1,0,0,1
2021-07-03 17:15:07,1,0,0,1
2021-07-03 17:15:08,0,0,0,0
2021-07-03 17:15:09,50,0,6,56
2021-07-03 17:15:10,0,0,0,0
2021-07-03 17:15:11,144,0,6,150
2021-07-03 17:15:13,0,0,0,0
2021-07-03 17:15:14,188,5,18,211
2021-07-03 17:15:15,0,0,0,0
2021-07-03 17:15:16,0,0,0,0
2021-07-03 17:15:17,39,0,15,54
2021-07-03 17:15:18,3,0,2,5
2021-07-03 17:15:19,1,0,1,2
2021-07-03 17:15:20,1,0,0,1
2021-07-03 17:15:21,0,0,0,0
2021-07-03 17:15:23,1,0,0,1
2021-07-03 17:15:27,15,1,4,20
2021-07-03 17:15:28,1,0,0,1
2021-07-03 17:15:29,0,0,0,0
2021-07-03 17:15:30,0,0,0,0
2021-07-03 17:15:32,1626,46,264,1936
2021-07-03 17:15:36,0,0,0,0
2021-07-03 17:15:39,10,1,0,11
2021-07-03 17:15:40,0,0,0,0
2021-07-03 17:15:41,0,0,0,0
2021-07-03 17:15:42,3,0,0,3
2021-07-03 17:15:43,1,0,0,1
2021-07-03 17:15:44,47,3,4,54
2021-07-03 17:15:45,2,0,1,3
2021-07-03 17:15:46,1,0,0,1
2021-07-03 17:15:47,0,0,0,0
2021-07-03 17:15:48,0,0,0,0
2021-07-03 17:15:49,18,1,2,21
2021-07-03 17:15:50,2,0,0,2
2021-07-03 17:15:51,2,0,0,2
2021-07-03 17:15:54,4,0,0,4
2021-07-03 17:15:56,0,0,0,0
2021-07-03 17:15:57,0,0,0,0
2021-07-03 17:15:58,1,0,1,2
2021-07-03 17:15:59,2,0,2,4
2021-07-03 17:16:00,3,0,0,3
2021-07-03 17:16:01,1,0,0,1
2021-07-03 17:16:03,3,0,0,3
2021-07-03 17:16:07,2,0,0,2
2021-07-03 17:16:09,108,5,24,137
2021-07-03 17:16:11,0,0,0,0
2021-07-03 17:16:12,268,4,52,324
2021-07-03 17:16:17,23,0,4,27
2021-07-03 17:16:19,5,0,3,8
2021-07-03 17:16:20,6,0,0,6
2021-07-03 17:16:21,2,1,0,3
2021-07-03 17:16:22,404,4,100,508
2021-07-03 17:16:24,20,2,6,28
2021-07-03 17:16:25,97,2,14,113
2021-07-03 17:16:26,11,1,3,15
2021-07-03 17:16:30,4,1,2,7
2021-07-03 17:16:31,10,0,5,15
2021-07-03 17:16:32,0,0,3,3
2021-07-03 17:16:33,9,21,4,34
2021-07-03 17:16:36,0,0,1,1
2021-07-03 17:16:37,1,0,1,2
2021-07-03 17:16:38,1,0,2,3
2021-07-03 17:16:40,2,0,3,5
2021-07-03 17:16:42,6,1,5,12
2021-07-03 17:16:43,7,0,5,12
2021-07-03 17:16:44,2,1,1,4
2021-07-03 17:16:45,9,1,4,14
2021-07-03 17:16:46,1,0,1,2
2021-07-03 17:16:47,2,0,2,4
2021-07-03 17:16:48,1,0,1,2
2021-07-03 17:16:49,0,0,1,1
2021-07-03 17:16:50,0,0,1,1
2021-07-03 17:16:51,24,0,4,28
2021-07-03 17:16:52,1,0,3,4
2021-07-03 17:16:53,1,0,3,4
2021-07-03 17:16:54,0,0,1,1
2021-07-03 17:16:55,0,0,1,1
2021-07-03 17:16:56,8,2,3,13
2021-07-03 17:16:57,20,1,4,25
2021-07-03 17:16:58,50,2,18,70
2021-07-03 17:16:59,15,1,4,20
2021-07-03 17:17:00,2,0,3,5
2021-07-03 17:17:01,5,0,6,11
2021-07-03 17:17:04,0,0,2,2
2021-07-03 17:17:05,28,1,7,36
2021-07-03 17:17:08,0,0,1,1
2021-07-03 17:17:09,0,0,1,1
2021-07-03 17:17:10,1309,114,308,1731
2021-07-03 17:17:11,9,0,3,12
2021-07-03 17:17:12,0,0,1,1
2021-07-03 17:17:13,13,0,7,20
2021-07-03 17:17:14,53,1,13,67
2021-07-03 17:17:15,1,0,2,3
2021-07-03 17:17:17,3,1,2,6
2021-07-03 17:17:18,94,3,42,139
2021-07-03 17:17:19,1,0,1,2
2021-07-03 17:17:21,9,0,4,13
2021-07-03 17:17:22,2,0,2,4
2021-07-03 17:17:24,3,1,1,5
2021-07-03 17:17:26,0,0,1,1
2021-07-03 17:17:28,2,0,3,5
2021-07-03 17:17:29,12,0,5,17
2021-07-03 17:17:30,3,0,3,6
2021-07-03 17:17:32,5,0,3,8
2021-07-03 17:17:33,2,0,2,4
2021-07-03 17:17:35,10,0,5,15
2021-07-03 17:17:37,2,0,2,4
2021-07-03 17:17:38,2,0,1,3
2021-07-03 17:17:39,1,0,1,2
2021-07-03 17:17:40,2,0,1,3
2021-07-03 17:17:41,1,0,1,2
2021-07-03 17:17:42,6,0,0,6
2021-07-03 17:17:43,6,0,1,7
2021-07-03 17:17:44,1,0,1,2
2021-07-03 17:17:46,7,0,5,12
2021-07-03 17:17:47,38,0,12,50
2021-07-03 17:17:49,3,0,2,5
2021-07-03 17:17:50,1,0,1,2
2021-07-03 17:17:52,5,0,4,9
2021-07-03 17:17:53,11,0,6,17
2021-07-03 17:17:55,7,0,1,8
2021-07-03 17:17:56,1,0,1,2
2021-07-03 17:17:57,0,0,0,0
2021-07-03 17:17:58,26,0,10,36
2021-07-03 17:18:00,0,0,0,0
2021-07-03 17:18:01,0,0,0,0
2021-07-03 17:18:02,14,0,1,15
2021-07-03 17:18:03,3,0,1,4
2021-07-03 17:18:05,3,0,1,4
2021-07-03 17:18:06,0,0,0,0
2021-07-03 17:18:07,0,0,0,0
2021-07-03 17:18:10,0,0,0,0
2021-07-03 17:18:11,3,0,2,5
2021-07-03 17:18:12,15,0,1,16
2021-07-03 17:18:13,66,1,1,68
2021-07-03 17:18:14,2,0,0,2
2021-07-03 17:18:16,1,0,0,1
2021-07-03 17:18:18,1,0,0,1
2021-07-03 17:18:20,172,6,3,181
2021-07-03 17:18:24,9,0,4,13
2021-07-03 17:18:25,1,0,0,1
2021-07-03 17:18:26,3,0,2,5
2021-07-03 17:18:27,0,0,0,0
2021-07-03 17:18:28,0,0,0,0
2021-07-03 17:18:30,7,1,1,9
2021-07-03 17:18:31,1,0,0,1
2021-07-03 17:18:32,0,0,0,0
2021-07-03 17:18:34,29,0,2,31
2021-07-03 17:18:35,3,0,0,3
2021-07-03 17:18:37,44,0,6,50
2021-07-03 17:18:38,141,3,12,156
2021-07-03 17:18:39,0,0,1,1
2021-07-03 17:18:40,1,0,0,1
2021-07-03 17:18:41,8,0,0,8
2021-07-03 17:18:42,2,0,0,2
2021-07-03 17:18:43,4,1,0,5
2021-07-03 17:18:47,1,0,0,1
2021-07-03 17:18:48,30,0,0,30
2021-07-03 17:18:49,0,0,0,0
2021-07-03 17:18:50,14,1,4,19
2021-07-03 17:18:51,1,0,0,1
2021-07-03 17:18:52,2,0,0,2
2021-07-03 17:18:53,0,0,0,0
2021-07-03 17:18:54,0,0,0,0
2021-07-03 17:18:55,0,0,0,0
2021-07-03 17:18:56,282,6,48,336
2021-07-03 17:18:57,1,0,0,1
2021-07-03 17:18:58,1,0,0,1
2021-07-03 17:19:00,120,15,41,176
2021-07-03 17:19:01,0,0,0,0
2021-07-03 17:19:02,855,19,228,1102
2021-07-03 17:19:04,0,0,0,0
2021-07-03 17:19:07,1,0,0,1
2021-07-03 17:19:08,23,0,4,27
2021-07-03 17:19:09,6,0,1,7
2021-07-03 17:19:10,1,0,0,1
2021-07-03 17:19:12,26,0,3,29
2021-07-03 17:19:13,6,0,0,6
2021-07-03 17:19:14,113,3,18,134
2021-07-03 17:19:15,2,0,0,2
2021-07-03 17:19:16,1,0,0,1
2021-07-03 17:19:17,15,0,7,22
2021-07-03 17:19:18,0,0,0,0
2021-07-03 17:19:20,2,0,0,2
2021-07-03 17:19:21,21,0,2,23
2021-07-03 17:19:22,4,0,0,4
2021-07-03 17:19:23,56,1,0,57
2021-07-03 17:19:24,3,0,0,3
2021-07-03 17:19:29,1,0,0,1
2021-07-03 17:19:31,7,1,1,9
2021-07-03 17:19:35,277,4,37,318
2021-07-03 17:19:36,168,1,14,183
2021-07-03 17:19:40,2,1,0,3
2021-07-03 17:19:41,286,8,22,316
2021-07-03 17:19:42,429,8,108,545
2021-07-03 17:19:43,1,0,0,1
2021-07-03 17:19:44,0,0,0,0
2021-07-03 17:19:45,569,15,111,695
2021-07-03 17:19:46,3,1,0,4
2021-07-03 17:19:47,2,0,1,3
2021-07-03 17:19:49,0,0,0,0
2021-07-03 17:19:50,2,0,1,3
2021-07-03 17:19:52,0,0,0,0
2021-07-03 17:19:53,27,1,4,32
2021-07-03 17:19:54,3,0,0,3
2021-07-03 17:19:55,12,1,4,17
2021-07-03 17:19:58,2,0,1,3
2021-07-03 17:19:59,1,0,0,1
2021-07-03 17:20:00,190,7,45,242
2021-07-03 17:20:01,21,0,4,25
2021-07-03 17:20:02,2,0,0,2
2021-07-03 17:20:06,0,0,0,0
2021-07-03 17:20:07,7,0,1,8
2021-07-03 17:20:10,0,0,0,0
2021-07-03 17:20:14,35,0,7,42
2021-07-03 17:20:16,9,0,4,13
2021-07-03 17:20:18,0,0,0,0
2021-07-03 17:20:19,0,0,0,0
2021-07-03 17:20:20,0,0,0,0
2021-07-03 17:20:21,79,4,23,106
2021-07-03 17:20:23,56,1,7,64
2021-07-03 17:20:25,2,0,0,2
2021-07-03 17:20:26,1,1,0,2
2021-07-03 17:20:28,18,0,2,20
2021-07-03 17:20:29,0,0,0,0
2021-07-03 17:20:30,3,0,2,5
2021-07-03 17:20:31,12,2,1,15
2021-07-03 17:20:33,13,2,3,18
2021-07-03 17:20:34,16,1,7,24
2021-07-03 17:20:35,2,0,0,2
2021-07-03 17:20:37,1,0,1,2
2021-07-03 17:20:38,0,0,0,0
2021-07-03 17:20:39,1,0,0,1
2021-07-03 17:20:40,0,0,0,0
2021-07-03 17:20:41,0,0,1,1
2021-07-03 17:20:42,3,0,0,3
2021-07-03 17:20:44,0,0,0,0
2021-07-03 17:20:48,2,0,0,2
2021-07-03 17:20:49,1,0,0,1
2021-07-03 17:20:50,3,0,1,4
2021-07-03 17:20:53,1,0,0,1
2021-07-03 17:20:54,0,0,0,0
2021-07-03 17:20:55,0,0,0,0
2021-07-03 17:20:56,0,0,0,0
2021-07-03 17:20:57,14,0,4,18
2021-07-03 17:20:59,0,0,0,0
2021-07-03 17:21:00,0,0,0,0
2021-07-03 17:21:01,12,0,0,12
2021-07-03 17:21:02,69,10,26,105
2021-07-03 17:21:03,2,0,0,2
2021-07-03 17:21:04,0,0,0,0
2021-07-03 17:21:06,438,6,113,557
2021-07-03 17:21:07,181,1,47,229
2021-07-03 17:21:08,3,1,1,5
2021-07-03 17:21:10,6,1,0,7
2021-07-03 17:21:11,4,0,0,4
2021-07-03 17:21:12,1,0,0,1
2021-07-03 17:21:13,16,0,6,22
2021-07-03 17:21:14,39,1,10,50
2021-07-03 17:21:15,1,0,0,1
2021-07-03 17:21:17,464,6,69,539
2021-07-03 17:21:18,0,0,0,0
2021-07-03 17:21:20,0,0,0,0
2021-07-03 17:21:21,4,0,1,5
2021-07-03 17:21:22,5,0,0,5
2021-07-03 17:21:24,3,0,0,3
2021-07-03 17:21:27,0,0,0,0
2021-07-03 17:21:28,0,0,0,0
2021-07-03 17:21:29,2,0,0,2
2021-07-03 17:21:30,0,0,0,0
2021-07-03 17:21:31,3,0,1,4
2021-07-03 17:21:33,1,0,0,1
2021-07-03 17:21:34,18,1,7,26
2021-07-03 17:21:35,1,0,0,1
2021-07-03 17:21:36,0,0,0,0
2021-07-03 17:21:39,13,0,7,20
2021-07-03 17:21:40,259,7,31,297
2021-07-03 17:21:41,2,0,0,2
2021-07-03 17:21:42,4,0,0,4
2021-07-03 17:21:43,3,0,0,3
2021-07-03 17:21:44,0,0,0,0
2021-07-03 17:21:46,0,0,0,0
2021-07-03 17:21:47,4,0,0,4
2021-07-03 17:21:48,3,0,0,3
2021-07-03 17:21:49,1,0,0,1
2021-07-03 17:21:50,0,0,0,0
2021-07-03 17:21:53,2400,26,479,2905
2021-07-03 17:21:55,1,0,0,1
2021-07-03 17:21:56,2,0,0,2
2021-07-03 17:21:58,313,3,25,341
2021-07-03 17:21:59,3,0,0,3
2021-07-03 17:22:00,2,0,1,3
2021-07-03 17:22:01,14,0,9,23
2021-07-03 17:22:02,0,0,0,0
2021-07-03 17:22:04,5,0,0,5
2021-07-03 17:22:05,1,0,0,1
2021-07-03 17:22:06,27237,377,3462,31076
2021-07-03 17:22:07,1,0,0,1
2021-07-03 17:22:08,0,0,0,0
2021-07-03 17:22:09,1,1,0,2
2021-07-03 17:22:10,21,2,6,29
2021-07-03 17:22:12,2,0,0,2
2021-07-03 17:22:13,2,0,0,2
2021-07-03 17:22:14,0,0,0,0
2021-07-03 17:22:15,0,0,0,0
2021-07-03 17:22:16,4,0,2,6
2021-07-03 17:22:17,94,4,38,136
2021-07-03 17:22:19,6,1,0,7
2021-07-03 17:22:21,283,2,27,312
2021-07-03 17:22:22,0,0,0,0
2021-07-03 17:22:23,11,0,0,11
2021-07-03 17:22:25,2,0,0,2
2021-07-03 17:22:28,0,0,1,1
2021-07-03 17:22:31,2,0,2,4
2021-07-03 17:22:32,0,0,0,0
2021-07-03 17:22:34,0,0,0,0
2021-07-03 17:22:36,1,0,0,1
2021-07-03 17:22:37,1,0,0,1
2021-07-03 17:22:40,1210,18,80,1308
2021-07-03 17:22:41,0,0,0,0
2021-07-03 17:22:44,6,0,0,6
2021-07-03 17:22:46,0,0,0,0
2021-07-03 17:22:48,7,1,1,9
2021-07-03 17:22:49,1,0,0,1
2021-07-03 17:22:51,238,12,43,293
2021-07-03 17:22:52,0,0,0,0
2021-07-03 17:22:53,0,0,0,0
2021-07-03 17:22:54,31,0,5,36
2021-07-03 17:22:55,483,8,116,607
2021-07-03 17:22:56,2,0,2,4
2021-07-03 17:22:58,29,0,9,38
2021-07-03 17:23:00,22,1,1,24
2021-07-03 17:23:01,36,0,12,48
2021-07-03 17:23:02,3,0,0,3
2021-07-03 17:23:03,0,0,0,0
2021-07-03 17:23:04,6,0,1,7
2021-07-03 17:23:09,0,0,0,0
2021-07-03 17:23:10,1,0,0,1
2021-07-03 17:23:11,34,1,2,37
2021-07-03 17:23:12,352,5,24,381
2021-07-03 17:23:14,0,0,0,0
2021-07-03 17:23:15,10,1,3,14
2021-07-03 17:23:17,2,0,0,2
2021-07-03 17:23:18,4,0,1,5
2021-07-03 17:23:19,2,0,0,2
2021-07-03 17:23:20,2817,38,261,3116
2021-07-03 17:23:21,0,0,2,2
2021-07-03 17:23:22,0,0,0,0
2021-07-03 17:23:23,1,0,0,1
2021-07-03 17:23:25,0,0,0,0
2021-07-03 17:23:26,0,0,0,0
2021-07-03 17:23:28,2,0,1,3
2021-07-03 17:23:29,0,0,0,0
2021-07-03 17:23:30,1,0,0,1
2021-07-03 17:23:31,0,0,0,0
2021-07-03 17:23:32,2,0,0,2
2021-07-03 17:23:33,1,0,2,3
2021-07-03 17:23:34,0,0,0,0
2021-07-03 17:23:35,18,2,0,20
2021-07-03 17:23:36,17,0,1,18
2021-07-03 17:23:37,1,0,0,1
2021-07-03 17:23:38,4,0,1,5
2021-07-03 17:23:39,1,0,0,1
2021-07-03 17:23:41,1,0,0,1
2021-07-03 17:23:43,0,0,0,0
2021-07-03 17:23:45,53,0,16,69
2021-07-03 17:23:46,0,0,0,0
2021-07-03 17:23:47,3,1,0,4
2021-07-03 17:23:48,3,0,0,3
2021-07-03 17:23:49,2,0,0,2
2021-07-03 17:23:52,1,0,0,1
2021-07-03 17:23:53,16,0,4,20
2021-07-03 17:23:54,91,1,6,98
2021-07-03 17:23:55,2,0,0,2
2021-07-03 17:23:56,0,0,0,0
2021-07-03 17:23:57,1,0,0,1
2021-07-03 17:23:58,2,0,0,2
2021-07-03 17:23:59,0,0,0,0
2021-07-03 17:24:00,3,0,0,3
2021-07-03 17:24:01,3,0,1,4
2021-07-03 17:24:02,39,1,1,41
2021-07-03 17:24:03,124,4,32,160
2021-07-03 17:24:05,3,0,0,3
2021-07-03 17:24:06,2,0,0,2
2021-07-03 17:24:08,2,0,0,2
2021-07-03 17:24:09,4,1,1,6
2021-07-03 17:24:10,9,0,0,9
2021-07-03 17:24:11,11,0,1,12
2021-07-03 17:24:12,4,0,1,5
2021-07-03 17:24:13,0,1,0,1
2021-07-03 17:24:14,0,0,0,0
2021-07-03 17:24:15,0,0,0,0
2021-07-03 17:24:16,0,0,0,0
2021-07-03 17:24:18,1,0,0,1
2021-07-03 17:24:19,0,0,0,0
2021-07-03 17:24:20,0,0,0,0
2021-07-03 17:24:21,1,0,0,1
2021-07-03 17:24:22,0,0,0,0
2021-07-03 17:24:23,76,3,12,91
2021-07-03 17:24:24,6,1,2,9
2021-07-03 17:24:25,141,8,12,161
2021-07-03 17:24:26,0,0,0,0
2021-07-03 17:24:27,0,0,1,1
2021-07-03 17:24:28,2,0,0,2
2021-07-03 17:24:29,1,0,0,1
2021-07-03 17:24:30,6,0,1,7
2021-07-03 17:24:31,0,0,0,0
2021-07-03 17:24:32,57,0,6,63
2021-07-03 17:24:33,4,0,0,4
2021-07-03 17:24:34,32,1,16,49
2021-07-03 17:24:36,7,0,1,8
2021-07-03 17:24:38,0,0,0,0
2021-07-03 17:24:39,5,0,1,6
2021-07-03 17:24:40,5,0,4,9
2021-07-03 17:24:41,0,0,0,0
2021-07-03 17:24:43,1,0,1,2
2021-07-03 17:24:44,0,0,0,0
2021-07-03 17:24:45,0,0,0,0
2021-07-03 17:24:46,1,0,0,1
2021-07-03 17:24:47,1,0,0,1
2021-07-03 17:24:48,0,0,0,0
2021-07-03 17:24:49,2,0,0,2
2021-07-03 17:24:50,1,0,0,1
2021-07-03 17:24:51,2,0,0,2
2021-07-03 17:24:52,0,0,0,0
2021-07-03 17:24:53,45,1,10,56
2021-07-03 17:24:54,0,0,0,0
2021-07-03 17:24:55,87,2,30,119
2021-07-03 17:24:57,0,0,0,0
2021-07-03 17:24:58,65,2,14,81
2021-07-03 17:25:00,2,0,0,2
2021-07-03 17:25:01,2,0,0,2
2021-07-03 17:25:02,0,0,0,0
2021-07-03 17:25:05,12,1,0,13
2021-07-03 17:25:06,1,0,1,2
2021-07-03 17:25:07,0,0,1,1
2021-07-03 17:25:09,32,3,7,42
2021-07-03 17:25:10,0,0,0,0
2021-07-03 17:25:11,0,0,0,0
2021-07-03 17:25:13,1,0,1,2
2021-07-03 17:25:14,2,0,2,4
2021-07-03 17:25:16,2,0,1,3
2021-07-03 17:25:17,43,0,11,54
2021-07-03 17:25:19,3,2,2,7
2021-07-03 17:25:20,38,0,13,51
2021-07-03 17:25:21,0,0,0,0
2021-07-03 17:25:22,218,5,37,260
2021-07-03 17:25:23,967,13,224,1204
2021-07-03 17:25:24,0,0,1,1
2021-07-03 17:25:25,2,0,1,3
2021-07-03 17:25:26,4,0,0,4
2021-07-03 17:25:27,3,0,1,4
2021-07-03 17:25:28,0,0,0,0
2021-07-03 17:25:29,2,1,0,3
2021-07-03 17:25:30,0,0,0,0
2021-07-03 17:25:32,3,1,3,7
2021-07-03 17:25:33,2,0,0,2
2021-07-03 17:25:34,3,0,1,4
2021-07-03 17:25:35,6,1,3,10
2021-07-03 17:25:37,1,0,1,2
2021-07-03 17:25:38,20,0,0,20
2021-07-03 17:25:41,1,0,1,2
2021-07-03 17:25:44,36,3,7,46
2021-07-03 17:25:45,18,0,4,22
2021-07-03 17:25:47,39,1,11,51
2021-07-03 17:25:48,5,2,5,12
2021-07-03 17:25:50,0,0,0,0
2021-07-03 17:25:51,50,0,3,53
2021-07-03 17:25:52,223,3,41,267
2021-07-03 17:25:53,29,0,3,32
2021-07-03 17:25:54,0,0,0,0
2021-07-03 17:25:55,0,0,0,0
2021-07-03 17:25:56,16,0,8,24
2021-07-03 17:25:57,2,0,0,2
2021-07-03 17:25:58,0,0,0,0
2021-07-03 17:26:00,0,0,1,1
2021-07-03 17:26:04,4,1,1,6
2021-07-03 17:26:05,2,0,1,3
2021-07-03 17:26:06,19,0,1,20
2021-07-03 17:26:07,0,0,0,0
2021-07-03 17:26:09,19,0,6,25
2021-07-03 17:26:11,48,2,21,71
2021-07-03 17:26:12,0,0,0,0
2021-07-03 17:26:15,12,0,4,16
2021-07-03 17:26:16,30,0,7,37
2021-07-03 17:26:19,1,0,1,2
2021-07-03 17:26:20,15,1,1,17
2021-07-03 17:26:21,55,0,7,62
2021-07-03 17:26:23,106,10,32,148
2021-07-03 17:26:24,5,0,1,6
2021-07-03 17:26:25,4,0,3,7
2021-07-03 17:26:26,4,0,2,6
2021-07-03 17:26:28,23,0,0,23
2021-07-03 17:26:29,6,1,1,8
2021-07-03 17:26:30,0,0,1,1
2021-07-03 17:26:32,0,0,0,0
2021-07-03 17:26:33,0,0,0,0
2021-07-03 17:26:34,1,0,0,1
2021-07-03 17:26:35,1,0,1,2
2021-07-03 17:26:37,0,0,0,0
2021-07-03 17:26:38,4,1,3,8
2021-07-03 17:26:40,2,0,1,3
2021-07-03 17:26:42,5,0,2,7
2021-07-03 17:26:43,1,0,1,2
2021-07-03 17:26:45,0,0,0,0
2021-07-03 17:26:46,15,0,4,19
2021-07-03 17:26:47,2,0,0,2
2021-07-03 17:26:48,1254,34,348,1636
2021-07-03 17:26:49,7,0,3,10
2021-07-03 17:26:51,2,0,0,2
2021-07-03 17:26:52,0,0,0,0
2021-07-03 17:26:53,4,0,3,7
2021-07-03 17:26:54,1,0,1,2
2021-07-03 17:26:56,10,0,2,12
2021-07-03 17:27:00,3,0,1,4
2021-07-03 17:27:01,1,0,1,2
2021-07-03 17:27:03,6,0,0,6
2021-07-03 17:27:04,3,0,3,6
2021-07-03 17:27:05,3,0,2,5
2021-07-03 17:27:06,1,0,0,1
2021-07-03 17:27:07,4,0,3,7
2021-07-03 17:27:08,4,0,1,5
2021-07-03 17:27:09,11,0,0,11
2021-07-03 17:27:10,1,0,1,2
2021-07-03 17:27:11,3,0,1,4
2021-07-03 17:27:12,2,0,0,2
2021-07-03 17:27:13,1,0,1,2
2021-07-03 17:27:14,10,0,5,15
2021-07-03 17:27:15,1,0,0,1
2021-07-03 17:27:16,2,0,1,3
2021-07-03 17:27:17,1,0,0,1
2021-07-03 17:27:18,40,2,13,55
2021-07-03 17:27:19,269,15,31,315
2021-07-03 17:27:21,0,0,0,0
2021-07-03 17:27:23,5,0,2,7
2021-07-03 17:27:24,12,0,3,15
2021-07-03 17:27:25,6,0,0,6
2021-07-03 17:27:27,25,1,9,35
2021-07-03 17:27:30,14,0,3,17
2021-07-03 17:27:31,3,1,0,4
2021-07-03 17:27:32,1,0,1,2
2021-07-03 17:27:33,1,0,0,1
2021-07-03 17:27:34,4,0,3,7
2021-07-03 17:27:35,12,0,5,17
2021-07-03 17:27:38,4,0,1,5
2021-07-03 17:27:40,91,0,23,114
2021-07-03 17:27:41,15,0,5,20
2021-07-03 17:27:42,2,0,0,2
2021-07-03 17:27:43,1,0,0,1
2021-07-03 17:27:44,9,0,2,11
2021-07-03 17:27:45,1,0,0,1
2021-07-03 17:27:46,19,1,6,26
2021-07-03 17:27:47,9,0,2,11
2021-07-03 17:27:48,3141,88,651,3880
2021-07-03 17:27:49,0,0,1,1
2021-07-03 17:27:50,2,0,1,3
2021-07-03 17:27:51,2,0,0,2
2021-07-03 17:27:52,3,0,1,4
2021-07-03 17:27:53,42,0,15,57
2021-07-03 17:27:55,2,1,0,3
2021-07-03 17:27:56,2,0,1,3
2021-07-03 17:27:57,4,0,2,6
2021-07-03 17:27:58,0,0,0,0
2021-07-03 17:28:00,4,0,2,6
2021-07-03 17:28:02,3,0,2,5
2021-07-03 17:28:03,3917,79,273,4269
2021-07-03 17:28:04,7,0,1,8
2021-07-03 17:28:08,2,0,0,2
2021-07-03 17:28:09,1,0,0,1
2021-07-03 17:28:10,2,0,0,2
2021-07-03 17:28:11,0,0,0,0
2021-07-03 17:28:12,3,0,0,3
2021-07-03 17:28:14,5,0,2,7
2021-07-03 17:28:15,0,0,0,0
2021-07-03 17:28:16,2,0,1,3
2021-07-03 17:28:20,0,0,0,0
2021-07-03 17:28:21,202,1,42,245
2021-07-03 17:28:22,37,2,8,47
2021-07-03 17:28:23,746,10,132,888
2021-07-03 17:28:24,7,0,2,9
2021-07-03 17:28:26,8,0,2,10
2021-07-03 17:28:27,6,0,2,8
2021-07-03 17:28:28,0,0,0,0
2021-07-03 17:28:29,57,1,27,85
2021-07-03 17:28:30,0,0,0,0
2021-07-03 17:28:31,1,0,0,1
2021-07-03 17:28:33,1,0,0,1
2021-07-03 17:28:35,0,0,0,0
2021-07-03 17:28:36,182,4,6,192
2021-07-03 17:28:37,23,0,4,27
2021-07-03 17:28:38,8,0,0,8
2021-07-03 17:28:39,12,0,2,14
2021-07-03 17:28:41,22,1,6,29
2021-07-03 17:28:42,288,7,36,331
2021-07-03 17:28:43,29,0,2,31
2021-07-03 17:28:46,0,0,0,0
2021-07-03 17:28:48,1,0,0,1
2021-07-03 17:28:49,2,0,0,2
2021-07-03 17:28:50,0,0,0,0
2021-07-03 17:28:51,0,0,0,0
2021-07-03 17:28:52,0,0,0,0
2021-07-03 17:28:53,117,1,20,138
2021-07-03 17:28:56,2,0,0,2
2021-07-03 17:28:57,1,1,0,2
2021-07-03 17:28:59,26,1,0,27
2021-07-03 17:29:00,1,0,0,1
2021-07-03 17:29:02,4,0,2,6
2021-07-03 17:29:04,85,2,7,94
2021-07-03 17:29:06,2,0,0,2
2021-07-03 17:29:07,3,0,0,3
2021-07-03 17:29:09,0,0,0,0
2021-07-03 17:29:10,1,0,1,2
2021-07-03 17:29:11,1,0,1,2
2021-07-03 17:29:14,1,0,0,1
2021-07-03 17:29:15,11,1,0,12
2021-07-03 17:29:16,10,0,3,13
2021-07-03 17:29:17,6,0,1,7
2021-07-03 17:29:18,1,0,0,1
2021-07-03 17:29:19,646,14,126,786
2021-07-03 17:29:20,0,0,1,1
2021-07-03 17:29:21,2,0,0,2
2021-07-03 17:29:22,0,0,0,0
2021-07-03 17:29:23,208,2,16,226
2021-07-03 17:29:25,1,0,0,1
2021-07-03 17:29:26,0,0,0,0
2021-07-03 17:29:28,1660,70,324,2054
2021-07-03 17:29:29,8,0,0,8
2021-07-03 17:29:30,114,3,34,151
2021-07-03 17:29:31,18,0,5,23
2021-07-03 17:29:32,2,0,0,2
2021-07-03 17:29:33,64,1,4,69
2021-07-03 17:29:34,10,0,0,10
2021-07-03 17:29:35,77,2,17,96
2021-07-03 17:29:36,6,0,0,6
2021-07-03 17:29:37,3,0,0,3
2021-07-03 17:29:40,0,0,1,1
2021-07-03 17:29:41,9,0,2,11
2021-07-03 17:29:42,2,0,1,3
2021-07-03 17:29:44,34,0,15,49
2021-07-03 17:29:45,1,0,0,1
2021-07-03 17:29:46,1,0,0,1
2021-07-03 17:29:49,4,0,0,4
2021-07-03 17:29:51,6,1,1,8
2021-07-03 17:29:52,0,0,0,0
2021-07-03 17:29:53,3,0,0,3
2021-07-03 17:29:54,157,13,24,194
2021-07-03 17:29:55,15,2,5,22
2021-07-03 17:29:56,0,0,0,0
2021-07-03 17:29:57,8,0,6,14
2021-07-03 17:29:58,1,0,0,1
2021-07-03 17:29:59,0,0,0,0
2021-07-03 17:30:00,170,4,51,225
2021-07-03 17:30:01,56,1,7,64
2021-07-03 17:30:02,0,0,0,0
2021-07-03 17:30:03,2,0,2,4
2021-07-03 17:30:04,1,0,0,1
2021-07-03 17:30:08,1,0,0,1
2021-07-03 17:30:09,1,0,0,1
2021-07-03 17:30:10,668,16,116,800
2021-07-03 17:30:11,202,2,17,221
2021-07-03 17:30:12,3,0,1,4
2021-07-03 17:30:13,0,0,0,0
2021-07-03 17:30:14,0,0,0,0
2021-07-03 17:30:15,24,2,2,28
2021-07-03 17:30:16,1,0,0,1
2021-07-03 17:30:18,9,1,0,10
2021-07-03 17:30:19,0,0,0,0
2021-07-03 17:30:20,0,0,0,0
2021-07-03 17:30:22,0,0,0,0
2021-07-03 17:30:24,2,0,0,2
2021-07-03 17:30:25,109,4,16,129
2021-07-03 17:30:26,3,0,0,3
2021-07-03 17:30:27,5,1,0,6
2021-07-03 17:30:28,0,0,0,0
2021-07-03 17:30:29,1,0,0,1
2021-07-03 17:30:31,1671,22,60,1753
2021-07-03 17:30:32,3,0,0,3
2021-07-03 17:30:33,1,0,0,1
2021-07-03 17:30:34,1,0,0,1
2021-07-03 17:30:36,2,0,0,2
2021-07-03 17:30:37,6,0,0,6
2021-07-03 17:30:38,15,1,2,18
2021-07-03 17:30:39,151,8,13,172
2021-07-03 17:30:40,5,1,2,8
2021-07-03 17:30:41,87,1,11,99
2021-07-03 17:30:42,40,0,8,48
2021-07-03 17:30:43,20,1,4,25
2021-07-03 17:30:44,0,0,0,0
2021-07-03 17:30:45,1,0,1,2
2021-07-03 17:30:46,0,0,0,0
2021-07-03 17:30:47,0,0,0,0
2021-07-03 17:30:52,11,0,0,11
2021-07-03 17:30:55,0,0,0,0
2021-07-03 17:30:56,9,0,3,12
2021-07-03 17:30:57,0,0,0,0
2021-07-03 17:30:58,0,0,0,0
2021-07-03 17:30:59,0,0,0,0
2021-07-03 17:31:00,5,0,0,5
2021-07-03 17:31:03,4,0,0,4
2021-07-03 17:31:04,1,0,0,1
2021-07-03 17:31:05,0,0,0,0
2021-07-03 17:31:06,7,0,0,7
2021-07-03 17:31:07,12,0,0,12
2021-07-03 17:31:08,2,0,1,3
2021-07-03 17:31:09,1281,20,238,1539
2021-07-03 17:31:10,8,0,1,9
2021-07-03 17:31:12,23,0,1,24
2021-07-03 17:31:13,0,0,0,0
2021-07-03 17:31:15,38,1,7,46
2021-07-03 17:31:16,0,0,0,0
2021-07-03 17:31:18,38,0,4,42
2021-07-03 17:31:20,0,0,0,0
2021-07-03 17:31:21,0,0,0,0
2021-07-03 17:31:22,1,0,1,2
2021-07-03 17:31:23,9,0,0,9
2021-07-03 17:31:24,0,0,0,0
2021-07-03 17:31:25,6,0,1,7
2021-07-03 17:31:26,3,0,1,4
2021-07-03 17:31:27,43,0,4,47
2021-07-03 17:31:28,5,0,0,5
2021-07-03 17:31:30,2,0,0,2
2021-07-03 17:31:31,8,0,1,9
2021-07-03 17:31:32,1,0,1,2
2021-07-03 17:31:33,1,0,0,1
2021-07-03 17:31:34,2,0,0,2
2021-07-03 17:31:35,15,1,1,17
2021-07-03 17:31:36,2,0,0,2
2021-07-03 17:31:37,1,0,0,1
2021-07-03 17:31:38,1,0,0,1
2021-07-03 17:31:39,3,0,0,3
2021-07-03 17:31:41,2,0,0,2
2021-07-03 17:31:42,3,0,0,3
2021-07-03 17:31:43,2,0,0,2
2021-07-03 17:31:44,1,0,0,1
2021-07-03 17:31:45,9,0,1,10
2021-07-03 17:31:46,2,0,0,2
2021-07-03 17:31:47,0,0,0,0
2021-07-03 17:31:48,0,0,0,0
2021-07-03 17:31:49,9,1,0,10
2021-07-03 17:31:51,2505,101,514,3120
2021-07-03 17:31:52,10457,295,1688,12440
2021-07-03 17:31:55,1,0,0,1
2021-07-03 17:31:56,17,3,6,26
2021-07-03 17:31:57,3,0,0,3
2021-07-03 17:31:58,9,0,0,9
2021-07-03 17:31:59,4,0,2,6
2021-07-03 17:32:00,29,1,0,30
2021-07-03 17:32:01,8,0,2,10
2021-07-03 17:32:06,1,0,0,1
2021-07-03 17:32:07,10,0,1,11
2021-07-03 17:32:08,13,1,2,16
2021-07-03 17:32:09,1,1,0,2
2021-07-03 17:32:11,1,0,0,1
2021-07-03 17:32:12,11,0,4,15
2021-07-03 17:32:13,629,22,100,751
2021-07-03 17:32:14,0,0,0,0
2021-07-03 17:32:15,8,1,0,9
2021-07-03 17:32:19,522,14,142,678
2021-07-03 17:32:21,1,0,0,1
2021-07-03 17:32:22,6,1,1,8
2021-07-03 17:32:23,7,0,2,9
2021-07-03 17:32:24,0,0,0,0
2021-07-03 17:32:25,11,0,3,14
2021-07-03 17:32:27,4,0,0,4
2021-07-03 17:32:28,50,1,13,64
2021-07-03 17:32:29,2,2,0,4
2021-07-03 17:32:30,6,0,1,7
2021-07-03 17:32:31,285,3,57,345
2021-07-03 17:32:33,1,0,0,1
2021-07-03 17:32:35,13,0,0,13
2021-07-03 17:32:36,6,0,0,6
2021-07-03 17:32:38,0,0,0,0
2021-07-03 17:32:41,1,0,0,1
2021-07-03 17:32:42,2,0,2,4
2021-07-03 17:32:44,11,1,0,12
2021-07-03 17:32:45,1,0,0,1
2021-07-03 17:32:46,1,0,0,1
2021-07-03 17:32:47,10,1,1,12
2021-07-03 17:32:48,6,0,0,6
2021-07-03 17:32:49,2,0,1,3
2021-07-03 17:32:50,1,0,0,1
2021-07-03 17:32:51,13,0,5,18
2021-07-03 17:32:52,0,0,0,0
2021-07-03 17:32:53,648,14,90,752
2021-07-03 17:32:55,1842,108,264,2214
2021-07-03 17:32:57,1,0,0,1
2021-07-03 17:32:58,13,0,3,16
2021-07-03 17:33:00,9,0,0,9
2021-07-03 17:33:02,4,0,0,4
2021-07-03 17:33:03,2,0,0,2
2021-07-03 17:33:04,1,0,0,1
2021-07-03 17:33:05,1,0,0,1
2021-07-03 17:33:06,1,0,0,1
2021-07-03 17:33:08,0,0,0,0
2021-07-03 17:33:09,3,0,0,3
2021-07-03 17:33:11,0,0,0,0
2021-07-03 17:33:12,14,1,1,16
2021-07-03 17:33:13,0,0,0,0
2021-07-03 17:33:15,1,0,1,2
2021-07-03 17:33:16,14,0,6,20
2021-07-03 17:33:18,2,0,1,3
2021-07-03 17:33:19,1,0,0,1
2021-07-03 17:33:20,16,1,1,18
2021-07-03 17:33:21,2,0,0,2
2021-07-03 17:33:22,1,0,0,1
2021-07-03 17:33:23,0,0,0,0
2021-07-03 17:33:24,2,0,0,2
2021-07-03 17:33:25,13,0,3,16
2021-07-03 17:33:26,4,0,2,6
2021-07-03 17:33:27,8,0,3,11
2021-07-03 17:33:28,1,0,1,2
2021-07-03 17:33:29,2,0,0,2
2021-07-03 17:33:30,16,0,7,23
2021-07-03 17:33:32,2,0,1,3
2021-07-03 17:33:33,0,0,0,0
2021-07-03 17:33:36,3,0,1,4
2021-07-03 17:33:38,11,0,3,14
2021-07-03 17:33:40,2,0,0,2
2021-07-03 17:33:42,1,0,0,1
2021-07-03 17:33:44,2934,26,189,3149
2021-07-03 17:33:45,1,0,0,1
2021-07-03 17:33:46,3,0,0,3
2021-07-03 17:33:47,121,1,8,130
2021-07-03 17:33:48,0,0,0,0
2021-07-03 17:33:49,1,0,0,1
2021-07-03 17:33:51,134,1,33,168
2021-07-03 17:33:52,10,0,4,14
2021-07-03 17:33:53,0,0,0,0
2021-07-03 17:33:54,0,0,0,0
2021-07-03 17:33:56,56,2,13,71
2021-07-03 17:33:57,0,0,0,0
2021-07-03 17:33:59,0,0,0,0
2021-07-03 17:34:00,9,0,1,10
2021-07-03 17:34:01,21,0,1,22
2021-07-03 17:34:02,3,0,0,3
2021-07-03 17:34:03,0,0,1,1
2021-07-03 17:34:04,2,0,1,3
2021-07-03 17:34:05,10,0,0,10
2021-07-03 17:34:06,2,0,0,2
2021-07-03 17:34:07,45,1,11,57
2021-07-03 17:34:08,2,1,0,3
2021-07-03 17:34:09,0,0,0,0
2021-07-03 17:34:11,43,0,2,45
2021-07-03 17:34:13,4,0,0,4
2021-07-03 17:34:14,0,0,0,0
2021-07-03 17:34:15,1,0,0,1
2021-07-03 17:34:16,1,0,0,1
2021-07-03 17:34:17,3,0,0,3
2021-07-03 17:34:18,141,2,28,171
2021-07-03 17:34:19,0,0,0,0
2021-07-03 17:34:21,10,1,1,12
2021-07-03 17:34:22,0,0,0,0
2021-07-03 17:34:23,0,0,0,0
2021-07-03 17:34:24,7,0,1,8
2021-07-03 17:34:25,1,0,0,1
2021-07-03 17:34:26,2,0,0,2
2021-07-03 17:34:27,11,0,1,12
2021-07-03 17:34:29,204,4,46,254
2021-07-03 17:34:30,1,0,0,1
2021-07-03 17:34:32,46,1,6,53
2021-07-03 17:34:34,1,0,1,2
2021-07-03 17:34:35,2,0,1,3
2021-07-03 17:34:36,7,0,0,7
2021-07-03 17:34:37,0,0,0,0
2021-07-03 17:34:38,5,0,0,5
2021-07-03 17:34:39,1,0,0,1
2021-07-03 17:34:41,297,16,16,329
2021-07-03 17:34:42,0,0,0,0
2021-07-03 17:34:43,1,0,1,2
2021-07-03 17:34:45,0,0,0,0
2021-07-03 17:34:46,0,0,0,0
2021-07-03 17:34:47,13,0,3,16
2021-07-03 17:34:48,27,0,2,29
2021-07-03 17:34:50,5740,58,848,6646
2021-07-03 17:34:51,39,4,4,47
2021-07-03 17:34:52,37,1,0,38
2021-07-03 17:34:53,1,0,0,1
2021-07-03 17:34:54,116,1,17,134
2021-07-03 17:34:55,2,0,1,3
2021-07-03 17:34:56,0,0,0,0
2021-07-03 17:34:57,0,0,0,0
2021-07-03 17:34:59,565,35,21,621
2021-07-03 17:35:00,2,0,1,3
2021-07-03 17:35:01,30,0,2,32
2021-07-03 17:35:03,0,0,0,0
2021-07-03 17:35:04,1,0,0,1
2021-07-03 17:35:05,38,0,2,40
2021-07-03 17:35:06,58,3,15,76
2021-07-03 17:35:07,4,0,0,4
2021-07-03 17:35:08,2,0,0,2
2021-07-03 17:35:09,1,0,0,1
2021-07-03 17:35:10,7,0,1,8
2021-07-03 17:35:11,247,9,72,328
2021-07-03 17:35:12,0,0,0,0
2021-07-03 17:35:13,1,1,0,2
2021-07-03 17:35:14,98,2,21,121
2021-07-03 17:35:15,5,0,0,5
2021-07-03 17:35:16,247,9,50,306
2021-07-03 17:35:18,0,0,0,0
2021-07-03 17:35:19,68,10,11,89
2021-07-03 17:35:20,2,0,2,4
2021-07-03 17:35:21,1,0,0,1
2021-07-03 17:35:23,7835,23,500,8358
2021-07-03 17:35:24,4,0,0,4
2021-07-03 17:35:25,0,0,0,0
2021-07-03 17:35:27,0,0,0,0
2021-07-03 17:35:28,9,0,0,9
2021-07-03 17:35:30,6513,81,1039,7633
2021-07-03 17:35:31,26,1,6,33
2021-07-03 17:35:32,2,0,0,2
2021-07-03 17:35:33,1,0,0,1
2021-07-03 17:35:34,32,0,6,38
2021-07-03 17:35:35,38,0,6,44
2021-07-03 17:35:36,74,1,10,85
2021-07-03 17:35:38,0,0,0,0
2021-07-03 17:35:40,0,0,0,0
2021-07-03 17:35:42,2,0,0,2
2021-07-03 17:35:43,0,0,0,0
2021-07-03 17:35:44,49,2,16,67
2021-07-03 17:35:45,932,22,229,1183
2021-07-03 17:35:47,17,0,3,20
2021-07-03 17:35:48,0,0,0,0
2021-07-03 17:35:49,1,2,0,3
2021-07-03 17:35:50,2,0,0,2
2021-07-03 17:35:51,1857,44,295,2196
2021-07-03 17:35:52,0,0,0,0
2021-07-03 17:35:53,0,0,0,0
2021-07-03 17:35:54,0,0,0,0
2021-07-03 17:35:55,3,0,0,3
2021-07-03 17:35:56,1,0,0,1
2021-07-03 17:35:57,0,0,0,0
2021-07-03 17:35:58,2,0,0,2
2021-07-03 17:35:59,8,2,0,10
2021-07-03 17:36:00,31,1,5,37
2021-07-03 17:36:01,0,0,0,0
2021-07-03 17:36:03,0,0,0,0
2021-07-03 17:36:04,3,0,1,4
2021-07-03 17:36:05,113,2,24,139
2021-07-03 17:36:06,0,0,0,0
2021-07-03 17:36:07,3,0,0,3
2021-07-03 17:36:08,2,0,0,2
2021-07-03 17:36:09,1,0,0,1
2021-07-03 17:36:10,0,0,0,0
2021-07-03 17:36:11,5,0,0,5
2021-07-03 17:36:12,96,0,13,109
2021-07-03 17:36:13,2,0,0,2
2021-07-03 17:36:14,3,0,2,5
2021-07-03 17:36:15,0,0,0,0
2021-07-03 17:36:16,99,1,16,116
2021-07-03 17:36:17,0,0,0,0
2021-07-03 17:36:19,15,1,0,16
2021-07-03 17:36:20,5,2,0,7
2021-07-03 17:36:22,8,1,0,9
2021-07-03 17:36:23,13,2,2,17
2021-07-03 17:36:25,0,1,0,1
2021-07-03 17:36:26,0,1,0,1
2021-07-03 17:36:27,3,4,2,9
2021-07-03 17:36:28,0,1,0,1
2021-07-03 17:36:29,117,1,24,142
2021-07-03 17:36:30,1668,32,256,1956
2021-07-03 17:36:31,2,2,0,4
2021-07-03 17:36:32,11,1,0,12
2021-07-03 17:36:35,46,2,6,54
2021-07-03 17:36:36,0,0,0,0
2021-07-03 17:36:37,15,0,15,30
2021-07-03 17:36:38,2,0,0,2
2021-07-03 17:36:40,1,0,0,1
2021-07-03 17:36:41,1,0,1,2
2021-07-03 17:36:42,2,0,0,2
2021-07-03 17:36:43,54,2,19,75
2021-07-03 17:36:48,0,0,0,0
2021-07-03 17:36:50,726,15,132,873
2021-07-03 17:36:51,4,1,0,5
2021-07-03 17:36:52,971,8,166,1145
2021-07-03 17:36:53,0,0,1,1
2021-07-03 17:36:54,0,0,0,0
2021-07-03 17:36:56,1,0,0,1
2021-07-03 17:36:57,238,4,64,306
2021-07-03 17:36:58,99,5,13,117
2021-07-03 17:36:59,0,0,0,0
2021-07-03 17:37:00,1,0,1,2
2021-07-03 17:37:02,2,0,1,3
2021-07-03 17:37:03,1,0,0,1
2021-07-03 17:37:04,0,0,0,0
2021-07-03 17:37:06,1,0,0,1
2021-07-03 17:37:07,10,0,4,14
2021-07-03 17:37:09,12,0,4,16
2021-07-03 17:37:11,1,0,0,1
2021-07-03 17:37:12,17,0,6,23
2021-07-03 17:37:13,3,1,0,4
2021-07-03 17:37:14,1,0,0,1
2021-07-03 17:37:17,1,1,1,3
2021-07-03 17:37:18,0,0,0,0
2021-07-03 17:37:19,2,0,0,2
2021-07-03 17:37:20,1,0,2,3
2021-07-03 17:37:21,90,2,34,126
2021-07-03 17:37:22,77,3,13,93
2021-07-03 17:37:24,0,0,0,0
2021-07-03 17:37:25,589,12,89,690
2021-07-03 17:37:26,2,0,0,2
2021-07-03 17:37:27,633,27,163,823
2021-07-03 17:37:28,6,0,2,8
2021-07-03 17:37:30,744,6,102,852
2021-07-03 17:37:31,3,1,1,5
2021-07-03 17:37:33,0,0,1,1
2021-07-03 17:37:34,2,0,0,2
2021-07-03 17:37:35,2,0,1,3
2021-07-03 17:37:36,5,0,2,7
2021-07-03 17:37:38,0,0,0,0
2021-07-03 17:37:39,0,0,0,0
2021-07-03 17:37:40,0,0,0,0
2021-07-03 17:37:41,12,0,4,16
2021-07-03 17:37:42,1,0,0,1
2021-07-03 17:37:43,476,6,76,558
2021-07-03 17:37:45,1678,22,174,1874
2021-07-03 17:37:47,0,0,0,0
2021-07-03 17:37:48,1304,34,317,1655
2021-07-03 17:37:49,2,0,0,2
2021-07-03 17:37:50,3,0,0,3
2021-07-03 17:37:51,2,0,0,2
2021-07-03 17:37:52,6,0,3,9
2021-07-03 17:37:53,1,0,1,2
2021-07-03 17:37:54,2,0,0,2
2021-07-03 17:37:55,39,1,15,55
2021-07-03 17:37:56,0,0,0,0
2021-07-03 17:37:57,0,0,0,0
2021-07-03 17:37:59,0,0,0,0
2021-07-03 17:38:00,1,0,0,1
2021-07-03 17:38:01,0,0,0,0
2021-07-03 17:38:02,11562,378,819,12759
2021-07-03 17:38:03,3,0,1,4
2021-07-03 17:38:04,1,0,0,1
2021-07-03 17:38:05,115,6,15,136
2021-07-03 17:38:07,5,0,2,7
2021-07-03 17:38:09,0,0,0,0
2021-07-03 17:38:10,2,0,0,2
2021-07-03 17:38:11,47,0,9,56
2021-07-03 17:38:12,0,0,0,0
2021-07-03 17:38:13,0,0,0,0
2021-07-03 17:38:14,0,0,0,0
2021-07-03 17:38:15,38,0,2,40
2021-07-03 17:38:16,84,0,22,106
2021-07-03 17:38:17,0,0,0,0
2021-07-03 17:38:18,0,0,0,0
2021-07-03 17:38:19,1,0,1,2
2021-07-03 17:38:20,498,24,74,596
2021-07-03 17:38:21,6,0,2,8
2021-07-03 17:38:22,0,0,0,0
2021-07-03 17:38:23,0,0,0,0
2021-07-03 17:38:24,231,0,28,259
2021-07-03 17:38:25,1,0,0,1
2021-07-03 17:38:26,1,0,0,1
2021-07-03 17:38:27,0,0,0,0
2021-07-03 17:38:28,227,6,30,263
2021-07-03 17:38:29,1,0,0,1
2021-07-03 17:38:30,180,4,30,214
2021-07-03 17:38:31,0,0,0,0
2021-07-03 17:38:32,3,0,0,3
2021-07-03 17:38:33,0,0,0,0
2021-07-03 17:38:34,39,0,7,46
2021-07-03 17:38:35,1,0,0,1
2021-07-03 17:38:36,0,0,0,0
2021-07-03 17:38:39,1,0,1,2
2021-07-03 17:38:40,1,0,0,1
2021-07-03 17:38:42,0,0,0,0
2021-07-03 17:38:43,4,2,0,6
2021-07-03 17:38:44,3,0,0,3
2021-07-03 17:38:45,7,1,1,9
2021-07-03 17:38:46,14,1,2,17
2021-07-03 17:38:47,3,0,1,4
2021-07-03 17:38:48,5,0,1,6
2021-07-03 17:38:49,2,0,1,3
2021-07-03 17:38:50,19,0,1,20
2021-07-03 17:38:51,6,0,1,7
2021-07-03 17:38:52,0,0,0,0
2021-07-03 17:38:53,1,0,0,1
2021-07-03 17:38:54,8,0,4,12
2021-07-03 17:38:55,4,0,0,4
2021-07-03 17:38:56,0,0,0,0
2021-07-03 17:38:57,4,0,0,4
2021-07-03 17:38:58,3,1,1,5
2021-07-03 17:38:59,1,0,0,1
2021-07-03 17:39:00,0,0,0,0
2021-07-03 17:39:01,1,0,0,1
2021-07-03 17:39:02,0,2,0,2
2021-07-03 17:39:03,54,0,6,60
2021-07-03 17:39:04,7,0,3,10
2021-07-03 17:39:05,0,0,1,1
2021-07-03 17:39:07,47,0,2,49
2021-07-03 17:39:09,0,0,0,0
2021-07-03 17:39:10,7,0,0,7
2021-07-03 17:39:12,221,6,51,278
2021-07-03 17:39:13,15,1,3,19
2021-07-03 17:39:14,5,1,1,7
2021-07-03 17:39:15,5,1,1,7
2021-07-03 17:39:16,1,0,0,1
2021-07-03 17:39:17,26,1,4,31
2021-07-03 17:39:18,9,0,0,9
2021-07-03 17:39:19,2,0,0,2
2021-07-03 17:39:20,0,0,0,0
2021-07-03 17:39:21,0,0,0,0
2021-07-03 17:39:22,4,0,0,4
2021-07-03 17:39:23,3,0,0,3
2021-07-03 17:39:25,2,0,0,2
2021-07-03 17:39:27,1,0,0,1
2021-07-03 17:39:28,3,0,0,3
2021-07-03 17:39:29,0,0,0,0
2021-07-03 17:39:30,4,0,0,4
2021-07-03 17:39:31,1,0,1,2
2021-07-03 17:39:32,1,0,0,1
2021-07-03 17:39:34,0,0,0,0
2021-07-03 17:39:35,99,6,43,148
2021-07-03 17:39:36,0,0,0,0
2021-07-03 17:39:37,1,0,0,1
2021-07-03 17:39:38,0,0,0,0
2021-07-03 17:39:39,117,4,29,150
2021-07-03 17:39:40,12,0,2,14
2021-07-03 17:39:42,2,0,0,2
2021-07-03 17:39:43,0,0,0,0
2021-07-03 17:39:45,1,0,0,1
2021-07-03 17:39:46,2,0,1,3
2021-07-03 17:39:47,1,0,0,1
2021-07-03 17:39:49,2,0,1,3
2021-07-03 17:39:50,1437,30,310,1777
2021-07-03 17:39:51,65,1,8,74
2021-07-03 17:39:53,1,0,1,2
2021-07-03 17:39:54,5,0,2,7
2021-07-03 17:39:56,70,0,16,86
2021-07-03 17:39:57,8,0,5,13
2021-07-03 17:39:58,0,0,0,0
2021-07-03 17:40:00,1368,30,304,1702
2021-07-03 17:40:01,1,0,1,2
2021-07-03 17:40:03,3,0,0,3
2021-07-03 17:40:04,2,2,0,4
2021-07-03 17:40:05,6,0,2,8
2021-07-03 17:40:06,42,0,11,53
2021-07-03 17:40:08,5,0,0,5
2021-07-03 17:40:09,17,0,0,17
2021-07-03 17:40:10,12,0,2,14
2021-07-03 17:40:11,0,0,0,0
2021-07-03 17:40:13,60,3,25,88
2021-07-03 17:40:14,4,0,0,4
2021-07-03 17:40:15,18,4,8,30
2021-07-03 17:40:16,5,1,3,9
2021-07-03 17:40:20,0,0,0,0
2021-07-03 17:40:21,4,0,0,4
2021-07-03 17:40:22,0,0,0,0
2021-07-03 17:40:24,1,0,0,1
2021-07-03 17:40:25,3,0,0,3
2021-07-03 17:40:26,1,1,0,2
2021-07-03 17:40:28,96,0,8,104
2021-07-03 17:40:30,201,1,16,218
2021-07-03 17:40:31,0,0,0,0
2021-07-03 17:40:33,3,0,0,3
2021-07-03 17:40:34,67,0,14,81
2021-07-03 17:40:35,312,10,78,400
2021-07-03 17:40:38,42,0,5,47
2021-07-03 17:40:39,3,0,0,3
2021-07-03 17:40:40,0,0,0,0
2021-07-03 17:40:41,7,0,0,7
2021-07-03 17:40:43,143,2,22,167
2021-07-03 17:40:44,3646,224,616,4486
2021-07-03 17:40:45,0,0,0,0
2021-07-03 17:40:46,11,1,2,14
2021-07-03 17:40:47,5,0,0,5
2021-07-03 17:40:48,32,0,5,37
2021-07-03 17:40:49,46,0,3,49
2021-07-03 17:40:50,22,1,4,27
2021-07-03 17:40:51,0,0,0,0
2021-07-03 17:40:52,0,0,0,0
2021-07-03 17:40:54,0,0,0,0
2021-07-03 17:40:55,3,0,0,3
2021-07-03 17:40:56,0,0,0,0
2021-07-03 17:40:57,7,0,2,9
2021-07-03 17:40:59,0,0,0,0
2021-07-03 17:41:01,1,0,1,2
2021-07-03 17:41:02,1,0,0,1
2021-07-03 17:41:03,2,0,0,2
2021-07-03 17:41:06,3,0,1,4
2021-07-03 17:41:07,517,12,486,1015
2021-07-03 17:41:08,0,0,0,0
2021-07-03 17:41:09,1,0,0,1
2021-07-03 17:41:12,3,0,0,3
2021-07-03 17:41:13,7,1,0,8
2021-07-03 17:41:14,1,0,0,1
2021-07-03 17:41:15,20,1,3,24
2021-07-03 17:41:17,15,0,4,19
2021-07-03 17:41:19,3,0,1,4
2021-07-03 17:41:20,0,0,0,0
2021-07-03 17:41:22,1,0,0,1
2021-07-03 17:41:23,1,0,0,1
2021-07-03 17:41:24,4,0,0,4
2021-07-03 17:41:25,5,0,1,6
2021-07-03 17:41:26,4,0,0,4
2021-07-03 17:41:30,0,0,0,0
2021-07-03 17:41:32,44,0,5,49
2021-07-03 17:41:33,3,0,2,5
2021-07-03 17:41:34,20,1,8,29
2021-07-03 17:41:35,0,0,0,0
2021-07-03 17:41:36,10,0,1,11
2021-07-03 17:41:37,0,2,0,2
2021-07-03 17:41:39,3,0,1,4
2021-07-03 17:41:40,108,4,21,133
2021-07-03 17:41:42,2,0,0,2
2021-07-03 17:41:43,2,0,0,2
2021-07-03 17:41:44,90,6,14,110
2021-07-03 17:41:46,72,4,11,87
2021-07-03 17:41:47,1,0,1,2
2021-07-03 17:41:48,11,0,3,14
2021-07-03 17:41:50,0,1,0,1
2021-07-03 17:41:51,7,0,1,8
2021-07-03 17:41:53,95,1,9,105
2021-07-03 17:41:54,2,0,0,2
2021-07-03 17:41:56,37,0,1,38
2021-07-03 17:41:59,0,0,0,0
2021-07-03 17:42:00,7,0,0,7
2021-07-03 17:42:01,11,1,0,12
2021-07-03 17:42:02,40,0,1,41
2021-07-03 17:42:04,5,0,1,6
2021-07-03 17:42:06,4,0,0,4
2021-07-03 17:42:07,1,0,0,1
2021-07-03 17:42:09,33,3,2,38
2021-07-03 17:42:11,22,0,3,25
2021-07-03 17:42:13,2,0,0,2
2021-07-03 17:42:14,2,1,0,3
2021-07-03 17:42:15,1,0,0,1
2021-07-03 17:42:16,5,1,1,7
2021-07-03 17:42:18,114,4,31,149
2021-07-03 17:42:20,15,2,3,20
2021-07-03 17:42:21,10,1,5,16
2021-07-03 17:42:22,2,0,1,3
2021-07-03 17:42:23,2,0,1,3
2021-07-03 17:42:25,3,1,1,5
2021-07-03 17:42:27,9,0,3,12
2021-07-03 17:42:28,10,0,3,13
2021-07-03 17:42:29,5281,78,759,6118
2021-07-03 17:42:30,9,0,2,11
2021-07-03 17:42:31,0,0,0,0
2021-07-03 17:42:32,6,0,2,8
2021-07-03 17:42:33,1,0,0,1
2021-07-03 17:42:34,6,0,0,6
2021-07-03 17:42:36,3,0,0,3
2021-07-03 17:42:37,3,0,1,4
2021-07-03 17:42:40,0,0,0,0
2021-07-03 17:42:41,5,0,2,7
2021-07-03 17:42:42,1,0,0,1
2021-07-03 17:42:43,205,4,49,258
2021-07-03 17:42:45,1,0,0,1
2021-07-03 17:42:46,9,0,0,9
2021-07-03 17:42:47,4,0,1,5
2021-07-03 17:42:48,1,0,0,1
2021-07-03 17:42:49,1,0,0,1
2021-07-03 17:42:50,2,0,0,2
2021-07-03 17:42:52,0,0,0,0
2021-07-03 17:42:53,0,0,0,0
2021-07-03 17:42:54,0,0,0,0
2021-07-03 17:42:55,10,0,1,11
2021-07-03 17:42:56,11,0,0,11
2021-07-03 17:42:57,5,0,1,6
2021-07-03 17:42:58,0,0,0,0
2021-07-03 17:43:00,12,0,0,12
2021-07-03 17:43:01,26,0,5,31
2021-07-03 17:43:02,16,0,0,16
2021-07-03 17:43:03,47,1,4,52
2021-07-03 17:43:06,5,0,0,5
2021-07-03 17:43:07,459,11,73,543
2021-07-03 17:43:08,1,0,0,1
2021-07-03 17:43:10,4,0,0,4
2021-07-03 17:43:11,3,0,0,3
2021-07-03 17:43:13,12,0,4,16
2021-07-03 17:43:14,12,0,0,12
2021-07-03 17:43:15,3,0,0,3
2021-07-03 17:43:16,2,0,0,2
2021-07-03 17:43:18,3,0,1,4
2021-07-03 17:43:19,6552,130,411,7093
2021-07-03 17:43:20,7,0,1,8
2021-07-03 17:43:22,3,0,1,4
2021-07-03 17:43:23,25,2,5,32
2021-07-03 17:43:24,1,1,0,2
2021-07-03 17:43:26,4,0,1,5
2021-07-03 17:43:27,0,0,0,0
2021-07-03 17:43:28,4,0,1,5
2021-07-03 17:43:30,1,0,0,1
2021-07-03 17:43:32,0,0,0,0
2021-07-03 17:43:34,9,0,0,9
2021-07-03 17:43:35,3,0,0,3
2021-07-03 17:43:36,0,0,0,0
2021-07-03 17:43:38,1,0,0,1
2021-07-03 17:43:39,35,2,10,47
2021-07-03 17:43:41,9,0,5,14
2021-07-03 17:43:42,8,0,3,11
2021-07-03 17:43:43,0,0,0,0
2021-07-03 17:43:44,1,0,2,3
2021-07-03 17:43:45,317,5,45,367
2021-07-03 17:43:47,9,2,5,16
2021-07-03 17:43:49,1,0,1,2
2021-07-03 17:43:51,226,2,40,268
2021-07-03 17:43:54,0,0,0,0
2021-07-03 17:43:55,0,0,0,0
2021-07-03 17:43:57,0,0,0,0
2021-07-03 17:43:58,0,0,0,0
2021-07-03 17:43:59,1,0,1,2
2021-07-03 17:44:01,2,0,0,2
2021-07-03 17:44:02,2,0,0,2
2021-07-03 17:44:03,7,1,2,10
2021-07-03 17:44:05,1,0,0,1
2021-07-03 17:44:06,0,0,0,0
2021-07-03 17:44:07,1,0,0,1
2021-07-03 17:44:08,3,0,0,3
2021-07-03 17:44:09,2,0,0,2
2021-07-03 17:44:10,123,7,30,160
2021-07-03 17:44:12,3,0,1,4
2021-07-03 17:44:13,2,0,0,2
2021-07-03 17:44:14,5,1,3,9
2021-07-03 17:44:16,2,0,0,2
2021-07-03 17:44:17,159,6,7,172
2021-07-03 17:44:18,2,0,0,2
2021-07-03 17:44:20,10,1,0,11
2021-07-03 17:44:21,0,0,0,0
2021-07-03 17:44:22,1,0,1,2
2021-07-03 17:44:23,1,0,1,2
2021-07-03 17:44:25,7,2,4,13
2021-07-03 17:44:26,0,0,0,0
2021-07-03 17:44:27,218,12,29,259
2021-07-03 17:44:28,10,0,1,11
2021-07-03 17:44:30,1,0,0,1
2021-07-03 17:44:31,147,6,65,218
2021-07-03 17:44:32,0,0,0,0
2021-07-03 17:44:33,0,0,0,0
2021-07-03 17:44:34,0,0,0,0
2021-07-03 17:44:35,742,20,97,859
2021-07-03 17:44:37,14,0,5,19
2021-07-03 17:44:38,0,0,0,0
2021-07-03 17:44:39,6,0,0,6
2021-07-03 17:44:40,6,0,0,6
2021-07-03 17:44:41,0,0,0,0
2021-07-03 17:44:42,4,1,0,5
2021-07-03 17:44:43,0,0,0,0
2021-07-03 17:44:45,6,0,1,7
2021-07-03 17:44:47,1,0,0,1
2021-07-03 17:44:49,0,0,0,0
2021-07-03 17:44:50,8,0,1,9
2021-07-03 17:44:51,1,0,0,1
2021-07-03 17:44:53,0,0,0,0
2021-07-03 17:44:54,68,1,9,78
2021-07-03 17:44:55,0,0,0,0
2021-07-03 17:44:56,7,0,0,7
2021-07-03 17:44:58,5,0,1,6
2021-07-03 17:44:59,5,0,2,7
2021-07-03 17:45:00,640,18,99,757
2021-07-03 17:45:01,1,0,0,1
2021-07-03 17:45:02,17020,418,4464,21902
2021-07-03 17:45:03,3,1,0,4
2021-07-03 17:45:04,2,0,0,2
2021-07-03 17:45:05,152,3,12,167
2021-07-03 17:45:06,1,0,0,1
2021-07-03 17:45:09,0,0,0,0
2021-07-03 17:45:10,3,0,1,4
2021-07-03 17:45:12,7,0,0,7
2021-07-03 17:45:14,2,0,1,3
2021-07-03 17:45:16,3,0,1,4
2021-07-03 17:45:17,3,0,0,3
2021-07-03 17:45:18,3,0,1,4
2021-07-03 17:45:20,6,0,1,7
2021-07-03 17:45:21,2,0,0,2
2021-07-03 17:45:23,0,0,0,0
2021-07-03 17:45:24,0,0,0,0
2021-07-03 17:45:25,0,0,0,0
2021-07-03 17:45:26,5,0,0,5
2021-07-03 17:45:27,1,0,0,1
2021-07-03 17:45:28,12,1,0,13
2021-07-03 17:45:29,0,0,0,0
2021-07-03 17:45:30,2,0,0,2
2021-07-03 17:45:32,87,4,18,109
2021-07-03 17:45:33,0,0,0,0
2021-07-03 17:45:35,5,2,0,7
2021-07-03 17:45:36,48,0,8,56
2021-07-03 17:45:37,0,0,0,0
2021-07-03 17:45:39,0,0,0,0
2021-07-03 17:45:40,2,0,0,2
2021-07-03 17:45:41,19,0,7,26
2021-07-03 17:45:42,0,0,0,0
2021-07-03 17:45:43,19,0,1,20
2021-07-03 17:45:44,1,0,0,1
2021-07-03 17:45:46,566,20,115,701
2021-07-03 17:45:47,1,0,0,1
2021-07-03 17:45:48,53,3,13,69
2021-07-03 17:45:50,5,0,0,5
2021-07-03 17:45:53,21,3,6,30
2021-07-03 17:45:54,4,0,0,4
2021-07-03 17:45:55,1,0,0,1
2021-07-03 17:45:57,0,0,0,0
2021-07-03 17:45:59,11,0,5,16
2021-07-03 17:46:00,0,0,0,0
2021-07-03 17:46:01,601,14,102,717
2021-07-03 17:46:03,0,0,0,0
2021-07-03 17:46:04,4,0,2,6
2021-07-03 17:46:05,8,0,0,8
2021-07-03 17:46:06,1,0,0,1
2021-07-03 17:46:07,20,0,9,29
2021-07-03 17:46:09,1,0,0,1
2021-07-03 17:46:10,10,0,3,13
2021-07-03 17:46:11,1,0,1,2
2021-07-03 17:46:12,4,0,0,4
2021-07-03 17:46:13,0,0,0,0
2021-07-03 17:46:14,8,0,2,10
2021-07-03 17:46:15,0,0,0,0
2021-07-03 17:46:16,21,0,6,27
2021-07-03 17:46:17,5,0,1,6
2021-07-03 17:46:18,0,0,0,0
2021-07-03 17:46:20,2,0,0,2
2021-07-03 17:46:21,12,0,1,13
2021-07-03 17:46:22,14,0,3,17
2021-07-03 17:46:23,2,0,1,3
2021-07-03 17:46:25,12,0,0,12
2021-07-03 17:46:26,2,0,0,2
2021-07-03 17:46:27,4,0,0,4
2021-07-03 17:46:29,98,6,16,120
2021-07-03 17:46:30,455,4,47,506
2021-07-03 17:46:32,10,1,0,11
2021-07-03 17:46:34,0,0,0,0
2021-07-03 17:46:35,11,1,0,12
2021-07-03 17:46:36,6,0,0,6
2021-07-03 17:46:39,78,2,2,82
2021-07-03 17:46:41,5,0,0,5
2021-07-03 17:46:42,0,0,1,1
2021-07-03 17:46:43,6,0,0,6
2021-07-03 17:46:45,74,2,4,80
2021-07-03 17:46:46,3,0,0,3
2021-07-03 17:46:47,0,0,0,0
2021-07-03 17:46:48,2,0,0,2
2021-07-03 17:46:51,4,0,0,4
2021-07-03 17:46:52,19,0,0,19
2021-07-03 17:46:54,1,0,0,1
2021-07-03 17:46:55,5,0,0,5
2021-07-03 17:46:56,0,0,0,0
2021-07-03 17:46:57,0,0,0,0
2021-07-03 17:46:58,181,1,9,191
2021-07-03 17:46:59,7,1,0,8
2021-07-03 17:47:00,111,3,20,134
2021-07-03 17:47:01,29,0,5,34
2021-07-03 17:47:02,0,0,0,0
2021-07-03 17:47:03,8,0,2,10
2021-07-03 17:47:04,2,0,1,3
2021-07-03 17:47:05,1,0,0,1
2021-07-03 17:47:06,36,0,10,46
2021-07-03 17:47:07,3,0,3,6
2021-07-03 17:47:08,3,1,0,4
2021-07-03 17:47:09,2,0,0,2
2021-07-03 17:47:10,19,0,3,22
2021-07-03 17:47:11,0,0,0,0
2021-07-03 17:47:12,356,5,50,411
2021-07-03 17:47:14,4,1,3,8
2021-07-03 17:47:15,583,7,109,699
2021-07-03 17:47:16,0,0,0,0
2021-07-03 17:47:17,2,0,0,2
2021-07-03 17:47:18,5,0,2,7
2021-07-03 17:47:19,2,0,0,2
2021-07-03 17:47:20,29,2,5,36
2021-07-03 17:47:24,1,0,0,1
2021-07-03 17:47:26,0,0,0,0
2021-07-03 17:47:27,4,1,1,6
2021-07-03 17:47:28,18,0,6,24
2021-07-03 17:47:29,1,0,0,1
2021-07-03 17:47:30,66,4,18,88
2021-07-03 17:47:33,0,0,0,0
2021-07-03 17:47:34,0,0,0,0
2021-07-03 17:47:35,8,1,2,11
2021-07-03 17:47:37,33,2,4,39
2021-07-03 17:47:38,0,0,0,0
2021-07-03 17:47:39,0,0,0,0
2021-07-03 17:47:40,1,1,0,2
2021-07-03 17:47:41,2,0,0,2
2021-07-03 17:47:42,1,0,0,1
2021-07-03 17:47:43,0,0,0,0
2021-07-03 17:47:44,18,0,6,24
2021-07-03 17:47:45,28,1,5,34
2021-07-03 17:47:46,4,1,0,5
2021-07-03 17:47:47,6,0,0,6
2021-07-03 17:47:48,2,0,1,3
2021-07-03 17:47:49,4,0,0,4
2021-07-03 17:47:54,20,2,2,24
2021-07-03 17:47:55,2084,20,248,2352
2021-07-03 17:47:56,1,0,0,1
2021-07-03 17:47:57,7,1,0,8
2021-07-03 17:47:59,0,0,0,0
2021-07-03 17:48:00,106,3,6,115
2021-07-03 17:48:01,9,0,0,9
2021-07-03 17:48:02,4214,46,195,4455
2021-07-03 17:48:03,0,0,0,0
2021-07-03 17:48:04,0,0,0,0
2021-07-03 17:48:05,0,0,0,0
2021-07-03 17:48:06,2,0,0,2
2021-07-03 17:48:07,3,0,0,3
2021-07-03 17:48:08,2,0,1,3
2021-07-03 17:48:09,42,0,3,45
2021-07-03 17:48:10,1,0,0,1
2021-07-03 17:48:11,91,4,19,114
2021-07-03 17:48:14,1,0,0,1
2021-07-03 17:48:15,2,0,0,2
2021-07-03 17:48:17,0,0,0,0
2021-07-03 17:48:20,0,0,0,0
2021-07-03 17:48:21,2,2,0,4
2021-07-03 17:48:22,9,0,3,12
2021-07-03 17:48:23,1,0,0,1
2021-07-03 17:48:24,1,1,0,2
2021-07-03 17:48:25,1,0,0,1
2021-07-03 17:48:26,0,0,0,0
2021-07-03 17:48:27,0,0,0,0
2021-07-03 17:48:28,6,0,1,7
2021-07-03 17:48:31,17,1,4,22
2021-07-03 17:48:32,1,0,0,1
2021-07-03 17:48:33,0,0,0,0
2021-07-03 17:48:35,14,0,2,16
2021-07-03 17:48:37,9,1,2,12
2021-07-03 17:48:38,0,0,0,0
2021-07-03 17:48:39,8,0,3,11
2021-07-03 17:48:40,8,0,5,13
2021-07-03 17:48:42,1,0,0,1
2021-07-03 17:48:43,7,1,0,8
2021-07-03 17:48:44,29,0,2,31
2021-07-03 17:48:45,53,3,8,64
2021-07-03 17:48:47,18,0,1,19
2021-07-03 17:48:48,1,0,0,1
2021-07-03 17:48:51,1,0,0,1
2021-07-03 17:48:52,40,0,1,41
2021-07-03 17:48:55,1,0,0,1
2021-07-03 17:48:56,2,0,0,2
2021-07-03 17:48:57,0,0,0,0
2021-07-03 17:48:58,17,0,1,18
2021-07-03 17:48:59,3,0,0,3
2021-07-03 17:49:00,12,0,0,12
2021-07-03 17:49:03,1,0,1,2
2021-07-03 17:49:04,0,0,0,0
2021-07-03 17:49:06,2,0,1,3
2021-07-03 17:49:07,1,0,0,1
2021-07-03 17:49:08,1536,28,314,1878
2021-07-03 17:49:09,1,0,1,2
2021-07-03 17:49:10,0,0,0,0
2021-07-03 17:49:11,0,0,0,0
2021-07-03 17:49:13,1,0,0,1
2021-07-03 17:49:14,1,0,1,2
2021-07-03 17:49:15,1,0,0,1
2021-07-03 17:49:17,0,0,0,0
2021-07-03 17:49:18,1006,10,193,1209
2021-07-03 17:49:19,30,0,6,36
2021-07-03 17:49:20,0,0,0,0
2021-07-03 17:49:21,7,0,4,11
2021-07-03 17:49:22,4,0,2,6
2021-07-03 17:49:23,4,0,0,4
2021-07-03 17:49:25,0,0,0,0
2021-07-03 17:49:26,0,0,0,0
2021-07-03 17:49:27,112,1,19,132
2021-07-03 17:49:28,8,0,0,8
2021-07-03 17:49:29,1,1,1,3
2021-07-03 17:49:33,0,0,0,0
2021-07-03 17:49:34,0,0,1,1
2021-07-03 17:49:35,0,0,0,0
2021-07-03 17:49:36,10,0,2,12
2021-07-03 17:49:37,2,1,0,3
2021-07-03 17:49:38,0,0,1,1
2021-07-03 17:49:39,6,0,0,6
2021-07-03 17:49:40,0,0,0,0
2021-07-03 17:49:42,0,0,0,0
2021-07-03 17:49:44,6,0,1,7
2021-07-03 17:49:45,0,0,0,0
2021-07-03 17:49:47,166,8,24,198
2021-07-03 17:49:48,4,0,2,6
2021-07-03 17:49:49,21,0,5,26
2021-07-03 17:49:50,3,0,0,3
2021-07-03 17:49:51,1,0,0,1
2021-07-03 17:49:52,3,1,0,4
2021-07-03 17:49:53,0,1,0,1
2021-07-03 17:49:54,0,0,0,0
2021-07-03 17:49:56,1,0,0,1
2021-07-03 17:49:58,18,1,4,23
2021-07-03 17:49:59,14,1,6,21
2021-07-03 17:50:00,3217,100,627,3944
2021-07-03 17:50:01,3,0,2,5
2021-07-03 17:50:02,0,0,0,0
2021-07-03 17:50:04,41,1,10,52
2021-07-03 17:50:05,0,0,0,0
2021-07-03 17:50:07,8,0,1,9
2021-07-03 17:50:10,6,0,0,6
2021-07-03 17:50:11,0,0,0,0
2021-07-03 17:50:12,60,1,23,84
2021-07-03 17:50:13,2,0,0,2
2021-07-03 17:50:14,1,0,1,2
2021-07-03 17:50:17,2,0,0,2
2021-07-03 17:50:19,1,0,0,1
2021-07-03 17:50:20,1,0,0,1
2021-07-03 17:50:21,1,0,1,2
2021-07-03 17:50:22,2,0,2,4
2021-07-03 17:50:23,0,0,0,0
2021-07-03 17:50:25,2,0,1,3
2021-07-03 17:50:27,78,3,21,102
2021-07-03 17:50:28,0,0,0,0
2021-07-03 17:50:29,9,1,2,12
2021-07-03 17:50:30,1,0,0,1
2021-07-03 17:50:31,6,0,1,7
2021-07-03 17:50:32,1,0,0,1
2021-07-03 17:50:33,22,0,4,26
2021-07-03 17:50:34,45,2,18,65
2021-07-03 17:50:35,2,0,1,3
2021-07-03 17:50:36,0,0,0,0
2021-07-03 17:50:37,7,0,0,7
2021-07-03 17:50:38,0,0,0,0
2021-07-03 17:50:39,17,1,0,18
2021-07-03 17:50:42,1,0,0,1
2021-07-03 17:50:43,2,0,1,3
2021-07-03 17:50:44,1120,12,240,1372
2021-07-03 17:50:45,1,0,0,1
2021-07-03 17:50:46,5,0,3,8
2021-07-03 17:50:48,12,1,2,15
2021-07-03 17:50:49,0,0,0,0
2021-07-03 17:50:50,0,0,0,0
2021-07-03 17:50:51,1,0,0,1
2021-07-03 17:50:52,296,10,17,323
2021-07-03 17:50:55,131,0,11,142
2021-07-03 17:50:56,25,0,11,36
2021-07-03 17:50:57,2,0,1,3
2021-07-03 17:50:58,10,1,0,11
2021-07-03 17:50:59,0,0,0,0
2021-07-03 17:51:00,2,0,1,3
2021-07-03 17:51:01,1,0,0,1
2021-07-03 17:51:02,1,0,0,1
2021-07-03 17:51:03,4,0,0,4
2021-07-03 17:51:04,0,0,0,0
2021-07-03 17:51:05,0,0,0,0
2021-07-03 17:51:06,0,0,0,0
2021-07-03 17:51:08,2,0,0,2
2021-07-03 17:51:09,3,0,0,3
2021-07-03 17:51:12,0,0,0,0
2021-07-03 17:51:13,0,0,0,0
2021-07-03 17:51:15,2,0,0,2
2021-07-03 17:51:16,2,0,0,2
2021-07-03 17:51:17,23,2,8,33
2021-07-03 17:51:18,0,0,0,0
2021-07-03 17:51:19,3,0,0,3
2021-07-03 17:51:22,2,0,0,2
2021-07-03 17:51:23,1,0,0,1
2021-07-03 17:51:24,2,0,1,3
2021-07-03 17:51:25,1,0,0,1
2021-07-03 17:51:26,66,0,20,86
2021-07-03 17:51:27,0,0,0,0
2021-07-03 17:51:28,5,0,2,7
2021-07-03 17:51:29,0,0,0,0
2021-07-03 17:51:30,125,3,27,155
2021-07-03 17:51:31,7530,62,593,8185
2021-07-03 17:51:32,0,0,0,0
2021-07-03 17:51:35,1,1,0,2
2021-07-03 17:51:36,4,0,1,5
2021-07-03 17:51:37,1,1,1,3
2021-07-03 17:51:38,74,3,16,93
2021-07-03 17:51:39,6,0,1,7
2021-07-03 17:51:40,1,0,0,1
2021-07-03 17:51:41,0,0,0,0
2021-07-03 17:51:42,4,0,1,5
2021-07-03 17:51:43,0,0,0,0
2021-07-03 17:51:44,0,0,0,0
2021-07-03 17:51:45,2,0,0,2
2021-07-03 17:51:46,14,0,2,16
2021-07-03 17:51:47,3,0,2,5
2021-07-03 17:51:48,9782,157,1922,11861
2021-07-03 17:51:49,6,0,1,7
2021-07-03 17:51:50,1,0,0,1
2021-07-03 17:51:51,0,0,0,0
2021-07-03 17:51:52,7,0,1,8
2021-07-03 17:51:54,238,1,42,281
2021-07-03 17:51:56,18,0,0,18
2021-07-03 17:51:57,2,0,1,3
2021-07-03 17:51:59,0,0,0,0
2021-07-03 17:52:00,32,3,1,36
2021-07-03 17:52:01,7,0,7,14
2021-07-03 17:52:02,3,0,2,5
2021-07-03 17:52:03,7,0,1,8
2021-07-03 17:52:05,1,0,0,1
2021-07-03 17:52:06,1,0,0,1
2021-07-03 17:52:08,1,0,0,1
2021-07-03 17:52:09,1,0,0,1
2021-07-03 17:52:10,3,0,0,3
2021-07-03 17:52:11,2,0,0,2
2021-07-03 17:52:13,6,0,1,7
2021-07-03 17:52:14,4,0,0,4
2021-07-03 17:52:15,9,1,3,13
2021-07-03 17:52:16,8,0,2,10
2021-07-03 17:52:18,3,0,1,4
2021-07-03 17:52:19,0,0,0,0
2021-07-03 17:52:20,30,0,11,41
2021-07-03 17:52:21,5,0,1,6
2021-07-03 17:52:22,1,0,0,1
2021-07-03 17:52:23,27,2,5,34
2021-07-03 17:52:25,4,0,0,4
2021-07-03 17:52:26,4,0,0,4
2021-07-03 17:52:27,38,2,10,50
2021-07-03 17:52:28,6,0,0,6
2021-07-03 17:52:29,39,1,9,49
2021-07-03 17:52:30,1,0,0,1
2021-07-03 17:52:31,5,0,3,8
2021-07-03 17:52:32,1,0,0,1
2021-07-03 17:52:33,405,19,141,565
2021-07-03 17:52:34,1,0,0,1
2021-07-03 17:52:35,31,0,10,41
2021-07-03 17:52:36,0,0,0,0
2021-07-03 17:52:38,14,0,4,18
2021-07-03 17:52:39,29,0,0,29
2021-07-03 17:52:40,3,1,0,4
2021-07-03 17:52:41,5,0,0,5
2021-07-03 17:52:42,2,0,0,2
2021-07-03 17:52:43,0,0,0,0
2021-07-03 17:52:44,0,0,0,0
2021-07-03 17:52:46,4,0,0,4
2021-07-03 17:52:47,83,0,6,89
2021-07-03 17:52:48,10,0,3,13
2021-07-03 17:52:49,1,0,0,1
2021-07-03 17:52:50,0,0,0,0
2021-07-03 17:52:51,5,1,1,7
2021-07-03 17:52:52,1,0,0,1
2021-07-03 17:52:53,63,1,13,77
2021-07-03 17:52:54,0,0,0,0
2021-07-03 17:52:56,31,0,2,33
2021-07-03 17:52:57,8,2,0,10
2021-07-03 17:52:58,0,0,0,0
2021-07-03 17:52:59,23,0,5,28
2021-07-03 17:53:00,158,3,5,166
2021-07-03 17:53:02,3,0,0,3
2021-07-03 17:53:03,2,0,0,2
2021-07-03 17:53:04,72,1,13,86
2021-07-03 17:53:05,1,0,0,1
2021-07-03 17:53:06,1,0,0,1
2021-07-03 17:53:08,2,0,0,2
2021-07-03 17:53:09,4,0,1,5
2021-07-03 17:53:12,7,0,0,7
2021-07-03 17:53:13,2,0,0,2
2021-07-03 17:53:14,8,0,1,9
2021-07-03 17:53:16,23,1,4,28
2021-07-03 17:53:17,12,0,0,12
2021-07-03 17:53:18,7,0,0,7
2021-07-03 17:53:19,1,0,0,1
2021-07-03 17:53:20,2,0,0,2
2021-07-03 17:53:21,1,0,0,1
2021-07-03 17:53:22,6,0,0,6
2021-07-03 17:53:23,20,1,5,26
2021-07-03 17:53:24,4,0,0,4
2021-07-03 17:53:25,4,0,1,5
2021-07-03 17:53:27,10,0,1,11
2021-07-03 17:53:28,0,0,1,1
2021-07-03 17:53:30,0,0,0,0
2021-07-03 17:53:31,0,0,0,0
2021-07-03 17:53:33,5,0,3,8
2021-07-03 17:53:34,5,0,2,7
2021-07-03 17:53:36,3656,97,593,4346
2021-07-03 17:53:37,1,1,0,2
2021-07-03 17:53:38,10,0,3,13
2021-07-03 17:53:39,2,0,1,3
2021-07-03 17:53:40,653,14,434,1101
2021-07-03 17:53:41,2,0,0,2
2021-07-03 17:53:42,34,1,6,41
2021-07-03 17:53:43,1,0,0,1
2021-07-03 17:53:45,0,0,0,0
2021-07-03 17:53:46,29,1,5,35
2021-07-03 17:53:48,4,2,1,7
2021-07-03 17:53:49,0,0,0,0
2021-07-03 17:53:50,8706,685,496,9887
2021-07-03 17:53:51,0,0,0,0
2021-07-03 17:53:52,3,0,0,3
2021-07-03 17:53:54,0,0,0,0
2021-07-03 17:53:55,4,1,0,5
2021-07-03 17:53:56,0,0,0,0
2021-07-03 17:53:57,4016,64,885,4965
2021-07-03 17:53:59,24,0,10,34
2021-07-03 17:54:01,1,0,1,2
2021-07-03 17:54:03,13,1,4,18
2021-07-03 17:54:04,3,0,3,6
2021-07-03 17:54:05,0,0,0,0
2021-07-03 17:54:06,16,0,6,22
2021-07-03 17:54:07,3,0,1,4
2021-07-03 17:54:09,5,1,3,9
2021-07-03 17:54:10,0,0,0,0
2021-07-03 17:54:11,0,0,0,0
2021-07-03 17:54:12,88,2,13,103
2021-07-03 17:54:13,60,3,7,70
2021-07-03 17:54:14,1,0,0,1
2021-07-03 17:54:15,1,0,0,1
2021-07-03 17:54:16,4,0,0,4
2021-07-03 17:54:17,0,0,0,0
2021-07-03 17:54:18,3,0,0,3
2021-07-03 17:54:19,2,0,1,3
2021-07-03 17:54:21,1,0,0,1
2021-07-03 17:54:24,264,11,39,314
2021-07-03 17:54:25,1,0,0,1
2021-07-03 17:54:26,2,0,0,2
2021-07-03 17:54:27,0,0,0,0
2021-07-03 17:54:28,1,0,0,1
2021-07-03 17:54:29,8,0,0,8
2021-07-03 17:54:30,1,0,0,1
2021-07-03 17:54:32,1,0,0,1
2021-07-03 17:54:33,0,0,0,0
2021-07-03 17:54:34,0,0,0,0
2021-07-03 17:54:35,2,0,0,2
2021-07-03 17:54:36,0,0,0,0
2021-07-03 17:54:38,3,0,0,3
2021-07-03 17:54:39,4,0,1,5
2021-07-03 17:54:40,1,0,0,1
2021-07-03 17:54:41,1,0,0,1
2021-07-03 17:54:42,1,0,0,1
2021-07-03 17:54:43,166,4,21,191
2021-07-03 17:54:44,0,0,0,0
2021-07-03 17:54:46,4,0,0,4
2021-07-03 17:54:47,1,0,1,2
2021-07-03 17:54:48,0,0,0,0
2021-07-03 17:54:49,1,0,0,1
2021-07-03 17:54:50,0,0,0,0
2021-07-03 17:54:52,1,0,0,1
2021-07-03 17:54:53,7,0,4,11
2021-07-03 17:54:55,9,0,5,14
2021-07-03 17:54:56,28,0,15,43
2021-07-03 17:54:57,0,0,0,0
2021-07-03 17:54:59,25,0,23,48
2021-07-03 17:55:00,725,19,123,867
2021-07-03 17:55:01,6,0,4,10
2021-07-03 17:55:02,110,6,18,134
2021-07-03 17:55:03,0,0,0,0
2021-07-03 17:55:04,60,1,18,79
2021-07-03 17:55:05,0,0,0,0
2021-07-03 17:55:07,0,0,0,0
2021-07-03 17:55:08,1,0,0,1
2021-07-03 17:55:10,3,0,0,3
2021-07-03 17:55:11,0,0,0,0
2021-07-03 17:55:12,10,0,4,14
2021-07-03 17:55:13,0,0,0,0
2021-07-03 17:55:14,0,0,0,0
2021-07-03 17:55:16,2376,109,459,2944
2021-07-03 17:55:17,14,0,0,14
2021-07-03 17:55:18,0,0,0,0
2021-07-03 17:55:19,624,12,96,732
2021-07-03 17:55:20,6,0,1,7
2021-07-03 17:55:22,0,0,0,0
2021-07-03 17:55:23,64,1,11,76
2021-07-03 17:55:24,1,0,0,1
2021-07-03 17:55:25,0,0,0,0
2021-07-03 17:55:26,20,0,2,22
2021-07-03 17:55:27,26,1,6,33
2021-07-03 17:55:28,13,0,0,13
2021-07-03 17:55:29,5,0,2,7
2021-07-03 17:55:30,69,1,12,82
2021-07-03 17:55:31,0,0,0,0
2021-07-03 17:55:32,0,0,0,0
2021-07-03 17:55:34,1,0,0,1
2021-07-03 17:55:35,1,0,0,1
2021-07-03 17:55:36,10,0,4,14
2021-07-03 17:55:37,0,0,0,0
2021-07-03 17:55:38,1,0,0,1
2021-07-03 17:55:39,1,0,0,1
2021-07-03 17:55:40,2,0,2,4
2021-07-03 17:55:41,28,0,5,33
2021-07-03 17:55:42,24,0,0,24
2021-07-03 17:55:43,1,0,0,1
2021-07-03 17:55:44,137,11,45,193
2021-07-03 17:55:45,0,0,0,0
2021-07-03 17:55:46,19,0,8,27
2021-07-03 17:55:47,3,0,1,4
2021-07-03 17:55:48,1,0,0,1
2021-07-03 17:55:49,36,1,2,39
2021-07-03 17:55:50,38,4,15,57
2021-07-03 17:55:51,0,0,0,0
2021-07-03 17:55:53,21,0,5,26
2021-07-03 17:55:55,1655,26,274,1955
2021-07-03 17:55:56,1,0,0,1
2021-07-03 17:55:57,0,0,0,0
2021-07-03 17:55:58,0,0,0,0
2021-07-03 17:55:59,29,2,0,31
2021-07-03 17:56:00,12,0,4,16
2021-07-03 17:56:01,4,2,1,7
2021-07-03 17:56:02,1,0,0,1
2021-07-03 17:56:03,5,0,2,7
2021-07-03 17:56:04,0,1,0,1
2021-07-03 17:56:05,0,0,0,0
2021-07-03 17:56:06,1,0,0,1
2021-07-03 17:56:07,3,0,1,4
2021-07-03 17:56:09,1,0,0,1
2021-07-03 17:56:10,0,0,0,0
2021-07-03 17:56:11,0,0,0,0
2021-07-03 17:56:12,0,0,0,0
2021-07-03 17:56:13,0,0,0,0
2021-07-03 17:56:14,4,0,2,6
2021-07-03 17:56:15,11,0,0,11
2021-07-03 17:56:16,55,0,10,65
2021-07-03 17:56:17,5,0,0,5
2021-07-03 17:56:20,0,0,0,0
2021-07-03 17:56:22,0,0,0,0
2021-07-03 17:56:23,3,1,0,4
2021-07-03 17:56:24,13,0,1,14
2021-07-03 17:56:25,0,0,0,0
2021-07-03 17:56:26,0,0,0,0
2021-07-03 17:56:27,0,0,0,0
2021-07-03 17:56:28,8,1,3,12
2021-07-03 17:56:29,3,0,1,4
2021-07-03 17:56:30,3489,73,525,4087
2021-07-03 17:56:32,3,0,0,3
2021-07-03 17:56:34,195,3,35,233
2021-07-03 17:56:35,1742,56,137,1935
2021-07-03 17:56:36,8,0,0,8
2021-07-03 17:56:37,1,0,0,1
2021-07-03 17:56:38,1,0,0,1
2021-07-03 17:56:39,4,0,0,4
2021-07-03 17:56:40,1,0,0,1
2021-07-03 17:56:41,6,0,3,9
2021-07-03 17:56:42,18,3,4,25
2021-07-03 17:56:43,0,0,0,0
2021-07-03 17:56:44,4,0,2,6
2021-07-03 17:56:45,0,0,0,0
2021-07-03 17:56:46,3,0,0,3
2021-07-03 17:56:47,25,1,9,35
2021-07-03 17:56:48,0,0,0,0
2021-07-03 17:56:49,0,0,0,0
2021-07-03 17:56:50,0,0,0,0
2021-07-03 17:56:51,0,0,0,0
2021-07-03 17:56:53,1,0,0,1
2021-07-03 17:56:54,5,0,1,6
2021-07-03 17:56:55,1,0,0,1
2021-07-03 17:56:56,5,0,1,6
2021-07-03 17:56:57,4,0,0,4
2021-07-03 17:56:58,2,0,0,2
2021-07-03 17:56:59,6,0,0,6
2021-07-03 17:57:01,25,0,10,35
2021-07-03 17:57:02,0,0,0,0
2021-07-03 17:57:03,0,0,0,0
2021-07-03 17:57:04,0,0,0,0
2021-07-03 17:57:05,12,0,4,16
2021-07-03 17:57:06,9,1,2,12
2021-07-03 17:57:08,4,0,0,4
2021-07-03 17:57:09,0,0,0,0
2021-07-03 17:57:10,2,0,0,2
2021-07-03 17:57:11,0,0,0,0
2021-07-03 17:57:12,1,0,0,1
2021-07-03 17:57:14,0,0,0,0
2021-07-03 17:57:15,7,0,1,8
2021-07-03 17:57:17,3,2,1,6
2021-07-03 17:57:18,1,0,0,1
2021-07-03 17:57:19,0,0,0,0
2021-07-03 17:57:21,715,20,10,745
2021-07-03 17:57:22,1,0,0,1
2021-07-03 17:57:24,140,4,23,167
2021-07-03 17:57:25,0,0,0,0
2021-07-03 17:57:27,264,6,49,319
2021-07-03 17:57:28,13,2,0,15
2021-07-03 17:57:29,3,0,0,3
2021-07-03 17:57:30,11,0,0,11
2021-07-03 17:57:31,1,0,0,1
2021-07-03 17:57:32,10,1,1,12
2021-07-03 17:57:33,1,0,0,1
2021-07-03 17:57:34,1,0,0,1
2021-07-03 17:57:35,3,0,1,4
2021-07-03 17:57:36,1,0,0,1
2021-07-03 17:57:37,0,0,0,0
2021-07-03 17:57:38,2,0,0,2
2021-07-03 17:57:39,0,0,0,0
2021-07-03 17:57:40,2,0,1,3
2021-07-03 17:57:41,15,1,2,18
2021-07-03 17:57:42,1,0,0,1
2021-07-03 17:57:43,1,0,0,1
2021-07-03 17:57:44,0,0,0,0
2021-07-03 17:57:45,0,0,0,0
2021-07-03 17:57:46,0,0,0,0
2021-07-03 17:57:48,2,0,0,2
2021-07-03 17:57:49,10,6,6,22
2021-07-03 17:57:50,10,0,5,15
2021-07-03 17:57:52,4,0,0,4
2021-07-03 17:57:53,0,0,0,0
2021-07-03 17:57:54,19,3,4,26
2021-07-03 17:57:55,1,0,1,2
2021-07-03 17:57:56,5675,49,544,6268
2021-07-03 17:57:57,0,0,0,0
2021-07-03 17:57:58,2,0,2,4
2021-07-03 17:57:59,4,0,0,4
2021-07-03 17:58:00,3,0,1,4
2021-07-03 17:58:01,0,0,0,0
2021-07-03 17:58:02,0,0,0,0
2021-07-03 17:58:03,20,4,2,26
2021-07-03 17:58:04,2,0,1,3
2021-07-03 17:58:05,47,3,17,67
2021-07-03 17:58:06,0,0,0,0
2021-07-03 17:58:07,1,0,0,1
2021-07-03 17:58:08,18,0,1,19
2021-07-03 17:58:09,5,0,0,5
2021-07-03 17:58:10,23,0,0,23
2021-07-03 17:58:11,1,0,0,1
2021-07-03 17:58:12,11,1,1,13
2021-07-03 17:58:13,2,0,0,2
2021-07-03 17:58:14,2,0,0,2
2021-07-03 17:58:15,4,0,0,4
2021-07-03 17:58:16,5,0,0,5
2021-07-03 17:58:19,2,0,1,3
2021-07-03 17:58:20,102,1,24,127
2021-07-03 17:58:21,0,0,1,1
2021-07-03 17:58:22,8,0,1,9
2021-07-03 17:58:23,14,0,2,16
2021-07-03 17:58:24,5239,87,673,5999
2021-07-03 17:58:25,0,0,0,0
2021-07-03 17:58:27,0,0,0,0
2021-07-03 17:58:28,2,0,0,2
2021-07-03 17:58:29,2,0,1,3
2021-07-03 17:58:30,7,0,0,7
2021-07-03 17:58:31,138,4,39,181
2021-07-03 17:58:32,1,0,0,1
2021-07-03 17:58:34,1,0,0,1
2021-07-03 17:58:35,1,2,0,3
2021-07-03 17:58:37,40,1,9,50
2021-07-03 17:58:38,0,0,0,0
2021-07-03 17:58:39,0,0,0,0
2021-07-03 17:58:40,2,0,1,3
2021-07-03 17:58:41,32,2,8,42
2021-07-03 17:58:42,345,7,75,427
2021-07-03 17:58:45,0,0,0,0
2021-07-03 17:58:47,11,8,0,19
2021-07-03 17:58:48,0,0,0,0
2021-07-03 17:58:49,4,1,0,5
2021-07-03 17:58:50,1,0,1,2
2021-07-03 17:58:51,3,0,1,4
2021-07-03 17:58:53,12,0,1,13
2021-07-03 17:58:54,0,1,0,1
2021-07-03 17:58:55,21,0,3,24
2021-07-03 17:58:56,2,0,0,2
2021-07-03 17:58:57,2,0,0,2
2021-07-03 17:58:58,3,0,0,3
2021-07-03 17:58:59,6,1,0,7
2021-07-03 17:59:01,38,0,2,40
2021-07-03 17:59:02,0,0,0,0
2021-07-03 17:59:03,0,0,0,0
2021-07-03 17:59:04,25,0,6,31
2021-07-03 17:59:05,1,0,0,1
2021-07-03 17:59:06,134,0,24,158
2021-07-03 17:59:07,0,0,0,0
2021-07-03 17:59:08,5,0,2,7
2021-07-03 17:59:09,0,0,0,0
2021-07-03 17:59:10,0,1,0,1
2021-07-03 17:59:11,1,0,1,2
2021-07-03 17:59:12,10,0,1,11
2021-07-03 17:59:14,4,0,0,4
2021-07-03 17:59:16,0,0,0,0
2021-07-03 17:59:17,31,1,7,39
2021-07-03 17:59:18,0,0,0,0
2021-07-03 17:59:20,8,1,1,10
2021-07-03 17:59:21,0,0,0,0
2021-07-03 17:59:22,1,0,1,2
2021-07-03 17:59:23,0,0,0,0
2021-07-03 17:59:24,25,1,2,28
2021-07-03 17:59:25,0,0,0,0
2021-07-03 17:59:28,0,0,0,0
2021-07-03 17:59:29,167,4,29,200
2021-07-03 17:59:30,3,0,0,3
2021-07-03 17:59:31,61,0,16,77
2021-07-03 17:59:32,102,1,11,114
2021-07-03 17:59:33,2,0,0,2
2021-07-03 17:59:34,26,0,4,30
2021-07-03 17:59:35,12,0,1,13
2021-07-03 17:59:36,14,0,0,14
2021-07-03 17:59:37,19,0,5,24
2021-07-03 17:59:38,2,0,0,2
2021-07-03 17:59:40,23,0,6,29
2021-07-03 17:59:41,5,0,2,7
2021-07-03 17:59:42,3,0,0,3
2021-07-03 17:59:43,16,4,1,21
2021-07-03 17:59:46,2,0,0,2
2021-07-03 17:59:47,3,2,0,5
2021-07-03 17:59:48,2,0,1,3
2021-07-03 17:59:50,767,12,234,1013
2021-07-03 17:59:51,2,0,0,2
2021-07-03 17:59:52,4,0,3,7
2021-07-03 17:59:53,20,0,1,21
2021-07-03 17:59:54,13,0,3,16
2021-07-03 17:59:55,49,0,6,55
2021-07-03 17:59:56,2,0,0,2
2021-07-03 17:59:57,6,0,0,6
2021-07-03 17:59:58,1,0,0,1
2021-07-03 17:59:59,52,0,14,66
2021-07-03 18:00:00,634,16,108,758
2021-07-03 18:00:01,6,0,4,10
2021-07-03 18:00:03,2,1,0,3
2021-07-03 18:00:04,12,0,0,12
2021-07-03 18:00:07,0,1,0,1
2021-07-03 18:00:08,2,0,0,2
2021-07-03 18:00:09,152,0,65,217
2021-07-03 18:00:10,0,0,0,0
2021-07-03 18:00:11,4,1,0,5
2021-07-03 18:00:12,0,0,0,0
2021-07-03 18:00:13,0,0,0,0
2021-07-03 18:00:14,7,1,0,8
2021-07-03 18:00:15,0,0,0,0
2021-07-03 18:00:16,0,0,0,0
2021-07-03 18:00:18,1,0,0,1
2021-07-03 18:00:19,16,1,6,23
2021-07-03 18:00:20,0,0,0,0
2021-07-03 18:00:21,6,0,1,7
2021-07-03 18:00:22,8,0,2,10
2021-07-03 18:00:26,2,0,1,3
2021-07-03 18:00:28,2,0,1,3
2021-07-03 18:00:30,67,2,7,76
2021-07-03 18:00:31,35,2,9,46
2021-07-03 18:00:32,0,0,0,0
2021-07-03 18:00:35,0,0,0,0
2021-07-03 18:00:37,36,1,2,39
2021-07-03 18:00:39,0,0,0,0
2021-07-03 18:00:41,0,0,0,0
2021-07-03 18:00:42,1,0,0,1
2021-07-03 18:00:43,0,1,0,1
2021-07-03 18:00:44,0,0,0,0
2021-07-03 18:00:46,0,0,0,0
2021-07-03 18:00:47,2,0,0,2
2021-07-03 18:00:48,0,0,0,0
2021-07-03 18:00:49,19,1,5,25
2021-07-03 18:00:50,3,0,1,4
2021-07-03 18:00:51,0,0,0,0
2021-07-03 18:00:52,11,2,2,15
2021-07-03 18:00:53,2,0,1,3
2021-07-03 18:00:55,8,0,10,18
2021-07-03 18:00:56,9,0,3,12
2021-07-03 18:00:57,0,0,0,0
2021-07-03 18:00:58,4,0,2,6
2021-07-03 18:01:00,3,0,2,5
2021-07-03 18:01:01,75,2,19,96
2021-07-03 18:01:02,4,0,2,6
2021-07-03 18:01:03,3,0,0,3
2021-07-03 18:01:04,4,0,1,5
2021-07-03 18:01:05,45,0,6,51
2021-07-03 18:01:09,0,0,0,0
2021-07-03 18:01:10,0,0,0,0
2021-07-03 18:01:11,9,0,2,11
2021-07-03 18:01:12,1,0,0,1
2021-07-03 18:01:13,1,0,0,1
2021-07-03 18:01:15,0,0,0,0
2021-07-03 18:01:16,2,0,0,2
2021-07-03 18:01:18,6,0,4,10
2021-07-03 18:01:19,0,0,0,0
2021-07-03 18:01:20,9,1,0,10
2021-07-03 18:01:21,19,1,4,24
2021-07-03 18:01:22,2,0,0,2
2021-07-03 18:01:24,5,0,1,6
2021-07-03 18:01:25,1,0,0,1
2021-07-03 18:01:26,85,0,24,109
2021-07-03 18:01:27,1204,14,166,1384
2021-07-03 18:01:28,78,0,25,103
2021-07-03 18:01:29,5,0,0,5
2021-07-03 18:01:30,1,0,0,1
2021-07-03 18:01:32,1,0,0,1
2021-07-03 18:01:33,11,0,2,13
2021-07-03 18:01:34,0,0,0,0
2021-07-03 18:01:36,0,0,0,0
2021-07-03 18:01:37,1,0,0,1
2021-07-03 18:01:38,0,0,0,0
2021-07-03 18:01:40,5,1,0,6
2021-07-03 18:01:41,0,0,0,0
2021-07-03 18:01:42,0,0,0,0
2021-07-03 18:01:43,141,1,15,157
2021-07-03 18:01:44,178,4,32,214
2021-07-03 18:01:45,0,0,0,0
2021-07-03 18:01:46,15,0,5,20
2021-07-03 18:01:48,0,0,0,0
2021-07-03 18:01:49,6,0,0,6
2021-07-03 18:01:50,1,0,0,1
2021-07-03 18:01:51,0,1,0,1
2021-07-03 18:01:53,0,0,0,0
2021-07-03 18:01:54,1,0,0,1
2021-07-03 18:01:55,0,0,0,0
2021-07-03 18:01:56,4,0,2,6
2021-07-03 18:01:58,0,0,0,0
2021-07-03 18:01:59,1,0,1,2
2021-07-03 18:02:00,6,2,1,9
2021-07-03 18:02:01,6,0,5,11
2021-07-03 18:02:02,2,0,0,2
2021-07-03 18:02:04,0,0,1,1
2021-07-03 18:02:05,22,2,10,34
2021-07-03 18:02:10,3,0,0,3
2021-07-03 18:02:12,8,0,2,10
2021-07-03 18:02:13,0,0,0,0
2021-07-03 18:02:14,0,0,0,0
2021-07-03 18:02:15,6,1,2,9
2021-07-03 18:02:16,2,0,1,3
2021-07-03 18:02:17,6,0,8,14
2021-07-03 18:02:18,5,0,0,5
2021-07-03 18:02:19,5,0,0,5
2021-07-03 18:02:20,1,0,0,1
2021-07-03 18:02:21,0,0,0,0
2021-07-03 18:02:22,0,0,0,0
2021-07-03 18:02:23,1,0,1,2
2021-07-03 18:02:24,0,0,0,0
2021-07-03 18:02:25,16,0,1,17
2021-07-03 18:02:26,2,0,0,2
2021-07-03 18:02:27,1,0,0,1
2021-07-03 18:02:28,3,0,0,3
2021-07-03 18:02:29,0,0,0,0
2021-07-03 18:02:31,3,0,0,3
2021-07-03 18:02:33,0,0,0,0
2021-07-03 18:02:34,0,0,0,0
2021-07-03 18:02:35,2,0,0,2
2021-07-03 18:02:36,3171,53,624,3848
2021-07-03 18:02:37,0,0,0,0
2021-07-03 18:02:38,0,0,0,0
2021-07-03 18:02:39,88,1,1,90
2021-07-03 18:02:40,3,0,1,4
2021-07-03 18:02:43,3,0,1,4
2021-07-03 18:02:44,0,0,0,0
2021-07-03 18:02:45,2,0,0,2
2021-07-03 18:02:47,0,0,0,0
2021-07-03 18:02:48,365,6,71,442
2021-07-03 18:02:49,25,0,8,33
2021-07-03 18:02:50,2,0,0,2
2021-07-03 18:02:51,234,4,58,296
2021-07-03 18:02:52,0,0,0,0
2021-07-03 18:02:53,8,1,1,10
2021-07-03 18:02:54,3,0,0,3
2021-07-03 18:02:56,14,1,2,17
2021-07-03 18:02:58,10,0,1,11
2021-07-03 18:02:59,0,0,0,0
2021-07-03 18:03:00,1,0,0,1
2021-07-03 18:03:01,16,0,4,20
2021-07-03 18:03:02,2,0,0,2
2021-07-03 18:03:03,66,2,10,78
2021-07-03 18:03:04,4,0,0,4
2021-07-03 18:03:06,2,0,0,2
2021-07-03 18:03:07,2,0,0,2
2021-07-03 18:03:08,0,0,0,0
2021-07-03 18:03:09,0,0,0,0
2021-07-03 18:03:10,1,0,1,2
2021-07-03 18:03:11,6,0,0,6
2021-07-03 18:03:12,8,0,3,11
2021-07-03 18:03:13,112,1,25,138
2021-07-03 18:03:14,1,0,0,1
2021-07-03 18:03:17,2,0,0,2
2021-07-03 18:03:19,4,0,2,6
2021-07-03 18:03:20,0,0,0,0
2021-07-03 18:03:21,2,0,0,2
2021-07-03 18:03:23,86,4,10,100
2021-07-03 18:03:24,1,0,0,1
2021-07-03 18:03:25,1,0,0,1
2021-07-03 18:03:26,19,1,7,27
2021-07-03 18:03:27,0,0,0,0
2021-07-03 18:03:32,0,0,0,0
2021-07-03 18:03:34,8,2,0,10
2021-07-03 18:03:35,2,1,0,3
2021-07-03 18:03:38,6,0,1,7
2021-07-03 18:03:39,4,0,0,4
2021-07-03 18:03:40,2,0,0,2
2021-07-03 18:03:41,214,6,7,227
2021-07-03 18:03:42,0,0,0,0
2021-07-03 18:03:44,10,0,2,12
2021-07-03 18:03:45,0,0,0,0
2021-07-03 18:03:46,3,0,0,3
2021-07-03 18:03:47,0,0,0,0
2021-07-03 18:03:48,5,0,2,7
2021-07-03 18:03:49,2,0,1,3
2021-07-03 18:03:50,2,0,0,2
2021-07-03 18:03:52,11,0,1,12
2021-07-03 18:03:53,8,1,1,10
2021-07-03 18:03:54,6,0,1,7
2021-07-03 18:03:55,1,0,0,1
2021-07-03 18:03:57,12,1,1,14
2021-07-03 18:03:59,2,0,1,3
2021-07-03 18:04:00,5,0,2,7
2021-07-03 18:04:01,454,13,111,578
2021-07-03 18:04:02,1,0,0,1
2021-07-03 18:04:03,0,0,0,0
2021-07-03 18:04:05,6,0,3,9
2021-07-03 18:04:06,63,4,17,84
2021-07-03 18:04:08,13,0,3,16
2021-07-03 18:04:09,0,0,0,0
2021-07-03 18:04:10,2,1,0,3
2021-07-03 18:04:12,8,0,2,10
2021-07-03 18:04:13,0,0,0,0
2021-07-03 18:04:15,8,0,2,10
2021-07-03 18:04:16,383,8,73,464
2021-07-03 18:04:17,29,3,9,41
2021-07-03 18:04:18,14,0,0,14
2021-07-03 18:04:19,2,0,1,3
2021-07-03 18:04:21,1,0,1,2
2021-07-03 18:04:23,47,0,0,47
2021-07-03 18:04:26,6,0,1,7
2021-07-03 18:04:27,2,0,0,2
2021-07-03 18:04:29,1,0,0,1
2021-07-03 18:04:30,1,0,0,1
2021-07-03 18:04:31,8,0,3,11
2021-07-03 18:04:32,1,0,2,3
2021-07-03 18:04:34,2,2,0,4
2021-07-03 18:04:35,0,0,0,0
2021-07-03 18:04:37,4,0,0,4
2021-07-03 18:04:40,66,1,13,80
2021-07-03 18:04:41,98,0,8,106
2021-07-03 18:04:43,0,0,0,0
2021-07-03 18:04:45,4,0,1,5
2021-07-03 18:04:46,1,0,0,1
2021-07-03 18:04:47,2,0,0,2
2021-07-03 18:04:48,17,0,2,19
2021-07-03 18:04:49,8,0,1,9
2021-07-03 18:04:53,0,0,0,0
2021-07-03 18:04:54,1,0,0,1
2021-07-03 18:04:55,0,0,0,0
2021-07-03 18:04:57,2,0,0,2
2021-07-03 18:04:58,15,0,1,16
2021-07-03 18:05:00,4,0,1,5
2021-07-03 18:05:01,35,1,11,47
2021-07-03 18:05:02,180,6,34,220
2021-07-03 18:05:03,0,0,0,0
2021-07-03 18:05:04,1,0,0,1
2021-07-03 18:05:05,1,0,0,1
2021-07-03 18:05:06,6,0,0,6
2021-07-03 18:05:07,59,0,18,77
2021-07-03 18:05:08,5,0,0,5
2021-07-03 18:05:09,3,0,0,3
2021-07-03 18:05:11,1,0,0,1
2021-07-03 18:05:12,83,2,4,89
2021-07-03 18:05:14,7,0,3,10
2021-07-03 18:05:16,7,0,0,7
2021-07-03 18:05:17,4,1,0,5
2021-07-03 18:05:18,23,2,1,26
2021-07-03 18:05:19,7,1,2,10
2021-07-03 18:05:20,1,0,0,1
2021-07-03 18:05:21,1,0,0,1
2021-07-03 18:05:22,1,0,0,1
2021-07-03 18:05:23,0,1,0,1
2021-07-03 18:05:24,4,0,1,5
2021-07-03 18:05:25,3,0,0,3
2021-07-03 18:05:27,1,0,0,1
2021-07-03 18:05:28,0,0,0,0
2021-07-03 18:05:29,3,0,1,4
2021-07-03 18:05:30,0,0,0,0
2021-07-03 18:05:31,0,0,0,0
2021-07-03 18:05:32,0,0,0,0
2021-07-03 18:05:34,0,0,0,0
2021-07-03 18:05:35,218,5,22,245
2021-07-03 18:05:36,0,0,0,0
2021-07-03 18:05:37,3,0,0,3
2021-07-03 18:05:38,2,0,0,2
2021-07-03 18:05:40,2,0,0,2
2021-07-03 18:05:42,118,3,6,127
2021-07-03 18:05:43,1,0,0,1
2021-07-03 18:05:44,0,0,0,0
2021-07-03 18:05:45,0,0,0,0
2021-07-03 18:05:46,16,1,6,23
2021-07-03 18:05:48,3,0,0,3
2021-07-03 18:05:49,1,0,0,1
2021-07-03 18:05:50,17,0,3,20
2021-07-03 18:05:51,0,0,0,0
2021-07-03 18:05:52,66,4,14,84
2021-07-03 18:05:54,0,0,0,0
2021-07-03 18:05:55,0,0,0,0
2021-07-03 18:05:56,8,0,5,13
2021-07-03 18:05:58,8,0,0,8
2021-07-03 18:05:59,16,1,1,18
2021-07-03 18:06:02,1,0,0,1
2021-07-03 18:06:03,2,0,0,2
2021-07-03 18:06:04,38,1,12,51
2021-07-03 18:06:05,2,0,0,2
2021-07-03 18:06:07,22,2,4,28
2021-07-03 18:06:09,0,0,0,0
2021-07-03 18:06:10,1,1,1,3
2021-07-03 18:06:11,18,0,8,26
2021-07-03 18:06:12,437,7,75,519
2021-07-03 18:06:14,19,0,5,24
2021-07-03 18:06:16,0,0,0,0
2021-07-03 18:06:18,12,0,2,14
2021-07-03 18:06:20,2,0,0,2
2021-07-03 18:06:21,1,0,0,1
2021-07-03 18:06:23,1,0,0,1
2021-07-03 18:06:24,4,0,1,5
2021-07-03 18:06:25,7,0,1,8
2021-07-03 18:06:26,272,0,52,324
2021-07-03 18:06:27,0,0,0,0
2021-07-03 18:06:28,6,4,4,14
2021-07-03 18:06:29,4,0,1,5
2021-07-03 18:06:31,4,0,0,4
2021-07-03 18:06:32,1,0,0,1
2021-07-03 18:06:34,0,0,0,0
2021-07-03 18:06:35,1,0,0,1
2021-07-03 18:06:36,689,26,144,859
2021-07-03 18:06:38,0,0,0,0
2021-07-03 18:06:39,168,1,39,208
2021-07-03 18:06:40,1,0,0,1
2021-07-03 18:06:41,3,1,2,6
2021-07-03 18:06:43,1,0,0,1
2021-07-03 18:06:45,0,0,0,0
2021-07-03 18:06:48,0,0,0,0
2021-07-03 18:06:49,1,0,0,1
2021-07-03 18:06:50,0,0,0,0
2021-07-03 18:06:51,0,0,0,0
2021-07-03 18:06:52,6,0,1,7
2021-07-03 18:06:53,0,0,0,0
2021-07-03 18:06:54,39,0,7,46
2021-07-03 18:06:55,2,0,0,2
2021-07-03 18:06:56,0,0,0,0
2021-07-03 18:06:57,4,0,0,4
2021-07-03 18:06:58,2,0,0,2
2021-07-03 18:07:00,232,8,27,267
2021-07-03 18:07:01,0,0,0,0
2021-07-03 18:07:03,0,0,0,0
2021-07-03 18:07:04,0,0,0,0
2021-07-03 18:07:05,0,0,0,0
2021-07-03 18:07:08,8,0,2,10
2021-07-03 18:07:09,0,0,0,0
2021-07-03 18:07:10,11,2,0,13
2021-07-03 18:07:11,1,0,0,1
2021-07-03 18:07:12,0,0,0,0
2021-07-03 18:07:13,0,0,0,0
2021-07-03 18:07:14,9,0,0,9
2021-07-03 18:07:15,2,0,0,2
2021-07-03 18:07:16,7,1,2,10
2021-07-03 18:07:17,16,0,0,16
2021-07-03 18:07:18,3,0,1,4
2021-07-03 18:07:19,0,0,0,0
2021-07-03 18:07:22,1,0,1,2
2021-07-03 18:07:23,1,0,0,1
2021-07-03 18:07:24,2,0,0,2
2021-07-03 18:07:25,9,1,0,10
2021-07-03 18:07:26,1,0,0,1
2021-07-03 18:07:27,2,1,2,5
2021-07-03 18:07:29,0,2,0,2
2021-07-03 18:07:30,860,23,112,995
2021-07-03 18:07:31,0,0,0,0
2021-07-03 18:07:32,9,1,0,10
2021-07-03 18:07:33,1,0,0,1
2021-07-03 18:07:34,9,0,4,13
2021-07-03 18:07:35,1,0,1,2
2021-07-03 18:07:36,3,0,1,4
2021-07-03 18:07:37,5,0,0,5
2021-07-03 18:07:39,390,13,17,420
2021-07-03 18:07:40,1,0,0,1
2021-07-03 18:07:42,0,0,0,0
2021-07-03 18:07:43,7164,165,983,8312
2021-07-03 18:07:44,222,3,21,246
2021-07-03 18:07:45,1,0,0,1
2021-07-03 18:07:47,0,0,0,0
2021-07-03 18:07:48,147,6,46,199
2021-07-03 18:07:49,0,0,0,0
2021-07-03 18:07:50,1,0,0,1
2021-07-03 18:07:51,16,2,1,19
2021-07-03 18:07:52,454,2,98,554
2021-07-03 18:07:53,0,0,0,0
2021-07-03 18:07:54,14,0,0,14
2021-07-03 18:07:55,0,0,0,0
2021-07-03 18:07:56,0,0,0,0
2021-07-03 18:07:57,0,0,0,0
2021-07-03 18:07:59,579,27,131,737
2021-07-03 18:08:02,0,0,0,0
2021-07-03 18:08:05,2,0,0,2
2021-07-03 18:08:06,0,0,0,0
2021-07-03 18:08:08,1,0,0,1
2021-07-03 18:08:09,0,1,0,1
2021-07-03 18:08:10,477,4,41,522
2021-07-03 18:08:13,1,0,0,1
2021-07-03 18:08:14,12,1,0,13
2021-07-03 18:08:16,22,0,4,26
2021-07-03 18:08:17,1,0,0,1
2021-07-03 18:08:19,7,0,3,10
2021-07-03 18:08:20,600,5,130,735
2021-07-03 18:08:21,89,3,32,124
2021-07-03 18:08:22,0,0,0,0
2021-07-03 18:08:23,0,0,0,0
2021-07-03 18:08:24,4,0,2,6
2021-07-03 18:08:25,136,4,38,178
2021-07-03 18:08:28,1,0,0,1
2021-07-03 18:08:29,1,0,1,2
2021-07-03 18:08:30,1,0,0,1
2021-07-03 18:08:31,60,1,18,79
2021-07-03 18:08:32,3749,60,142,3951
2021-07-03 18:08:34,1,0,0,1
2021-07-03 18:08:35,16,0,4,20
2021-07-03 18:08:36,1,0,1,2
2021-07-03 18:08:37,4,0,1,5
2021-07-03 18:08:38,0,0,0,0
2021-07-03 18:08:39,2,0,0,2
2021-07-03 18:08:40,2,0,0,2
2021-07-03 18:08:41,4,0,0,4
2021-07-03 18:08:42,171,2,51,224
2021-07-03 18:08:44,2,1,0,3
2021-07-03 18:08:45,4,0,0,4
2021-07-03 18:08:46,196,4,32,232
2021-07-03 18:08:48,3,0,0,3
2021-07-03 18:08:50,3,0,0,3
2021-07-03 18:08:51,1,0,1,2
2021-07-03 18:08:52,0,0,0,0
2021-07-03 18:08:54,0,0,0,0
2021-07-03 18:08:55,8,0,1,9
2021-07-03 18:08:56,2,0,0,2
2021-07-03 18:08:57,2,0,0,2
2021-07-03 18:08:58,21,0,4,25
2021-07-03 18:09:01,0,0,0,0
2021-07-03 18:09:02,3,0,2,5
2021-07-03 18:09:03,1,0,0,1
2021-07-03 18:09:04,1,0,0,1
2021-07-03 18:09:05,22,0,7,29
2021-07-03 18:09:06,4,0,0,4
2021-07-03 18:09:10,16,0,4,20
2021-07-03 18:09:12,9662,127,1274,11063
2021-07-03 18:09:13,4,0,0,4
2021-07-03 18:09:14,4,1,3,8
2021-07-03 18:09:17,1,0,0,1
2021-07-03 18:09:18,0,0,0,0
2021-07-03 18:09:20,0,0,0,0
2021-07-03 18:09:22,648,5,94,747
2021-07-03 18:09:24,2,0,0,2
2021-07-03 18:09:26,1,0,0,1
2021-07-03 18:09:28,9,3,2,14
2021-07-03 18:09:29,1,0,0,1
2021-07-03 18:09:30,1,0,1,2
2021-07-03 18:09:31,0,0,0,0
2021-07-03 18:09:32,2,0,2,4
2021-07-03 18:09:33,2,0,0,2
2021-07-03 18:09:34,0,0,0,0
2021-07-03 18:09:35,0,0,0,0
2021-07-03 18:09:36,9,0,0,9
2021-07-03 18:09:37,0,0,0,0
2021-07-03 18:09:38,2,0,0,2
2021-07-03 18:09:39,17,0,8,25
2021-07-03 18:09:40,0,0,0,0
2021-07-03 18:09:41,3,0,0,3
2021-07-03 18:09:43,2,0,0,2
2021-07-03 18:09:44,1,0,0,1
2021-07-03 18:09:45,666,4,114,784
2021-07-03 18:09:46,62,3,0,65
2021-07-03 18:09:48,0,0,0,0
2021-07-03 18:09:50,206,4,34,244
2021-07-03 18:09:51,2,0,0,2
2021-07-03 18:09:52,0,0,0,0
2021-07-03 18:09:54,2,0,0,2
2021-07-03 18:09:56,47,6,5,58
2021-07-03 18:09:57,0,0,0,0
2021-07-03 18:09:58,2,0,2,4
2021-07-03 18:09:59,0,0,0,0
2021-07-03 18:10:00,331,17,71,419
2021-07-03 18:10:01,12,0,2,14
2021-07-03 18:10:02,38,0,6,44
2021-07-03 18:10:03,21,2,3,26
2021-07-03 18:10:04,12,1,0,13
2021-07-03 18:10:05,6,0,1,7
2021-07-03 18:10:07,2,0,0,2
2021-07-03 18:10:08,1,0,0,1
2021-07-03 18:10:12,82,2,9,93
2021-07-03 18:10:14,2,0,0,2
2021-07-03 18:10:15,0,0,0,0
2021-07-03 18:10:17,7,0,0,7
2021-07-03 18:10:18,3,0,0,3
2021-07-03 18:10:20,1,0,0,1
2021-07-03 18:10:21,16,0,2,18
2021-07-03 18:10:22,38,1,8,47
2021-07-03 18:10:23,1,0,0,1
2021-07-03 18:10:24,0,0,1,1
2021-07-03 18:10:25,13,0,6,19
2021-07-03 18:10:27,0,0,0,0
2021-07-03 18:10:28,0,0,0,0
2021-07-03 18:10:29,1,0,0,1
2021-07-03 18:10:30,26,2,6,34
2021-07-03 18:10:31,1,0,0,1
2021-07-03 18:10:32,1,0,1,2
2021-07-03 18:10:33,1,0,0,1
2021-07-03 18:10:35,1,0,0,1
2021-07-03 18:10:36,5,1,5,11
2021-07-03 18:10:38,9,1,2,12
2021-07-03 18:10:39,47,1,16,64
2021-07-03 18:10:40,1,0,0,1
2021-07-03 18:10:41,5,0,0,5
2021-07-03 18:10:42,0,0,0,0
2021-07-03 18:10:44,24,0,5,29
2021-07-03 18:10:47,1,0,0,1
2021-07-03 18:10:48,0,0,0,0
2021-07-03 18:10:49,2,0,0,2
2021-07-03 18:10:51,1254,17,174,1445
2021-07-03 18:10:52,0,0,0,0
2021-07-03 18:10:53,0,0,0,0
2021-07-03 18:10:54,1,0,0,1
2021-07-03 18:10:55,1,0,0,1
2021-07-03 18:10:57,0,0,0,0
2021-07-03 18:10:58,0,0,0,0
2021-07-03 18:10:59,4,0,0,4
2021-07-03 18:11:02,11,0,2,13
2021-07-03 18:11:03,0,0,0,0
2021-07-03 18:11:05,15,0,1,16
2021-07-03 18:11:06,0,1,0,1
2021-07-03 18:11:07,2,0,0,2
2021-07-03 18:11:08,5,0,0,5
2021-07-03 18:11:09,169,11,41,221
2021-07-03 18:11:10,48,0,12,60
2021-07-03 18:11:11,0,0,1,1
2021-07-03 18:11:14,12,2,1,15
2021-07-03 18:11:15,2,0,3,5
2021-07-03 18:11:16,1,0,1,2
2021-07-03 18:11:17,2,0,1,3
2021-07-03 18:11:19,20,0,7,27
2021-07-03 18:11:20,15,1,1,17
2021-07-03 18:11:21,1,0,1,2
2021-07-03 18:11:22,0,0,1,1
2021-07-03 18:11:23,458,5,60,523
2021-07-03 18:11:24,1,0,1,2
2021-07-03 18:11:26,0,0,1,1
2021-07-03 18:11:27,5,0,3,8
2021-07-03 18:11:28,9,0,2,11
2021-07-03 18:11:30,65,1,10,76
2021-07-03 18:11:31,0,0,1,1
2021-07-03 18:11:32,1,0,0,1
2021-07-03 18:11:33,92,2,19,113
2021-07-03 18:11:34,6,1,5,12
2021-07-03 18:11:37,0,0,1,1
2021-07-03 18:11:40,7,0,2,9
2021-07-03 18:11:41,5,0,3,8
2021-07-03 18:11:42,3,0,1,4
2021-07-03 18:11:43,5,0,0,5
2021-07-03 18:11:44,12,2,2,16
2021-07-03 18:11:45,0,0,1,1
2021-07-03 18:11:46,5,0,1,6
2021-07-03 18:11:48,26,0,10,36
2021-07-03 18:11:49,2,0,2,4
2021-07-03 18:11:51,10,0,4,14
2021-07-03 18:11:52,2,0,2,4
2021-07-03 18:11:53,9,1,3,13
2021-07-03 18:11:54,36,2,8,46
2021-07-03 18:11:55,0,0,0,0
2021-07-03 18:11:56,0,0,0,0
2021-07-03 18:11:57,1,0,0,1
2021-07-03 18:11:58,161,0,43,204
2021-07-03 18:12:00,8,0,6,14
2021-07-03 18:12:01,0,0,0,0
2021-07-03 18:12:02,13,1,0,14
2021-07-03 18:12:04,0,0,0,0
2021-07-03 18:12:05,1,0,0,1
2021-07-03 18:12:07,432,12,70,514
2021-07-03 18:12:08,0,0,0,0
2021-07-03 18:12:10,6,2,0,8
2021-07-03 18:12:12,13,1,0,14
2021-07-03 18:12:14,13,2,3,18
2021-07-03 18:12:15,0,0,0,0
2021-07-03 18:12:16,0,0,0,0
2021-07-03 18:12:17,1,0,1,2
2021-07-03 18:12:20,0,0,0,0
2021-07-03 18:12:22,2,0,0,2
2021-07-03 18:12:23,45,1,14,60
2021-07-03 18:12:26,11,0,3,14
2021-07-03 18:12:27,1,0,0,1
2021-07-03 18:12:28,0,0,0,0
2021-07-03 18:12:34,8,0,1,9
2021-07-03 18:12:36,3,0,0,3
2021-07-03 18:12:37,1,0,1,2
2021-07-03 18:12:38,15,0,4,19
2021-07-03 18:12:39,15,1,4,20
2021-07-03 18:12:40,1,0,0,1
2021-07-03 18:12:41,914,6,194,1114
2021-07-03 18:12:43,1,0,1,2
2021-07-03 18:12:45,355,6,78,439
2021-07-03 18:12:46,0,0,0,0
2021-07-03 18:12:47,0,0,0,0
2021-07-03 18:12:51,0,0,0,0
2021-07-03 18:12:52,6,1,2,9
2021-07-03 18:12:54,0,0,0,0
2021-07-03 18:12:55,1,0,2,3
2021-07-03 18:12:56,32,0,4,36
2021-07-03 18:12:59,0,0,0,0
2021-07-03 18:13:01,0,0,0,0
2021-07-03 18:13:03,2,0,1,3
2021-07-03 18:13:06,6,0,0,6
2021-07-03 18:13:08,0,0,0,0
2021-07-03 18:13:09,4,1,0,5
2021-07-03 18:13:10,16,0,4,20
2021-07-03 18:13:11,1,0,0,1
2021-07-03 18:13:13,1,2,0,3
2021-07-03 18:13:14,12,1,0,13
2021-07-03 18:13:15,0,0,0,0
2021-07-03 18:13:17,13,0,3,16
2021-07-03 18:13:18,0,1,0,1
2021-07-03 18:13:19,6,0,2,8
2021-07-03 18:13:21,0,0,0,0
2021-07-03 18:13:23,11,0,1,12
2021-07-03 18:13:24,5,1,1,7
2021-07-03 18:13:25,1385,52,326,1763
2021-07-03 18:13:26,7,0,2,9
2021-07-03 18:13:28,0,0,0,0
2021-07-03 18:13:29,1,0,0,1
2021-07-03 18:13:31,18,0,1,19
2021-07-03 18:13:32,18,2,5,25
2021-07-03 18:13:33,17,0,2,19
2021-07-03 18:13:34,5,0,0,5
2021-07-03 18:13:35,4,0,2,6
2021-07-03 18:13:36,0,0,0,0
2021-07-03 18:13:37,202,6,50,258
2021-07-03 18:13:40,0,0,0,0
2021-07-03 18:13:42,1,0,0,1
2021-07-03 18:13:43,0,0,0,0
2021-07-03 18:13:44,2,0,0,2
2021-07-03 18:13:45,22,2,2,26
2021-07-03 18:13:46,0,0,0,0
2021-07-03 18:13:48,1,0,1,2
2021-07-03 18:13:53,1,0,1,2
2021-07-03 18:13:55,1,0,0,1
2021-07-03 18:13:56,6,4,0,10
2021-07-03 18:13:58,0,0,0,0
2021-07-03 18:13:59,1,0,1,2
2021-07-03 18:14:02,0,2,0,2
2021-07-03 18:14:03,812,16,127,955
2021-07-03 18:14:04,1,0,0,1
2021-07-03 18:14:05,244,6,72,322
2021-07-03 18:14:06,10,3,2,15
2021-07-03 18:14:07,28,2,23,53
2021-07-03 18:14:08,5,0,0,5
2021-07-03 18:14:10,67,2,23,92
2021-07-03 18:14:11,4,0,2,6
2021-07-03 18:14:12,3,0,0,3
2021-07-03 18:14:13,1,0,0,1
2021-07-03 18:14:15,2,0,0,2
2021-07-03 18:14:17,4,1,0,5
2021-07-03 18:14:19,8,1,1,10
2021-07-03 18:14:21,4,0,2,6
2021-07-03 18:14:22,661,8,121,790
2021-07-03 18:14:23,0,0,0,0
2021-07-03 18:14:24,0,0,0,0
2021-07-03 18:14:25,0,0,0,0
2021-07-03 18:14:26,0,0,0,0
2021-07-03 18:14:27,0,0,0,0
2021-07-03 18:14:29,3,0,0,3
2021-07-03 18:14:31,1,0,0,1
2021-07-03 18:14:32,5,0,2,7
2021-07-03 18:14:34,364,2,38,404
2021-07-03 18:14:35,15,0,1,16
2021-07-03 18:14:36,3,0,0,3
2021-07-03 18:14:37,3,1,0,4
2021-07-03 18:14:39,4,0,2,6
2021-07-03 18:14:41,0,0,0,0
2021-07-03 18:14:42,0,0,0,0
2021-07-03 18:14:43,0,0,0,0
2021-07-03 18:14:44,4,0,0,4
2021-07-03 18:14:46,4,0,0,4
2021-07-03 18:14:48,0,0,0,0
2021-07-03 18:14:49,0,0,0,0
2021-07-03 18:14:50,8,1,0,9
2021-07-03 18:14:51,1,0,0,1
2021-07-03 18:14:52,0,0,0,0
2021-07-03 18:14:53,8,0,0,8
2021-07-03 18:14:54,10,2,4,16
2021-07-03 18:14:56,0,0,0,0
2021-07-03 18:14:57,0,0,0,0
2021-07-03 18:14:58,2,0,0,2
2021-07-03 18:14:59,5,1,0,6
2021-07-03 18:15:00,1093,56,199,1348
2021-07-03 18:15:01,2,0,0,2
2021-07-03 18:15:03,14,2,4,20
2021-07-03 18:15:04,2,0,0,2
2021-07-03 18:15:05,0,0,0,0
2021-07-03 18:15:07,8,0,0,8
2021-07-03 18:15:08,0,1,0,1
2021-07-03 18:15:09,1,0,0,1
2021-07-03 18:15:11,97,2,18,117
2021-07-03 18:15:12,0,0,0,0
2021-07-03 18:15:13,7,2,0,9
2021-07-03 18:15:15,1,0,0,1
2021-07-03 18:15:17,5,1,0,6
2021-07-03 18:15:18,1753,16,253,2022
2021-07-03 18:15:19,11,2,0,13
2021-07-03 18:15:20,3,0,0,3
2021-07-03 18:15:21,23,0,4,27
2021-07-03 18:15:22,2,1,0,3
2021-07-03 18:15:23,624,8,188,820
2021-07-03 18:15:24,1,0,0,1
2021-07-03 18:15:25,2,0,0,2
2021-07-03 18:15:26,2,0,1,3
2021-07-03 18:15:27,193,8,38,239
2021-07-03 18:15:29,1,0,0,1
2021-07-03 18:15:31,14,6,2,22
2021-07-03 18:15:32,224,8,51,283
2021-07-03 18:15:33,12,0,2,14
2021-07-03 18:15:34,2,0,0,2
2021-07-03 18:15:35,5,2,2,9
2021-07-03 18:15:36,7,0,0,7
2021-07-03 18:15:38,4,0,0,4
2021-07-03 18:15:40,161,4,32,197
2021-07-03 18:15:42,18,2,3,23
2021-07-03 18:15:43,2,0,1,3
2021-07-03 18:15:44,8,3,1,12
2021-07-03 18:15:46,15,1,0,16
2021-07-03 18:15:48,7,1,0,8
2021-07-03 18:15:52,3,0,1,4
2021-07-03 18:15:54,165,2,40,207
2021-07-03 18:15:56,1,0,0,1
2021-07-03 18:15:57,1,0,0,1
2021-07-03 18:15:59,216,17,34,267
2021-07-03 18:16:00,8,1,0,9
2021-07-03 18:16:01,5,0,4,9
2021-07-03 18:16:03,1,0,0,1
2021-07-03 18:16:04,5,1,0,6
2021-07-03 18:16:06,2,0,0,2
2021-07-03 18:16:07,5,0,1,6
2021-07-03 18:16:08,26,0,9,35
2021-07-03 18:16:09,88,4,12,104
2021-07-03 18:16:11,2,0,0,2
2021-07-03 18:16:12,19,2,3,24
2021-07-03 18:16:13,4,0,0,4
2021-07-03 18:16:14,6,0,0,6
2021-07-03 18:16:15,2,0,0,2
2021-07-03 18:16:16,3,0,0,3
2021-07-03 18:16:18,2,2,0,4
2021-07-03 18:16:20,1,0,0,1
2021-07-03 18:16:21,2,0,0,2
2021-07-03 18:16:22,2,1,0,3
2021-07-03 18:16:23,4,0,0,4
2021-07-03 18:16:24,1,0,0,1
2021-07-03 18:16:25,10,1,1,12
2021-07-03 18:16:27,2,0,0,2
2021-07-03 18:16:28,16,0,18,34
2021-07-03 18:16:29,7,0,0,7
2021-07-03 18:16:30,34,2,6,42
2021-07-03 18:16:31,12,1,1,14
2021-07-03 18:16:32,2,0,0,2
2021-07-03 18:16:33,0,0,0,0
2021-07-03 18:16:34,2,0,0,2
2021-07-03 18:16:35,1,0,0,1
2021-07-03 18:16:36,12,0,0,12
2021-07-03 18:16:37,2,0,0,2
2021-07-03 18:16:39,7,0,0,7
2021-07-03 18:16:40,2,1,0,3
2021-07-03 18:16:41,3,0,0,3
2021-07-03 18:16:43,29,1,3,33
2021-07-03 18:16:44,6,0,0,6
2021-07-03 18:16:45,2,0,0,2
2021-07-03 18:16:46,53,4,11,68
2021-07-03 18:16:47,29,2,2,33
2021-07-03 18:16:48,34,3,2,39
2021-07-03 18:16:49,5,0,1,6
2021-07-03 18:16:50,3,1,0,4
2021-07-03 18:16:51,4,0,0,4
2021-07-03 18:16:53,2,0,0,2
2021-07-03 18:16:57,1,0,0,1
2021-07-03 18:16:58,1,0,0,1
2021-07-03 18:16:59,2,0,0,2
2021-07-03 18:17:00,1,0,0,1
2021-07-03 18:17:01,3,0,0,3
2021-07-03 18:17:04,10,0,1,11
2021-07-03 18:17:05,17,1,0,18
2021-07-03 18:17:06,109,2,16,127
2021-07-03 18:17:07,0,0,0,0
2021-07-03 18:17:08,1,0,0,1
2021-07-03 18:17:09,0,0,0,0
2021-07-03 18:17:10,27,1,6,34
2021-07-03 18:17:11,1,0,0,1
2021-07-03 18:17:13,2,0,0,2
2021-07-03 18:17:14,7,0,0,7
2021-07-03 18:17:15,4,2,3,9
2021-07-03 18:17:17,3,0,1,4
2021-07-03 18:17:18,8,0,0,8
2021-07-03 18:17:19,2,0,0,2
2021-07-03 18:17:20,0,0,0,0
2021-07-03 18:17:21,1,0,0,1
2021-07-03 18:17:23,0,0,0,0
2021-07-03 18:17:24,1,0,0,1
2021-07-03 18:17:25,32,0,2,34
2021-07-03 18:17:26,4,1,0,5
2021-07-03 18:17:28,1,1,0,2
2021-07-03 18:17:30,4,0,0,4
2021-07-03 18:17:31,1,0,1,2
2021-07-03 18:17:33,1,1,0,2
2021-07-03 18:17:34,65,2,0,67
2021-07-03 18:17:37,7156,136,1448,8740
2021-07-03 18:17:38,1,1,0,2
2021-07-03 18:17:39,0,0,0,0
2021-07-03 18:17:40,2,0,0,2
2021-07-03 18:17:41,6,0,0,6
2021-07-03 18:17:42,1,0,0,1
2021-07-03 18:17:43,0,0,0,0
2021-07-03 18:17:44,12,0,2,14
2021-07-03 18:17:46,5,0,0,5
2021-07-03 18:17:48,8,1,1,10
2021-07-03 18:17:52,3,4,1,8
2021-07-03 18:17:53,1,0,0,1
2021-07-03 18:17:54,0,0,0,0
2021-07-03 18:17:55,0,0,0,0
2021-07-03 18:17:56,1,1,0,2
2021-07-03 18:17:57,0,0,0,0
2021-07-03 18:17:58,10,2,6,18
2021-07-03 18:18:00,27,0,5,32
2021-07-03 18:18:01,0,0,0,0
2021-07-03 18:18:02,2,0,2,4
2021-07-03 18:18:05,0,0,0,0
2021-07-03 18:18:07,0,0,0,0
2021-07-03 18:18:08,0,0,0,0
2021-07-03 18:18:09,0,0,0,0
2021-07-03 18:18:10,2,1,0,3
2021-07-03 18:18:11,2,0,0,2
2021-07-03 18:18:12,1,0,0,1
2021-07-03 18:18:15,0,0,0,0
2021-07-03 18:18:16,0,0,0,0
2021-07-03 18:18:19,15,0,3,18
2021-07-03 18:18:20,8,0,0,8
2021-07-03 18:18:21,3,0,0,3
2021-07-03 18:18:22,10,0,0,10
2021-07-03 18:18:23,8,0,0,8
2021-07-03 18:18:25,2,0,1,3
2021-07-03 18:18:26,0,0,0,0
2021-07-03 18:18:28,2,0,0,2
2021-07-03 18:18:29,8,0,1,9
2021-07-03 18:18:30,0,0,0,0
2021-07-03 18:18:31,65,1,12,78
2021-07-03 18:18:32,1,0,0,1
2021-07-03 18:18:34,26,2,13,41
2021-07-03 18:18:38,4,1,1,6
2021-07-03 18:18:39,6,0,0,6
2021-07-03 18:18:40,3,0,2,5
2021-07-03 18:18:41,3,0,0,3
2021-07-03 18:18:43,0,0,0,0
2021-07-03 18:18:44,1,0,0,1
2021-07-03 18:18:45,0,0,0,0
2021-07-03 18:18:46,876,26,152,1054
2021-07-03 18:18:47,8,1,0,9
2021-07-03 18:18:49,0,0,0,0
2021-07-03 18:18:51,4,0,0,4
2021-07-03 18:18:52,3,0,2,5
2021-07-03 18:18:53,1,0,0,1
2021-07-03 18:18:54,1,1,0,2
2021-07-03 18:18:55,5,0,2,7
2021-07-03 18:18:56,1,0,0,1
2021-07-03 18:18:57,5,1,0,6
2021-07-03 18:19:00,1,0,0,1
2021-07-03 18:19:01,12,2,1,15
2021-07-03 18:19:02,3,0,0,3
2021-07-03 18:19:04,0,0,0,0
2021-07-03 18:19:05,0,0,0,0
2021-07-03 18:19:06,1202,14,92,1308
2021-07-03 18:19:07,0,0,0,0
2021-07-03 18:19:08,1,0,0,1
2021-07-03 18:19:10,1,0,0,1
2021-07-03 18:19:11,0,0,0,0
2021-07-03 18:19:12,332,10,249,591
2021-07-03 18:19:13,5,0,0,5
2021-07-03 18:19:14,0,0,0,0
2021-07-03 18:19:15,0,1,0,1
2021-07-03 18:19:16,16,1,4,21
2021-07-03 18:19:18,0,0,0,0
2021-07-03 18:19:20,0,0,0,0
2021-07-03 18:19:22,2,0,1,3
2021-07-03 18:19:23,1,0,0,1
2021-07-03 18:19:24,0,0,0,0
2021-07-03 18:19:25,512,14,127,653
2021-07-03 18:19:26,2,0,0,2
2021-07-03 18:19:27,1,0,0,1
2021-07-03 18:19:29,0,0,0,0
2021-07-03 18:19:30,20,0,6,26
2021-07-03 18:19:31,13,1,0,14
2021-07-03 18:19:32,2,0,1,3
2021-07-03 18:19:33,0,0,0,0
2021-07-03 18:19:34,3,0,0,3
2021-07-03 18:19:37,0,0,0,0
2021-07-03 18:19:40,0,0,0,0
2021-07-03 18:19:41,1,1,0,2
2021-07-03 18:19:42,1018,15,197,1230
2021-07-03 18:19:43,1,0,0,1
2021-07-03 18:19:44,0,0,0,0
2021-07-03 18:19:45,0,0,0,0
2021-07-03 18:19:47,19,0,5,24
2021-07-03 18:19:48,1,0,0,1
2021-07-03 18:19:50,1,0,0,1
2021-07-03 18:19:51,0,0,0,0
2021-07-03 18:19:52,1,0,0,1
2021-07-03 18:19:55,0,0,0,0
2021-07-03 18:19:56,1,0,0,1
2021-07-03 18:19:57,3,0,1,4
2021-07-03 18:19:58,3,0,1,4
2021-07-03 18:19:59,16,0,5,21
2021-07-03 18:20:00,560,13,103,676
2021-07-03 18:20:01,1,0,0,1
2021-07-03 18:20:02,0,0,0,0
2021-07-03 18:20:05,1,0,0,1
2021-07-03 18:20:08,1,0,0,1
2021-07-03 18:20:09,0,0,0,0
2021-07-03 18:20:10,3,1,0,4
2021-07-03 18:20:12,0,0,0,0
2021-07-03 18:20:13,20,0,5,25
2021-07-03 18:20:14,0,0,0,0
2021-07-03 18:20:15,2,0,0,2
2021-07-03 18:20:18,11,0,4,15
2021-07-03 18:20:19,50,3,9,62
2021-07-03 18:20:20,0,0,0,0
2021-07-03 18:20:21,1,0,0,1
2021-07-03 18:20:22,0,0,0,0
2021-07-03 18:20:23,12,0,2,14
2021-07-03 18:20:24,1,0,0,1
2021-07-03 18:20:25,40,0,9,49
2021-07-03 18:20:26,0,0,0,0
2021-07-03 18:20:27,0,0,1,1
2021-07-03 18:20:29,1,0,0,1
2021-07-03 18:20:31,0,0,0,0
2021-07-03 18:20:33,4,0,1,5
2021-07-03 18:20:34,1,0,0,1
2021-07-03 18:20:36,1,0,0,1
2021-07-03 18:20:37,0,0,0,0
2021-07-03 18:20:38,49,1,13,63
2021-07-03 18:20:40,15,0,0,15
2021-07-03 18:20:43,5,0,1,6
2021-07-03 18:20:46,23,1,1,25
2021-07-03 18:20:47,21,0,4,25
2021-07-03 18:20:48,17,1,4,22
2021-07-03 18:20:50,2,1,1,4
2021-07-03 18:20:51,0,0,0,0
2021-07-03 18:20:52,4,1,2,7
2021-07-03 18:20:54,0,0,0,0
2021-07-03 18:20:55,29,4,1,34
2021-07-03 18:20:56,2,0,2,4
2021-07-03 18:20:58,2,0,0,2
2021-07-03 18:20:59,0,0,0,0
2021-07-03 18:21:01,17,0,4,21
2021-07-03 18:21:03,178,3,31,212
2021-07-03 18:21:04,1,0,0,1
2021-07-03 18:21:05,4,0,0,4
2021-07-03 18:21:07,392,12,95,499
2021-07-03 18:21:09,6,0,3,9
2021-07-03 18:21:10,9,0,1,10
2021-07-03 18:21:11,12,0,1,13
2021-07-03 18:21:12,7,0,2,9
2021-07-03 18:21:13,6,0,0,6
2021-07-03 18:21:14,0,0,0,0
2021-07-03 18:21:15,5,0,1,6
2021-07-03 18:21:16,389,9,133,531
2021-07-03 18:21:17,3,0,2,5
2021-07-03 18:21:19,1970,32,521,2523
2021-07-03 18:21:20,0,0,0,0
2021-07-03 18:21:21,2,0,2,4
2021-07-03 18:21:22,5,1,2,8
2021-07-03 18:21:23,171,3,43,217
2021-07-03 18:21:24,0,0,0,0
2021-07-03 18:21:25,299,1,22,322
2021-07-03 18:21:28,8,0,0,8
2021-07-03 18:21:29,9,0,0,9
2021-07-03 18:21:30,0,0,0,0
2021-07-03 18:21:32,1,1,0,2
2021-07-03 18:21:33,2,0,0,2
2021-07-03 18:21:34,0,0,0,0
2021-07-03 18:21:35,4,0,1,5
2021-07-03 18:21:36,0,0,0,0
2021-07-03 18:21:37,2,0,2,4
2021-07-03 18:21:39,1,0,1,2
2021-07-03 18:21:41,4,0,3,7
2021-07-03 18:21:43,0,0,0,0
2021-07-03 18:21:45,1,0,0,1
2021-07-03 18:21:49,2,0,0,2
2021-07-03 18:21:51,0,0,0,0
2021-07-03 18:21:52,22,2,0,24
2021-07-03 18:21:54,0,0,0,0
2021-07-03 18:21:55,3,0,0,3
2021-07-03 18:21:56,1,0,1,2
2021-07-03 18:21:57,0,0,0,0
2021-07-03 18:22:01,0,0,0,0
2021-07-03 18:22:02,0,0,0,0
2021-07-03 18:22:03,4,0,1,5
2021-07-03 18:22:04,0,0,0,0
2021-07-03 18:22:05,0,0,0,0
2021-07-03 18:22:06,2,0,1,3
2021-07-03 18:22:08,11,2,4,17
2021-07-03 18:22:09,0,0,0,0
2021-07-03 18:22:11,44,0,11,55
2021-07-03 18:22:13,8,1,0,9
2021-07-03 18:22:14,6,0,2,8
2021-07-03 18:22:15,0,0,0,0
2021-07-03 18:22:16,0,0,0,0
2021-07-03 18:22:17,1,1,0,2
2021-07-03 18:22:18,19,0,2,21
2021-07-03 18:22:19,4,0,2,6
2021-07-03 18:22:20,0,0,0,0
2021-07-03 18:22:21,0,0,0,0
2021-07-03 18:22:23,1,0,0,1
2021-07-03 18:22:25,0,1,0,1
2021-07-03 18:22:26,1,0,1,2
2021-07-03 18:22:27,0,0,1,1
2021-07-03 18:22:29,0,0,0,0
2021-07-03 18:22:30,0,0,0,0
2021-07-03 18:22:31,10,1,1,12
2021-07-03 18:22:32,0,0,0,0
2021-07-03 18:22:33,1,0,0,1
2021-07-03 18:22:34,2,0,2,4
2021-07-03 18:22:36,0,0,0,0
2021-07-03 18:22:38,0,0,0,0
2021-07-03 18:22:39,6,1,1,8
2021-07-03 18:22:40,6,1,0,7
2021-07-03 18:22:41,2,0,0,2
2021-07-03 18:22:42,3,0,0,3
2021-07-03 18:22:44,0,0,0,0
2021-07-03 18:22:47,0,0,0,0
2021-07-03 18:22:49,16,0,0,16
2021-07-03 18:22:50,0,0,0,0
2021-07-03 18:22:51,0,0,0,0
2021-07-03 18:22:52,0,0,0,0
2021-07-03 18:22:53,0,2,0,2
2021-07-03 18:22:55,0,0,0,0
2021-07-03 18:22:56,0,0,0,0
2021-07-03 18:22:57,1,0,0,1
2021-07-03 18:22:58,10,0,0,10
2021-07-03 18:22:59,0,0,0,0
2021-07-03 18:23:01,0,0,0,0
2021-07-03 18:23:02,0,0,0,0
2021-07-03 18:23:03,7,0,0,7
2021-07-03 18:23:04,3,0,1,4
2021-07-03 18:23:05,0,0,0,0
2021-07-03 18:23:06,5,0,1,6
2021-07-03 18:23:07,161,2,34,197
2021-07-03 18:23:08,0,0,0,0
2021-07-03 18:23:10,0,0,1,1
2021-07-03 18:23:11,40,2,15,57
2021-07-03 18:23:12,0,0,0,0
2021-07-03 18:23:13,0,0,0,0
2021-07-03 18:23:15,6,0,0,6
2021-07-03 18:23:16,1,0,0,1
2021-07-03 18:23:17,3,0,0,3
2021-07-03 18:23:18,0,0,0,0
2021-07-03 18:23:19,0,0,0,0
2021-07-03 18:23:20,1,0,0,1
2021-07-03 18:23:21,1,0,0,1
2021-07-03 18:23:23,3,0,0,3
2021-07-03 18:23:24,0,0,0,0
2021-07-03 18:23:25,0,0,0,0
2021-07-03 18:23:26,0,0,0,0
2021-07-03 18:23:27,52,1,0,53
2021-07-03 18:23:28,2,0,0,2
2021-07-03 18:23:29,224,1,33,258
2021-07-03 18:23:30,0,1,1,2
2021-07-03 18:23:32,0,0,0,0
2021-07-03 18:23:34,0,0,0,0
2021-07-03 18:23:36,2,1,0,3
2021-07-03 18:23:37,1,0,2,3
2021-07-03 18:23:38,31,0,3,34
2021-07-03 18:23:39,49,0,0,49
2021-07-03 18:23:40,0,0,0,0
2021-07-03 18:23:41,4,0,0,4
2021-07-03 18:23:42,1,0,1,2
2021-07-03 18:23:43,2,0,1,3
2021-07-03 18:23:44,0,0,0,0
2021-07-03 18:23:45,0,0,0,0
2021-07-03 18:23:49,0,0,0,0
2021-07-03 18:23:50,0,0,0,0
2021-07-03 18:23:51,83,2,28,113
2021-07-03 18:23:52,0,0,0,0
2021-07-03 18:23:53,44,1,2,47
2021-07-03 18:23:55,2,0,1,3
2021-07-03 18:23:56,5,0,2,7
2021-07-03 18:23:57,15,0,2,17
2021-07-03 18:23:58,2,0,1,3
2021-07-03 18:23:59,2,0,0,2
2021-07-03 18:24:01,0,0,0,0
2021-07-03 18:24:03,3,0,0,3
2021-07-03 18:24:04,602,9,93,704
2021-07-03 18:24:05,2,0,0,2
2021-07-03 18:24:06,1,0,0,1
2021-07-03 18:24:08,2,0,0,2
2021-07-03 18:24:09,2,0,0,2
2021-07-03 18:24:10,5,0,0,5
2021-07-03 18:24:11,3,0,0,3
2021-07-03 18:24:12,0,0,0,0
2021-07-03 18:24:13,0,0,0,0
2021-07-03 18:24:14,7989,114,1270,9373
2021-07-03 18:24:15,265,65,66,396
2021-07-03 18:24:16,58,4,20,82
2021-07-03 18:24:19,1,0,0,1
2021-07-03 18:24:20,11,0,3,14
2021-07-03 18:24:21,3,0,3,6
2021-07-03 18:24:26,1,0,1,2
2021-07-03 18:24:28,161,3,74,238
2021-07-03 18:24:30,1,0,1,2
2021-07-03 18:24:31,2,0,2,4
2021-07-03 18:24:35,0,0,0,0
2021-07-03 18:24:36,0,0,0,0
2021-07-03 18:24:37,0,0,0,0
2021-07-03 18:24:40,1,0,0,1
2021-07-03 18:24:41,10,3,0,13
2021-07-03 18:24:44,7,0,1,8
2021-07-03 18:24:45,0,0,1,1
2021-07-03 18:24:46,24,0,6,30
2021-07-03 18:24:47,1,0,1,2
2021-07-03 18:24:49,0,0,0,0
2021-07-03 18:24:51,3,3,2,8
2021-07-03 18:24:52,0,0,0,0
2021-07-03 18:24:56,5,0,3,8
2021-07-03 18:24:57,52,1,0,53
2021-07-03 18:24:59,6,1,4,11
2021-07-03 18:25:01,0,0,1,1
2021-07-03 18:25:02,5,0,0,5
2021-07-03 18:25:03,0,0,0,0
2021-07-03 18:25:04,0,0,0,0
2021-07-03 18:25:05,0,0,0,0
2021-07-03 18:25:09,4,0,0,4
2021-07-03 18:25:11,0,0,0,0
2021-07-03 18:25:14,0,0,0,0
2021-07-03 18:25:15,34,1,3,38
2021-07-03 18:25:16,2,0,0,2
2021-07-03 18:25:18,1,1,0,2
2021-07-03 18:25:20,2,0,0,2
2021-07-03 18:25:22,2,0,0,2
2021-07-03 18:25:23,53,0,6,59
2021-07-03 18:25:24,2,0,1,3
2021-07-03 18:25:25,1,0,1,2
2021-07-03 18:25:27,6,0,1,7
2021-07-03 18:25:28,11,0,0,11
2021-07-03 18:25:30,1,0,1,2
2021-07-03 18:25:31,6,0,1,7
2021-07-03 18:25:32,1,0,1,2
2021-07-03 18:25:33,11,0,5,16
2021-07-03 18:25:34,3,0,0,3
2021-07-03 18:25:35,1,0,1,2
2021-07-03 18:25:37,2,0,2,4
2021-07-03 18:25:40,0,0,0,0
2021-07-03 18:25:41,1,1,0,2
2021-07-03 18:25:42,3,0,2,5
2021-07-03 18:25:43,59,1,11,71
2021-07-03 18:25:44,4,0,0,4
2021-07-03 18:25:46,1,0,0,1
2021-07-03 18:25:47,2,0,0,2
2021-07-03 18:25:48,2,0,0,2
2021-07-03 18:25:49,111,4,15,130
2021-07-03 18:25:50,1,0,0,1
2021-07-03 18:25:53,0,0,1,1
2021-07-03 18:25:56,0,0,0,0
2021-07-03 18:25:57,1,0,0,1
2021-07-03 18:25:59,0,0,0,0
2021-07-03 18:26:01,2,0,0,2
2021-07-03 18:26:02,0,0,0,0
2021-07-03 18:26:03,3,1,0,4
2021-07-03 18:26:04,0,0,0,0
2021-07-03 18:26:08,61,5,21,87
2021-07-03 18:26:10,1,0,0,1
2021-07-03 18:26:12,3,0,0,3
2021-07-03 18:26:13,0,0,0,0
2021-07-03 18:26:14,11,1,0,12
2021-07-03 18:26:16,0,0,0,0
2021-07-03 18:26:18,522,20,104,646
2021-07-03 18:26:19,4,1,0,5
2021-07-03 18:26:20,3,0,1,4
2021-07-03 18:26:22,1,0,0,1
2021-07-03 18:26:23,1,0,1,2
2021-07-03 18:26:24,177,2,18,197
2021-07-03 18:26:25,1274,12,244,1530
2021-07-03 18:26:26,46,1,18,65
2021-07-03 18:26:27,0,0,0,0
2021-07-03 18:26:28,0,0,0,0
2021-07-03 18:26:30,101,1,16,118
2021-07-03 18:26:32,0,0,0,0
2021-07-03 18:26:36,4,0,0,4
2021-07-03 18:26:37,10,0,4,14
2021-07-03 18:26:42,3,0,2,5
2021-07-03 18:26:45,1,0,0,1
2021-07-03 18:26:46,2,0,0,2
2021-07-03 18:26:48,4,0,1,5
2021-07-03 18:26:49,0,0,0,0
2021-07-03 18:26:51,6,0,0,6
2021-07-03 18:26:52,2,0,0,2
2021-07-03 18:26:53,0,0,0,0
2021-07-03 18:26:54,2,0,0,2
2021-07-03 18:26:55,1,0,1,2
2021-07-03 18:26:56,2,0,0,2
2021-07-03 18:26:58,0,0,0,0
2021-07-03 18:27:02,18,2,0,20
2021-07-03 18:27:04,1,0,1,2
2021-07-03 18:27:09,0,0,0,0
2021-07-03 18:27:10,32,2,1,35
2021-07-03 18:27:11,0,0,0,0
2021-07-03 18:27:13,1,0,0,1
2021-07-03 18:27:14,0,0,0,0
2021-07-03 18:27:15,1,0,0,1
2021-07-03 18:27:17,0,0,0,0
2021-07-03 18:27:18,68,2,22,92
2021-07-03 18:27:19,1,0,0,1
2021-07-03 18:27:21,0,0,0,0
2021-07-03 18:27:24,40,0,11,51
2021-07-03 18:27:26,1,0,0,1
2021-07-03 18:27:27,0,0,0,0
2021-07-03 18:27:29,9,0,1,10
2021-07-03 18:27:31,1,0,0,1
2021-07-03 18:27:32,3,0,1,4
2021-07-03 18:27:33,1,0,0,1
2021-07-03 18:27:34,5,0,1,6
2021-07-03 18:27:35,3,1,1,5
2021-07-03 18:27:36,1,0,1,2
2021-07-03 18:27:37,30,3,2,35
2021-07-03 18:27:40,1,0,0,1
2021-07-03 18:27:42,13,0,6,19
2021-07-03 18:27:43,1,0,0,1
2021-07-03 18:27:46,6,0,1,7
2021-07-03 18:27:47,1,0,0,1
2021-07-03 18:27:48,0,0,0,0
2021-07-03 18:27:50,2,0,0,2
2021-07-03 18:27:51,2,0,0,2
2021-07-03 18:27:52,1,0,0,1
2021-07-03 18:27:53,21,0,12,33
2021-07-03 18:27:54,0,0,0,0
2021-07-03 18:27:55,1,0,1,2
2021-07-03 18:27:57,14,0,6,20
2021-07-03 18:27:58,17,5,1,23
2021-07-03 18:28:01,7,0,4,11
2021-07-03 18:28:02,0,0,0,0
2021-07-03 18:28:03,0,0,0,0
2021-07-03 18:28:05,102,2,20,124
2021-07-03 18:28:06,10,0,3,13
2021-07-03 18:28:08,1,0,0,1
2021-07-03 18:28:09,5,0,1,6
2021-07-03 18:28:10,1,0,0,1
2021-07-03 18:28:13,150,1,24,175
2021-07-03 18:28:15,0,0,0,0
2021-07-03 18:28:17,1,0,0,1
2021-07-03 18:28:20,2,0,0,2
2021-07-03 18:28:21,0,0,0,0
2021-07-03 18:28:23,8,0,5,13
2021-07-03 18:28:24,0,0,0,0
2021-07-03 18:28:25,0,0,0,0
2021-07-03 18:28:27,843,20,166,1029
2021-07-03 18:28:30,1,0,0,1
2021-07-03 18:28:31,6,1,1,8
2021-07-03 18:28:32,1,0,0,1
2021-07-03 18:28:33,28,1,4,33
2021-07-03 18:28:38,70,2,19,91
2021-07-03 18:28:40,14,0,0,14
2021-07-03 18:28:41,3,0,1,4
2021-07-03 18:28:42,1628,12,346,1986
2021-07-03 18:28:44,0,0,7,7
2021-07-03 18:28:45,3,0,1,4
2021-07-03 18:28:47,1,0,0,1
2021-07-03 18:28:48,1,0,0,1
2021-07-03 18:28:52,14,0,0,14
2021-07-03 18:28:53,38,1,17,56
2021-07-03 18:28:55,1,0,1,2
2021-07-03 18:28:58,1,0,0,1
2021-07-03 18:29:01,0,0,0,0
2021-07-03 18:29:03,0,0,0,0
2021-07-03 18:29:06,261,28,116,405
2021-07-03 18:29:07,0,0,0,0
2021-07-03 18:29:08,0,2,0,2
2021-07-03 18:29:09,1,0,0,1
2021-07-03 18:29:10,92,2,24,118
2021-07-03 18:29:11,28,1,10,39
2021-07-03 18:29:12,72,0,11,83
2021-07-03 18:29:13,3,0,1,4
2021-07-03 18:29:14,0,0,1,1
2021-07-03 18:29:16,10,0,6,16
2021-07-03 18:29:17,119,4,34,157
2021-07-03 18:29:18,10,2,1,13
2021-07-03 18:29:19,982,16,160,1158
2021-07-03 18:29:22,6,0,0,6
2021-07-03 18:29:24,0,0,0,0
2021-07-03 18:29:25,2,0,1,3
2021-07-03 18:29:26,6,0,0,6
2021-07-03 18:29:30,2,0,0,2
2021-07-03 18:29:31,8,0,1,9
2021-07-03 18:29:35,0,0,0,0
2021-07-03 18:29:36,1,0,0,1
2021-07-03 18:29:37,3,0,1,4
2021-07-03 18:29:38,3,0,0,3
2021-07-03 18:29:39,20,3,5,28
2021-07-03 18:29:40,1,0,0,1
2021-07-03 18:29:41,0,0,0,0
2021-07-03 18:29:44,0,0,0,0
2021-07-03 18:29:45,3,0,2,5
2021-07-03 18:29:46,0,1,0,1
2021-07-03 18:29:49,2,0,0,2
2021-07-03 18:29:50,0,0,0,0
2021-07-03 18:29:51,200,1,0,201
2021-07-03 18:29:52,125,6,7,138
2021-07-03 18:29:53,0,0,0,0
2021-07-03 18:29:54,0,0,0,0
2021-07-03 18:29:59,260,5,59,324
2021-07-03 18:30:00,894,87,181,1162
2021-07-03 18:30:01,1,0,0,1
2021-07-03 18:30:03,144,4,31,179
2021-07-03 18:30:05,0,0,0,0
2021-07-03 18:30:06,3,0,0,3
2021-07-03 18:30:08,3,0,5,8
2021-07-03 18:30:09,0,0,0,0
2021-07-03 18:30:10,1,0,0,1
2021-07-03 18:30:11,2,0,0,2
2021-07-03 18:30:12,38,1,9,48
2021-07-03 18:30:13,0,0,0,0
2021-07-03 18:30:14,11,0,4,15
2021-07-03 18:30:16,1,1,0,2
2021-07-03 18:30:17,2,0,0,2
2021-07-03 18:30:20,1112,44,306,1462
2021-07-03 18:30:21,756,14,136,906
2021-07-03 18:30:22,1,0,0,1
2021-07-03 18:30:23,11,1,0,12
2021-07-03 18:30:24,6,0,0,6
2021-07-03 18:30:25,6,0,0,6
2021-07-03 18:30:26,0,0,0,0
2021-07-03 18:30:29,4,0,2,6
2021-07-03 18:30:30,1,0,0,1
2021-07-03 18:30:31,40,2,12,54
2021-07-03 18:30:32,2,0,0,2
2021-07-03 18:30:33,1,0,0,1
2021-07-03 18:30:34,0,0,0,0
2021-07-03 18:30:35,4,0,0,4
2021-07-03 18:30:39,164,8,27,199
2021-07-03 18:30:40,43,1,7,51
2021-07-03 18:30:41,1,0,0,1
2021-07-03 18:30:42,0,0,0,0
2021-07-03 18:30:43,0,0,0,0
2021-07-03 18:30:44,11,4,2,17
2021-07-03 18:30:45,0,0,0,0
2021-07-03 18:30:46,46,4,3,53
2021-07-03 18:30:48,3,0,0,3
2021-07-03 18:30:50,0,0,0,0
2021-07-03 18:30:51,5,0,0,5
2021-07-03 18:30:52,0,0,0,0
2021-07-03 18:30:53,0,0,0,0
2021-07-03 18:30:54,2,0,0,2
2021-07-03 18:30:56,21,0,1,22
2021-07-03 18:30:57,45,2,15,62
2021-07-03 18:31:01,59,2,18,79
2021-07-03 18:31:02,577,17,130,724
2021-07-03 18:31:03,1220,56,176,1452
2021-07-03 18:31:04,3,0,0,3
2021-07-03 18:31:05,1,0,0,1
2021-07-03 18:31:06,4,0,1,5
2021-07-03 18:31:07,5,0,1,6
2021-07-03 18:31:08,173,17,38,228
2021-07-03 18:31:09,2,0,0,2
2021-07-03 18:31:10,3,0,0,3
2021-07-03 18:31:11,1,0,0,1
2021-07-03 18:31:14,3,0,0,3
2021-07-03 18:31:15,0,0,0,0
2021-07-03 18:31:16,1,0,1,2
2021-07-03 18:31:19,87,1,17,105
2021-07-03 18:31:20,3,0,0,3
2021-07-03 18:31:21,107,12,24,143
2021-07-03 18:31:23,23,2,1,26
2021-07-03 18:31:26,12,0,1,13
2021-07-03 18:31:31,1,0,0,1
2021-07-03 18:31:33,2,1,0,3
2021-07-03 18:31:35,1,0,0,1
2021-07-03 18:31:36,3,0,0,3
2021-07-03 18:31:37,3,0,2,5
2021-07-03 18:31:39,6,1,2,9
2021-07-03 18:31:41,8,0,0,8
2021-07-03 18:31:43,5,1,0,6
2021-07-03 18:31:44,13,0,2,15
2021-07-03 18:31:45,8,0,0,8
2021-07-03 18:31:47,1,0,1,2
2021-07-03 18:31:48,2,0,0,2
2021-07-03 18:31:51,4,0,1,5
2021-07-03 18:31:52,1,0,0,1
2021-07-03 18:31:53,76,2,9,87
2021-07-03 18:31:56,1,0,0,1
2021-07-03 18:31:57,10,0,3,13
2021-07-03 18:31:58,0,0,0,0
2021-07-03 18:32:01,2,0,0,2
2021-07-03 18:32:02,6,1,2,9
2021-07-03 18:32:03,3,0,0,3
2021-07-03 18:32:04,0,0,0,0
2021-07-03 18:32:05,11,1,2,14
2021-07-03 18:32:06,14,2,6,22
2021-07-03 18:32:08,0,0,0,0
2021-07-03 18:32:09,0,0,0,0
2021-07-03 18:32:11,1,0,0,1
2021-07-03 18:32:12,3,0,0,3
2021-07-03 18:32:13,17,0,3,20
2021-07-03 18:32:15,9,0,0,9
2021-07-03 18:32:17,0,0,0,0
2021-07-03 18:32:19,2,0,1,3
2021-07-03 18:32:20,1,1,0,2
2021-07-03 18:32:23,9,0,0,9
2021-07-03 18:32:26,11,0,2,13
2021-07-03 18:32:27,0,0,0,0
2021-07-03 18:32:28,1640,26,139,1805
2021-07-03 18:32:29,88,0,20,108
2021-07-03 18:32:30,37,0,14,51
2021-07-03 18:32:31,1,0,0,1
2021-07-03 18:32:34,2,0,1,3
2021-07-03 18:32:36,0,0,0,0
2021-07-03 18:32:37,6,1,1,8
2021-07-03 18:32:42,2,1,0,3
2021-07-03 18:32:43,1,0,0,1
2021-07-03 18:32:47,1,0,0,1
2021-07-03 18:32:48,107,3,18,128
2021-07-03 18:32:49,2,0,1,3
2021-07-03 18:32:50,1,0,1,2
2021-07-03 18:32:51,5,2,2,9
2021-07-03 18:32:52,17,0,0,17
2021-07-03 18:32:54,0,0,0,0
2021-07-03 18:32:55,1,0,1,2
2021-07-03 18:32:56,2,0,0,2
2021-07-03 18:32:57,1,1,0,2
2021-07-03 18:32:59,6,0,2,8
2021-07-03 18:33:00,1,0,0,1
2021-07-03 18:33:01,1,0,1,2
2021-07-03 18:33:02,29,3,7,39
2021-07-03 18:33:05,2,1,1,4
2021-07-03 18:33:06,3,0,0,3
2021-07-03 18:33:07,2,0,0,2
2021-07-03 18:33:08,0,0,0,0
2021-07-03 18:33:09,14,0,6,20
2021-07-03 18:33:10,8,2,0,10
2021-07-03 18:33:11,0,0,0,0
2021-07-03 18:33:12,0,0,0,0
2021-07-03 18:33:13,36,0,10,46
2021-07-03 18:33:14,1,0,0,1
2021-07-03 18:33:15,0,0,0,0
2021-07-03 18:33:17,0,0,0,0
2021-07-03 18:33:18,0,0,0,0
2021-07-03 18:33:25,6,0,1,7
2021-07-03 18:33:26,92,1,26,119
2021-07-03 18:33:27,23,0,11,34
2021-07-03 18:33:28,0,0,0,0
2021-07-03 18:33:29,0,0,0,0
2021-07-03 18:33:30,0,0,0,0
2021-07-03 18:33:31,4,0,1,5
2021-07-03 18:33:32,47,1,16,64
2021-07-03 18:33:33,14,0,2,16
2021-07-03 18:33:35,0,0,0,0
2021-07-03 18:33:36,6,0,4,10
2021-07-03 18:33:37,1,0,0,1
2021-07-03 18:33:38,3,0,0,3
2021-07-03 18:33:40,10,0,2,12
2021-07-03 18:33:41,25,6,9,40
2021-07-03 18:33:43,1,0,0,1
2021-07-03 18:33:44,27,1,7,35
2021-07-03 18:33:46,0,0,0,0
2021-07-03 18:33:47,0,0,0,0
2021-07-03 18:33:48,5,0,2,7
2021-07-03 18:33:49,96,0,1,97
2021-07-03 18:33:50,767,15,190,972
2021-07-03 18:33:51,4,0,0,4
2021-07-03 18:33:54,4,0,0,4
2021-07-03 18:33:55,2,0,2,4
2021-07-03 18:33:56,95,4,18,117
2021-07-03 18:33:59,0,0,0,0
2021-07-03 18:34:00,1,0,0,1
2021-07-03 18:34:01,14,0,6,20
2021-07-03 18:34:03,1398,26,214,1638
2021-07-03 18:34:04,13,1,4,18
2021-07-03 18:34:05,1,0,0,1
2021-07-03 18:34:06,3,0,1,4
2021-07-03 18:34:07,0,0,1,1
2021-07-03 18:34:09,196,8,32,236
2021-07-03 18:34:10,0,0,0,0
2021-07-03 18:34:11,4,1,0,5
2021-07-03 18:34:12,1,0,1,2
2021-07-03 18:34:13,1,0,0,1
2021-07-03 18:34:14,1,0,0,1
2021-07-03 18:34:15,0,0,0,0
2021-07-03 18:34:16,0,0,0,0
2021-07-03 18:34:17,8,0,2,10
2021-07-03 18:34:18,85,5,7,97
2021-07-03 18:34:19,6,1,0,7
2021-07-03 18:34:20,1,0,1,2
2021-07-03 18:34:25,0,0,1,1
2021-07-03 18:34:26,33,1,7,41
2021-07-03 18:34:27,6,0,0,6
2021-07-03 18:34:29,2,0,1,3
2021-07-03 18:34:30,0,0,0,0
2021-07-03 18:34:31,0,0,0,0
2021-07-03 18:34:32,27,0,9,36
2021-07-03 18:34:33,109,1,23,133
2021-07-03 18:34:36,0,0,0,0
2021-07-03 18:34:37,1,1,0,2
2021-07-03 18:34:40,1,0,1,2
2021-07-03 18:34:41,0,0,0,0
2021-07-03 18:34:42,0,0,0,0
2021-07-03 18:34:43,2,0,0,2
2021-07-03 18:34:44,3,0,0,3
2021-07-03 18:34:46,0,0,0,0
2021-07-03 18:34:47,129,6,30,165
2021-07-03 18:34:48,1024,12,237,1273
2021-07-03 18:34:49,1,1,0,2
2021-07-03 18:34:50,0,0,0,0
2021-07-03 18:34:51,0,0,0,0
2021-07-03 18:34:52,0,0,0,0
2021-07-03 18:34:53,0,0,0,0
2021-07-03 18:34:54,2,0,0,2
2021-07-03 18:34:55,3,1,0,4
2021-07-03 18:34:56,3,1,2,6
2021-07-03 18:34:57,1,0,0,1
2021-07-03 18:34:58,0,0,0,0
2021-07-03 18:34:59,12,0,2,14
2021-07-03 18:35:00,1,1,0,2
2021-07-03 18:35:01,0,0,0,0
2021-07-03 18:35:05,0,0,0,0
2021-07-03 18:35:06,2,0,1,3
2021-07-03 18:35:07,7,0,4,11
2021-07-03 18:35:08,0,0,0,0
2021-07-03 18:35:09,0,0,0,0
2021-07-03 18:35:10,0,0,0,0
2021-07-03 18:35:11,104,4,33,141
2021-07-03 18:35:12,1,0,0,1
2021-07-03 18:35:13,0,2,0,2
2021-07-03 18:35:14,1,0,0,1
2021-07-03 18:35:15,1,0,0,1
2021-07-03 18:35:16,0,0,0,0
2021-07-03 18:35:17,7,1,0,8
2021-07-03 18:35:18,11,2,0,13
2021-07-03 18:35:21,3,1,0,4
2021-07-03 18:35:22,6,1,0,7
2021-07-03 18:35:23,0,0,0,0
2021-07-03 18:35:25,1,0,0,1
2021-07-03 18:35:26,0,0,0,0
2021-07-03 18:35:27,322,0,110,432
2021-07-03 18:35:29,1,0,0,1
2021-07-03 18:35:30,6,5,1,12
2021-07-03 18:35:31,3,0,3,6
2021-07-03 18:35:33,0,0,0,0
2021-07-03 18:35:34,0,0,1,1
2021-07-03 18:35:35,0,0,0,0
2021-07-03 18:35:37,0,0,0,0
2021-07-03 18:35:39,1,0,0,1
2021-07-03 18:35:41,0,0,0,0
2021-07-03 18:35:44,1,0,0,1
2021-07-03 18:35:45,0,0,0,0
2021-07-03 18:35:48,2,4,0,6
2021-07-03 18:35:50,2,0,0,2
2021-07-03 18:35:51,0,0,0,0
2021-07-03 18:35:52,0,0,0,0
2021-07-03 18:35:55,0,0,0,0
2021-07-03 18:35:56,491,13,57,561
2021-07-03 18:35:57,2,0,0,2
2021-07-03 18:35:58,0,0,0,0
2021-07-03 18:35:59,0,0,0,0
2021-07-03 18:36:00,1,0,0,1
2021-07-03 18:36:02,55,2,5,62
2021-07-03 18:36:03,29,1,10,40
2021-07-03 18:36:04,1,0,0,1
2021-07-03 18:36:05,0,0,0,0
2021-07-03 18:36:06,11,1,4,16
2021-07-03 18:36:08,0,0,0,0
2021-07-03 18:36:10,0,0,0,0
2021-07-03 18:36:11,1,0,0,1
2021-07-03 18:36:12,23,0,6,29
2021-07-03 18:36:13,675,30,133,838
2021-07-03 18:36:14,0,0,0,0
2021-07-03 18:36:16,0,0,0,0
2021-07-03 18:36:17,2,0,1,3
2021-07-03 18:36:20,2,0,3,5
2021-07-03 18:36:21,0,0,0,0
2021-07-03 18:36:25,1,0,0,1
2021-07-03 18:36:27,5,1,2,8
2021-07-03 18:36:28,1539,12,382,1933
2021-07-03 18:36:34,3,0,1,4
2021-07-03 18:36:35,4,0,4,8
2021-07-03 18:36:36,0,0,1,1
2021-07-03 18:36:39,0,0,0,0
2021-07-03 18:36:40,0,0,0,0
2021-07-03 18:36:42,0,0,0,0
2021-07-03 18:36:43,12,0,3,15
2021-07-03 18:36:44,1,0,0,1
2021-07-03 18:36:46,0,0,0,0
2021-07-03 18:36:48,4,0,0,4
2021-07-03 18:36:50,1,0,1,2
2021-07-03 18:36:52,0,0,0,0
2021-07-03 18:36:53,1,0,0,1
2021-07-03 18:36:54,0,0,0,0
2021-07-03 18:36:55,2,0,2,4
2021-07-03 18:36:56,0,0,0,0
2021-07-03 18:36:59,0,0,0,0
2021-07-03 18:37:00,6,1,0,7
2021-07-03 18:37:01,21,3,1,25
2021-07-03 18:37:02,0,0,0,0
2021-07-03 18:37:04,12,0,0,12
2021-07-03 18:37:06,1,0,0,1
2021-07-03 18:37:07,9,1,1,11
2021-07-03 18:37:09,0,0,0,0
2021-07-03 18:37:10,4,0,1,5
2021-07-03 18:37:11,2,0,0,2
2021-07-03 18:37:12,1,0,0,1
2021-07-03 18:37:13,3,0,0,3
2021-07-03 18:37:14,1,0,0,1
2021-07-03 18:37:17,6,3,0,9
2021-07-03 18:37:19,20,1,4,25
2021-07-03 18:37:20,1654,26,296,1976
2021-07-03 18:37:21,3,0,0,3
2021-07-03 18:37:22,6025,77,869,6971
2021-07-03 18:37:23,1033,22,182,1237
2021-07-03 18:37:24,12,0,4,16
2021-07-03 18:37:25,3,0,0,3
2021-07-03 18:37:26,1,0,0,1
2021-07-03 18:37:27,1,0,0,1
2021-07-03 18:37:29,0,0,0,0
2021-07-03 18:37:31,1,0,0,1
2021-07-03 18:37:33,0,0,0,0
2021-07-03 18:37:36,1,0,0,1
2021-07-03 18:37:37,146,4,28,178
2021-07-03 18:37:38,1,0,0,1
2021-07-03 18:37:39,11,0,0,11
2021-07-03 18:37:40,1,0,0,1
2021-07-03 18:37:41,73,2,18,93
2021-07-03 18:37:43,3,0,0,3
2021-07-03 18:37:45,0,0,0,0
2021-07-03 18:37:47,5,0,0,5
2021-07-03 18:37:49,0,0,0,0
2021-07-03 18:37:50,3048,158,540,3746
2021-07-03 18:37:51,4,0,2,6
2021-07-03 18:37:52,0,0,0,0
2021-07-03 18:37:55,1,1,0,2
2021-07-03 18:37:56,1,0,0,1
2021-07-03 18:37:58,1,0,0,1
2021-07-03 18:37:59,1,0,0,1
2021-07-03 18:38:00,82,4,12,98
2021-07-03 18:38:01,1,0,0,1
2021-07-03 18:38:02,1,0,0,1
2021-07-03 18:38:03,2,0,0,2
2021-07-03 18:38:04,0,0,0,0
2021-07-03 18:38:05,0,0,0,0
2021-07-03 18:38:06,1,0,0,1
2021-07-03 18:38:07,23,0,3,26
2021-07-03 18:38:10,3,0,1,4
2021-07-03 18:38:11,13,0,0,13
2021-07-03 18:38:13,0,0,0,0
2021-07-03 18:38:14,5,0,0,5
2021-07-03 18:38:16,0,0,0,0
2021-07-03 18:38:20,0,0,0,0
2021-07-03 18:38:21,3,0,1,4
2021-07-03 18:38:22,2,0,0,2
2021-07-03 18:38:25,4,0,0,4
2021-07-03 18:38:26,0,0,0,0
2021-07-03 18:38:27,16,0,1,17
2021-07-03 18:38:28,2,0,0,2
2021-07-03 18:38:29,0,0,0,0
2021-07-03 18:38:32,2,0,0,2
2021-07-03 18:38:34,0,0,0,0
2021-07-03 18:38:36,3,0,3,6
2021-07-03 18:38:37,45,0,0,45
2021-07-03 18:38:40,0,0,0,0
2021-07-03 18:38:43,0,0,0,0
2021-07-03 18:38:44,2,0,0,2
2021-07-03 18:38:45,0,0,0,0
2021-07-03 18:38:46,1,0,0,1
2021-07-03 18:38:48,2,0,0,2
2021-07-03 18:38:53,88,6,21,115
2021-07-03 18:38:56,1,0,0,1
2021-07-03 18:38:58,1,0,0,1
2021-07-03 18:39:02,1,0,0,1
2021-07-03 18:39:04,0,0,0,0
2021-07-03 18:39:05,0,0,0,0
2021-07-03 18:39:06,32,3,7,42
2021-07-03 18:39:07,0,0,0,0
2021-07-03 18:39:08,0,0,0,0
2021-07-03 18:39:09,5,0,0,5
2021-07-03 18:39:11,86,2,4,92
2021-07-03 18:39:13,85,4,29,118
2021-07-03 18:39:15,2,0,0,2
2021-07-03 18:39:16,0,0,0,0
2021-07-03 18:39:19,2,0,1,3
2021-07-03 18:39:20,186,5,34,225
2021-07-03 18:39:21,0,0,0,0
2021-07-03 18:39:22,1,0,0,1
2021-07-03 18:39:23,0,0,0,0
2021-07-03 18:39:24,0,0,0,0
2021-07-03 18:39:26,24,3,9,36
2021-07-03 18:39:27,1,0,0,1
2021-07-03 18:39:29,11,0,1,12
2021-07-03 18:39:30,1,0,0,1
2021-07-03 18:39:31,0,0,0,0
2021-07-03 18:39:32,9,2,2,13
2021-07-03 18:39:34,3,1,0,4
2021-07-03 18:39:35,0,0,0,0
2021-07-03 18:39:36,0,0,0,0
2021-07-03 18:39:37,2,0,2,4
2021-07-03 18:39:41,0,0,0,0
2021-07-03 18:39:44,0,0,0,0
2021-07-03 18:39:45,1,0,0,1
2021-07-03 18:39:47,7,1,1,9
2021-07-03 18:39:48,14,0,8,22
2021-07-03 18:39:50,5,0,0,5
2021-07-03 18:39:51,1,0,1,2
2021-07-03 18:39:52,11,1,1,13
2021-07-03 18:39:53,3,0,0,3
2021-07-03 18:39:54,0,0,0,0
2021-07-03 18:39:55,0,0,0,0
2021-07-03 18:40:00,442,25,153,620
2021-07-03 18:40:01,0,0,0,0
2021-07-03 18:40:02,0,1,0,1
2021-07-03 18:40:03,0,0,0,0
2021-07-03 18:40:04,1,0,0,1
2021-07-03 18:40:05,2,0,0,2
2021-07-03 18:40:06,13,1,1,15
2021-07-03 18:40:07,1,0,0,1
2021-07-03 18:40:08,2,0,1,3
2021-07-03 18:40:10,2,0,1,3
2021-07-03 18:40:12,2666,63,579,3308
2021-07-03 18:40:13,226,5,37,268
2021-07-03 18:40:14,0,0,0,0
2021-07-03 18:40:15,0,0,0,0
2021-07-03 18:40:17,90,0,16,106
2021-07-03 18:40:20,92,2,3,97
2021-07-03 18:40:21,0,1,0,1
2021-07-03 18:40:22,4,1,0,5
2021-07-03 18:40:24,10,0,2,12
2021-07-03 18:40:25,262,9,32,303
2021-07-03 18:40:26,9,0,2,11
2021-07-03 18:40:28,7,0,0,7
2021-07-03 18:40:29,1,0,0,1
2021-07-03 18:40:31,0,0,0,0
2021-07-03 18:40:33,125,2,26,153
2021-07-03 18:40:34,0,0,0,0
2021-07-03 18:40:35,9,1,1,11
2021-07-03 18:40:36,0,0,0,0
2021-07-03 18:40:37,151,3,55,209
2021-07-03 18:40:38,0,0,0,0
2021-07-03 18:40:39,21,2,1,24
2021-07-03 18:40:41,0,0,0,0
2021-07-03 18:40:42,0,0,0,0
2021-07-03 18:40:43,0,0,0,0
2021-07-03 18:40:44,0,0,0,0
2021-07-03 18:40:45,77,1,21,99
2021-07-03 18:40:46,1,1,1,3
2021-07-03 18:40:47,2,0,1,3
2021-07-03 18:40:48,0,0,0,0
2021-07-03 18:40:49,0,1,0,1
2021-07-03 18:40:50,0,0,0,0
2021-07-03 18:40:51,0,0,0,0
2021-07-03 18:40:53,0,0,0,0
2021-07-03 18:40:55,0,0,0,0
2021-07-03 18:40:58,1,0,0,1
2021-07-03 18:40:59,2345,84,235,2664
2021-07-03 18:41:00,1,1,0,2
2021-07-03 18:41:01,1,0,0,1
2021-07-03 18:41:02,0,0,0,0
2021-07-03 18:41:04,9,1,0,10
2021-07-03 18:41:08,2,0,0,2
2021-07-03 18:41:09,2,0,1,3
2021-07-03 18:41:10,2,0,1,3
2021-07-03 18:41:11,0,0,0,0
2021-07-03 18:41:12,1,1,1,3
2021-07-03 18:41:13,15,1,3,19
2021-07-03 18:41:15,1,1,0,2
2021-07-03 18:41:19,3,0,0,3
2021-07-03 18:41:20,29,2,5,36
2021-07-03 18:41:21,1,0,0,1
2021-07-03 18:41:22,2,0,0,2
2021-07-03 18:41:24,193,1,30,224
2021-07-03 18:41:25,1,0,1,2
2021-07-03 18:41:26,0,0,0,0
2021-07-03 18:41:27,0,0,0,0
2021-07-03 18:41:28,1,0,0,1
2021-07-03 18:41:29,70,3,22,95
2021-07-03 18:41:30,1,0,0,1
2021-07-03 18:41:31,4,0,0,4
2021-07-03 18:41:33,3,0,2,5
2021-07-03 18:41:34,0,0,0,0
2021-07-03 18:41:35,0,0,0,0
2021-07-03 18:41:36,16,1,3,20
2021-07-03 18:41:37,36,0,15,51
2021-07-03 18:41:38,1,0,0,1
2021-07-03 18:41:39,7,0,0,7
2021-07-03 18:41:40,1,1,0,2
2021-07-03 18:41:42,4,0,2,6
2021-07-03 18:41:44,16,0,5,21
2021-07-03 18:41:45,9,0,1,10
2021-07-03 18:41:47,1,0,0,1
2021-07-03 18:41:49,0,0,0,0
2021-07-03 18:41:50,3,0,1,4
2021-07-03 18:41:51,14,0,2,16
2021-07-03 18:41:52,64,3,12,79
2021-07-03 18:41:54,0,0,0,0
2021-07-03 18:41:57,716,40,127,883
2021-07-03 18:41:58,1,0,1,2
2021-07-03 18:41:59,0,0,0,0
2021-07-03 18:42:01,446,1,39,486
2021-07-03 18:42:02,4,1,0,5
2021-07-03 18:42:03,6385,69,508,6962
2021-07-03 18:42:04,1,1,0,2
2021-07-03 18:42:05,2,2,0,4
2021-07-03 18:42:08,0,0,0,0
2021-07-03 18:42:09,0,0,1,1
2021-07-03 18:42:10,0,0,0,0
2021-07-03 18:42:11,2,0,1,3
2021-07-03 18:42:12,2228,48,492,2768
2021-07-03 18:42:13,1,0,1,2
2021-07-03 18:42:14,2,0,0,2
2021-07-03 18:42:15,0,0,0,0
2021-07-03 18:42:16,3,0,1,4
2021-07-03 18:42:18,0,0,0,0
2021-07-03 18:42:19,2,0,0,2
2021-07-03 18:42:20,0,0,0,0
2021-07-03 18:42:21,0,0,0,0
2021-07-03 18:42:22,585,10,128,723
2021-07-03 18:42:23,1,0,1,2
2021-07-03 18:42:24,0,0,0,0
2021-07-03 18:42:25,1,0,1,2
2021-07-03 18:42:26,2,0,2,4
2021-07-03 18:42:28,0,0,0,0
2021-07-03 18:42:29,1,0,0,1
2021-07-03 18:42:30,4,0,0,4
2021-07-03 18:42:31,0,0,0,0
2021-07-03 18:42:32,0,0,0,0
2021-07-03 18:42:33,180,2,28,210
2021-07-03 18:42:34,0,0,0,0
2021-07-03 18:42:35,0,0,0,0
2021-07-03 18:42:36,3,1,0,4
2021-07-03 18:42:37,0,0,0,0
2021-07-03 18:42:39,0,0,0,0
2021-07-03 18:42:40,0,0,0,0
2021-07-03 18:42:41,0,0,0,0
2021-07-03 18:42:42,2,0,0,2
2021-07-03 18:42:43,0,0,0,0
2021-07-03 18:42:44,17,0,5,22
2021-07-03 18:42:45,1,0,1,2
2021-07-03 18:42:46,0,0,0,0
2021-07-03 18:42:47,0,0,0,0
2021-07-03 18:42:48,0,0,0,0
2021-07-03 18:42:49,1,0,0,1
2021-07-03 18:42:50,0,0,0,0
2021-07-03 18:42:52,1,0,0,1
2021-07-03 18:42:53,0,0,0,0
2021-07-03 18:42:54,2,0,4,6
2021-07-03 18:42:55,95,1,13,109
2021-07-03 18:42:57,0,0,0,0
2021-07-03 18:42:58,1,0,0,1
2021-07-03 18:42:59,11,0,7,18
2021-07-03 18:43:01,2,0,0,2
2021-07-03 18:43:02,1,0,0,1
2021-07-03 18:43:03,0,0,0,0
2021-07-03 18:43:05,1,0,0,1
2021-07-03 18:43:06,0,0,0,0
2021-07-03 18:43:07,25,0,5,30
2021-07-03 18:43:08,0,0,0,0
2021-07-03 18:43:10,16,0,6,22
2021-07-03 18:43:16,2,0,0,2
2021-07-03 18:43:18,0,0,0,0
2021-07-03 18:43:19,1,0,0,1
2021-07-03 18:43:22,0,0,0,0
2021-07-03 18:43:24,137,0,16,153
2021-07-03 18:43:25,0,0,0,0
2021-07-03 18:43:26,6,3,1,10
2021-07-03 18:43:27,3,0,0,3
2021-07-03 18:43:28,5,4,2,11
2021-07-03 18:43:29,3,1,0,4
2021-07-03 18:43:30,1,1,0,2
2021-07-03 18:43:31,23,0,7,30
2021-07-03 18:43:32,8,0,6,14
2021-07-03 18:43:34,138,2,67,207
2021-07-03 18:43:35,1,1,0,2
2021-07-03 18:43:37,3,0,0,3
2021-07-03 18:43:39,148,1,30,179
2021-07-03 18:43:41,40,5,18,63
2021-07-03 18:43:43,2,1,0,3
2021-07-03 18:43:45,187,3,26,216
2021-07-03 18:43:46,1,1,0,2
2021-07-03 18:43:47,12,0,3,15
2021-07-03 18:43:49,1,0,2,3
2021-07-03 18:43:50,3695,162,558,4415
2021-07-03 18:43:54,0,0,0,0
2021-07-03 18:43:55,0,0,0,0
2021-07-03 18:43:56,1,0,0,1
2021-07-03 18:43:57,0,0,0,0
2021-07-03 18:43:58,2,0,2,4
2021-07-03 18:43:59,3,0,1,4
2021-07-03 18:44:02,0,0,0,0
2021-07-03 18:44:03,1,0,1,2
2021-07-03 18:44:05,2,1,0,3
2021-07-03 18:44:08,3,0,0,3
2021-07-03 18:44:09,1,0,0,1
2021-07-03 18:44:10,79,4,18,101
2021-07-03 18:44:16,2,0,2,4
2021-07-03 18:44:18,0,0,0,0
2021-07-03 18:44:20,2,0,2,4
2021-07-03 18:44:22,5,0,4,9
2021-07-03 18:44:24,1,1,0,2
2021-07-03 18:44:25,0,0,0,0
2021-07-03 18:44:27,5,0,0,5
2021-07-03 18:44:28,6,1,0,7
2021-07-03 18:44:29,672,14,118,804
2021-07-03 18:44:31,0,0,0,0
2021-07-03 18:44:32,1,0,1,2
2021-07-03 18:44:33,1,0,0,1
2021-07-03 18:44:34,8,0,2,10
2021-07-03 18:44:36,1,0,0,1
2021-07-03 18:44:37,1,0,0,1
2021-07-03 18:44:38,2,0,0,2
2021-07-03 18:44:40,1,0,0,1
2021-07-03 18:44:44,2,0,0,2
2021-07-03 18:44:45,5,0,1,6
2021-07-03 18:44:46,16,0,6,22
2021-07-03 18:44:47,5,0,0,5
2021-07-03 18:44:48,2,0,0,2
2021-07-03 18:44:50,455,6,78,539
2021-07-03 18:44:51,3,0,0,3
2021-07-03 18:44:53,1,0,0,1
2021-07-03 18:44:55,3,0,1,4
2021-07-03 18:44:57,47,2,8,57
2021-07-03 18:44:58,27,1,3,31
2021-07-03 18:44:59,4,0,0,4
2021-07-03 18:45:00,581,29,117,727
2021-07-03 18:45:01,1,0,0,1
2021-07-03 18:45:02,0,0,0,0
2021-07-03 18:45:03,50,0,14,64
2021-07-03 18:45:05,1,0,0,1
2021-07-03 18:45:06,1,0,0,1
2021-07-03 18:45:08,1,0,0,1
2021-07-03 18:45:09,0,0,0,0
2021-07-03 18:45:11,0,0,0,0
2021-07-03 18:45:12,0,0,0,0
2021-07-03 18:45:13,0,0,0,0
2021-07-03 18:45:14,0,0,0,0
2021-07-03 18:45:15,3,0,2,5
2021-07-03 18:45:16,4,0,2,6
2021-07-03 18:45:17,184,4,36,224
2021-07-03 18:45:18,0,0,0,0
2021-07-03 18:45:19,0,0,0,0
2021-07-03 18:45:20,8,0,5,13
2021-07-03 18:45:23,1,0,0,1
2021-07-03 18:45:25,0,0,0,0
2021-07-03 18:45:26,2,0,0,2
2021-07-03 18:45:27,4,0,0,4
2021-07-03 18:45:30,2,0,0,2
2021-07-03 18:45:31,0,0,0,0
2021-07-03 18:45:32,3,0,4,7
2021-07-03 18:45:33,1,0,0,1
2021-07-03 18:45:34,319,1,73,393
2021-07-03 18:45:35,11,0,2,13
2021-07-03 18:45:36,2,0,0,2
2021-07-03 18:45:38,0,0,0,0
2021-07-03 18:45:39,145,13,50,208
2021-07-03 18:45:40,3,0,2,5
2021-07-03 18:45:41,0,0,0,0
2021-07-03 18:45:42,0,0,0,0
2021-07-03 18:45:43,0,0,0,0
2021-07-03 18:45:45,3,0,0,3
2021-07-03 18:45:46,3,1,0,4
2021-07-03 18:45:48,347,9,43,399
2021-07-03 18:45:52,0,0,0,0
2021-07-03 18:45:54,2,0,0,2
2021-07-03 18:45:55,10,0,0,10
2021-07-03 18:45:57,0,0,0,0
2021-07-03 18:45:58,1,1,0,2
2021-07-03 18:45:59,0,1,0,1
2021-07-03 18:46:00,22,10,4,36
2021-07-03 18:46:02,4,0,2,6
2021-07-03 18:46:08,1,0,1,2
2021-07-03 18:46:11,2,0,0,2
2021-07-03 18:46:14,4,0,0,4
2021-07-03 18:46:15,4644,57,549,5250
2021-07-03 18:46:16,144,6,56,206
2021-07-03 18:46:19,4,0,1,5
2021-07-03 18:46:20,2,0,0,2
2021-07-03 18:46:21,162,6,18,186
2021-07-03 18:46:22,19,0,4,23
2021-07-03 18:46:23,1,0,0,1
2021-07-03 18:46:24,2,0,0,2
2021-07-03 18:46:26,53,2,9,64
2021-07-03 18:46:27,202,2,29,233
2021-07-03 18:46:28,6,0,3,9
2021-07-03 18:46:29,114,6,33,153
2021-07-03 18:46:30,6,0,0,6
2021-07-03 18:46:31,0,0,0,0
2021-07-03 18:46:33,1,0,1,2
2021-07-03 18:46:34,0,0,0,0
2021-07-03 18:46:36,109,3,21,133
2021-07-03 18:46:38,3,0,0,3
2021-07-03 18:46:39,0,0,0,0
2021-07-03 18:46:41,0,0,0,0
2021-07-03 18:46:42,2,0,0,2
2021-07-03 18:46:43,3,0,0,3
2021-07-03 18:46:45,50,1,12,63
2021-07-03 18:46:47,0,0,0,0
2021-07-03 18:46:48,1,0,0,1
2021-07-03 18:46:49,0,0,0,0
2021-07-03 18:46:50,0,0,0,0
2021-07-03 18:46:51,3,0,0,3
2021-07-03 18:46:53,0,0,0,0
2021-07-03 18:46:55,0,0,0,0
2021-07-03 18:46:56,1,0,1,2
2021-07-03 18:46:58,3,0,0,3
2021-07-03 18:47:00,5,0,1,6
2021-07-03 18:47:01,1,0,0,1
2021-07-03 18:47:03,2,0,0,2
2021-07-03 18:47:04,0,0,0,0
2021-07-03 18:47:05,0,0,0,0
2021-07-03 18:47:06,0,0,0,0
2021-07-03 18:47:08,0,0,0,0
2021-07-03 18:47:13,0,0,0,0
2021-07-03 18:47:14,2,0,0,2
2021-07-03 18:47:16,27,0,0,27
2021-07-03 18:47:17,1,0,1,2
2021-07-03 18:47:18,0,0,0,0
2021-07-03 18:47:19,2,0,0,2
2021-07-03 18:47:20,0,0,0,0
2021-07-03 18:47:21,0,0,0,0
2021-07-03 18:47:23,3,0,1,4
2021-07-03 18:47:24,42,2,7,51
2021-07-03 18:47:26,31,0,6,37
2021-07-03 18:47:27,0,0,0,0
2021-07-03 18:47:29,528,12,140,680
2021-07-03 18:47:33,0,0,0,0
2021-07-03 18:47:34,0,0,0,0
2021-07-03 18:47:36,0,0,0,0
2021-07-03 18:47:37,0,0,0,0
2021-07-03 18:47:38,5,0,0,5
2021-07-03 18:47:39,0,0,0,0
2021-07-03 18:47:40,0,0,0,0
2021-07-03 18:47:41,551,6,141,698
2021-07-03 18:47:42,0,0,0,0
2021-07-03 18:47:43,0,0,0,0
2021-07-03 18:47:44,4,0,1,5
2021-07-03 18:47:45,2,0,1,3
2021-07-03 18:47:46,2,0,0,2
2021-07-03 18:47:47,0,0,0,0
2021-07-03 18:47:49,183,2,75,260
2021-07-03 18:47:50,0,0,0,0
2021-07-03 18:47:51,4,0,1,5
2021-07-03 18:47:53,180,4,59,243
2021-07-03 18:47:55,2,1,1,4
2021-07-03 18:47:56,3,0,2,5
2021-07-03 18:48:01,0,0,0,0
2021-07-03 18:48:02,2,1,0,3
2021-07-03 18:48:03,1,0,0,1
2021-07-03 18:48:04,372,6,54,432
2021-07-03 18:48:07,5,0,0,5
2021-07-03 18:48:08,2,0,1,3
2021-07-03 18:48:10,0,0,0,0
2021-07-03 18:48:12,0,0,0,0
2021-07-03 18:48:14,0,0,0,0
2021-07-03 18:48:17,1,0,0,1
2021-07-03 18:48:19,17,2,2,21
2021-07-03 18:48:21,566,10,114,690
2021-07-03 18:48:22,1,0,0,1
2021-07-03 18:48:25,1,0,1,2
2021-07-03 18:48:26,4,0,3,7
2021-07-03 18:48:27,0,0,2,2
2021-07-03 18:48:30,1,0,3,4
2021-07-03 18:48:31,2,0,2,4
2021-07-03 18:48:32,0,0,1,1
2021-07-03 18:48:34,1,0,1,2
2021-07-03 18:48:35,0,0,1,1
2021-07-03 18:48:36,21,0,10,31
2021-07-03 18:48:37,16,0,7,23
2021-07-03 18:48:38,3,0,3,6
2021-07-03 18:48:39,1,0,3,4
2021-07-03 18:48:40,18,0,7,25
2021-07-03 18:48:41,2,0,4,6
2021-07-03 18:48:42,3,0,2,5
2021-07-03 18:48:44,196,0,77,273
2021-07-03 18:48:45,758,15,189,962
2021-07-03 18:48:46,27,0,9,36
2021-07-03 18:48:47,0,0,1,1
2021-07-03 18:48:48,1,0,3,4
2021-07-03 18:48:50,5,0,2,7
2021-07-03 18:48:51,0,0,1,1
2021-07-03 18:48:54,1,0,2,3
2021-07-03 18:48:55,0,0,1,1
2021-07-03 18:48:56,0,0,1,1
2021-07-03 18:48:58,2,0,3,5
2021-07-03 18:48:59,6,0,1,7
2021-07-03 18:49:00,0,0,3,3
2021-07-03 18:49:01,145,1,34,180
2021-07-03 18:49:02,3,0,1,4
2021-07-03 18:49:03,4,0,3,7
2021-07-03 18:49:06,5,0,4,9
2021-07-03 18:49:07,0,0,1,1
2021-07-03 18:49:09,8,0,4,12
2021-07-03 18:49:10,6,0,5,11
2021-07-03 18:49:11,28,2,2,32
2021-07-03 18:49:14,9,2,2,13
2021-07-03 18:49:15,6,0,3,9
2021-07-03 18:49:16,1,0,2,3
2021-07-03 18:49:18,0,0,1,1
2021-07-03 18:49:19,24,2,7,33
2021-07-03 18:49:20,4,1,1,6
2021-07-03 18:49:21,1,0,2,3
2021-07-03 18:49:24,5,0,2,7
2021-07-03 18:49:25,3,0,5,8
2021-07-03 18:49:26,10,0,5,15
2021-07-03 18:49:30,0,0,1,1
2021-07-03 18:49:31,0,0,1,1
2021-07-03 18:49:33,11,0,3,14
2021-07-03 18:49:35,4,0,10,14
2021-07-03 18:49:37,4,1,2,7
2021-07-03 18:49:39,2,0,3,5
2021-07-03 18:49:40,6,0,3,9
2021-07-03 18:49:42,5,0,4,9
2021-07-03 18:49:43,4,0,4,8
2021-07-03 18:49:44,128,5,45,178
2021-07-03 18:49:45,0,0,1,1
2021-07-03 18:49:46,4,0,3,7
2021-07-03 18:49:49,41,2,22,65
2021-07-03 18:49:51,8,1,3,12
2021-07-03 18:49:52,16,0,5,21
2021-07-03 18:49:54,170,2,24,196
2021-07-03 18:49:56,7,0,1,8
2021-07-03 18:49:57,0,0,1,1
2021-07-03 18:49:58,3,0,3,6
2021-07-03 18:49:59,2,0,1,3
2021-07-03 18:50:00,230,7,59,296
2021-07-03 18:50:01,0,0,2,2
2021-07-03 18:50:03,22,2,4,28
2021-07-03 18:50:05,3,0,1,4
2021-07-03 18:50:06,2,0,0,2
2021-07-03 18:50:07,36,1,7,44
2021-07-03 18:50:09,3,0,1,4
2021-07-03 18:50:12,1,0,0,1
2021-07-03 18:50:13,0,0,0,0
2021-07-03 18:50:15,14,0,9,23
2021-07-03 18:50:17,1,0,1,2
2021-07-03 18:50:19,2,0,0,2
2021-07-03 18:50:21,6,0,1,7
2021-07-03 18:50:22,15,0,2,17
2021-07-03 18:50:25,4,0,0,4
2021-07-03 18:50:26,0,0,0,0
2021-07-03 18:50:28,67,2,2,71
2021-07-03 18:50:29,1,0,0,1
2021-07-03 18:50:30,6,1,2,9
2021-07-03 18:50:31,6,2,0,8
2021-07-03 18:50:32,42,0,6,48
2021-07-03 18:50:35,0,0,0,0
2021-07-03 18:50:37,3,0,0,3
2021-07-03 18:50:39,2,0,0,2
2021-07-03 18:50:43,1,0,0,1
2021-07-03 18:50:45,1,0,0,1
2021-07-03 18:50:46,1,0,1,2
2021-07-03 18:50:47,2,0,0,2
2021-07-03 18:50:48,0,0,0,0
2021-07-03 18:50:49,0,0,0,0
2021-07-03 18:50:50,398,4,52,454
2021-07-03 18:50:52,0,0,0,0
2021-07-03 18:50:54,3,0,0,3
2021-07-03 18:50:55,3,0,0,3
2021-07-03 18:50:57,20,0,2,22
2021-07-03 18:50:58,1,0,0,1
2021-07-03 18:50:59,4,0,0,4
2021-07-03 18:51:00,4478,400,674,5552
2021-07-03 18:51:01,2,0,1,3
2021-07-03 18:51:04,4,0,0,4
2021-07-03 18:51:05,5,0,0,5
2021-07-03 18:51:06,1,0,0,1
2021-07-03 18:51:08,1,0,0,1
2021-07-03 18:51:10,0,0,0,0
2021-07-03 18:51:11,1,0,0,1
2021-07-03 18:51:13,0,0,0,0
2021-07-03 18:51:14,25,0,1,26
2021-07-03 18:51:16,14,2,2,18
2021-07-03 18:51:17,52,0,17,69
2021-07-03 18:51:19,1,0,0,1
2021-07-03 18:51:20,3,0,0,3
2021-07-03 18:51:21,14,0,2,16
2021-07-03 18:51:22,1,0,0,1
2021-07-03 18:51:24,3,0,0,3
2021-07-03 18:51:26,4,0,0,4
2021-07-03 18:51:27,0,0,0,0
2021-07-03 18:51:30,1,0,0,1
2021-07-03 18:51:32,14,0,5,19
2021-07-03 18:51:34,8,0,1,9
2021-07-03 18:51:35,5,0,1,6
2021-07-03 18:51:37,3,0,0,3
2021-07-03 18:51:38,5,0,0,5
2021-07-03 18:51:39,3,0,0,3
2021-07-03 18:51:40,0,0,0,0
2021-07-03 18:51:43,1,0,0,1
2021-07-03 18:51:46,1,0,0,1
2021-07-03 18:51:47,4,0,1,5
2021-07-03 18:51:48,6242,128,1090,7460
2021-07-03 18:51:49,5,0,0,5
2021-07-03 18:51:50,1,0,0,1
2021-07-03 18:51:54,0,0,0,0
2021-07-03 18:51:56,4,1,0,5
2021-07-03 18:51:57,8,3,1,12
2021-07-03 18:51:58,2,0,0,2
2021-07-03 18:51:59,2,0,0,2
2021-07-03 18:52:00,6,0,0,6
2021-07-03 18:52:01,15,0,0,15
2021-07-03 18:52:05,996,16,178,1190
2021-07-03 18:52:07,9,0,0,9
2021-07-03 18:52:09,14,0,0,14
2021-07-03 18:52:10,5,0,2,7
2021-07-03 18:52:11,0,0,0,0
2021-07-03 18:52:13,0,0,0,0
2021-07-03 18:52:14,0,0,0,0
2021-07-03 18:52:16,1,0,1,2
2021-07-03 18:52:19,0,0,0,0
2021-07-03 18:52:20,0,0,0,0
2021-07-03 18:52:22,0,0,0,0
2021-07-03 18:52:23,0,0,0,0
2021-07-03 18:52:24,0,0,0,0
2021-07-03 18:52:25,995,45,94,1134
2021-07-03 18:52:26,0,0,0,0
2021-07-03 18:52:27,1,0,0,1
2021-07-03 18:52:29,1,0,1,2
2021-07-03 18:52:30,1,0,0,1
2021-07-03 18:52:31,244,6,53,303
2021-07-03 18:52:32,9,0,4,13
2021-07-03 18:52:33,0,0,0,0
2021-07-03 18:52:34,1,0,0,1
2021-07-03 18:52:35,0,0,0,0
2021-07-03 18:52:36,3,0,0,3
2021-07-03 18:52:37,0,0,0,0
2021-07-03 18:52:39,2,0,0,2
2021-07-03 18:52:41,4,0,1,5
2021-07-03 18:52:42,4,0,0,4
2021-07-03 18:52:43,1,0,0,1
2021-07-03 18:52:44,14,0,0,14
2021-07-03 18:52:45,1,0,0,1
2021-07-03 18:52:46,1,0,0,1
2021-07-03 18:52:47,4,1,0,5
2021-07-03 18:52:49,1,0,0,1
2021-07-03 18:52:50,44,5,10,59
2021-07-03 18:52:51,0,0,0,0
2021-07-03 18:52:52,1,0,0,1
2021-07-03 18:52:53,1,0,0,1
2021-07-03 18:52:54,16,1,4,21
2021-07-03 18:52:55,3,0,2,5
2021-07-03 18:52:56,1,0,0,1
2021-07-03 18:52:58,2,0,0,2
2021-07-03 18:53:00,941,28,165,1134
2021-07-03 18:53:01,2,0,0,2
2021-07-03 18:53:02,1,0,0,1
2021-07-03 18:53:03,1,0,0,1
2021-07-03 18:53:04,0,0,0,0
2021-07-03 18:53:05,4,0,0,4
2021-07-03 18:53:07,5,0,1,6
2021-07-03 18:53:08,2,0,0,2
2021-07-03 18:53:10,0,0,0,0
2021-07-03 18:53:14,0,0,0,0
2021-07-03 18:53:15,924,16,124,1064
2021-07-03 18:53:16,9,0,3,12
2021-07-03 18:53:17,7,0,0,7
2021-07-03 18:53:18,29,0,9,38
2021-07-03 18:53:19,6,1,0,7
2021-07-03 18:53:20,1,1,0,2
2021-07-03 18:53:21,3,0,0,3
2021-07-03 18:53:23,4,0,0,4
2021-07-03 18:53:27,2,0,0,2
2021-07-03 18:53:28,13,2,2,17
2021-07-03 18:53:29,77,3,21,101
2021-07-03 18:53:33,20,0,3,23
2021-07-03 18:53:34,0,0,0,0
2021-07-03 18:53:35,3,0,0,3
2021-07-03 18:53:36,1,0,0,1
2021-07-03 18:53:37,3,0,0,3
2021-07-03 18:53:38,1,0,0,1
2021-07-03 18:53:39,1,0,0,1
2021-07-03 18:53:40,6,0,0,6
2021-07-03 18:53:41,1,0,0,1
2021-07-03 18:53:42,66,2,24,92
2021-07-03 18:53:43,46,0,12,58
2021-07-03 18:53:45,0,0,0,0
2021-07-03 18:53:46,2,0,1,3
2021-07-03 18:53:47,2,0,0,2
2021-07-03 18:53:48,6,0,1,7
2021-07-03 18:53:50,11,0,1,12
2021-07-03 18:53:51,0,0,0,0
2021-07-03 18:53:52,503,8,78,589
2021-07-03 18:53:53,2,0,0,2
2021-07-03 18:53:55,166,5,46,217
2021-07-03 18:53:57,0,0,0,0
2021-07-03 18:54:05,1,0,0,1
2021-07-03 18:54:06,0,0,0,0
2021-07-03 18:54:08,3,2,1,6
2021-07-03 18:54:10,2,0,0,2
2021-07-03 18:54:13,0,0,0,0
2021-07-03 18:54:14,0,0,0,0
2021-07-03 18:54:15,0,0,0,0
2021-07-03 18:54:16,16,0,4,20
2021-07-03 18:54:19,1,0,0,1
2021-07-03 18:54:20,1,0,0,1
2021-07-03 18:54:22,387,8,91,486
2021-07-03 18:54:23,19,0,5,24
2021-07-03 18:54:24,0,0,0,0
2021-07-03 18:54:25,2,0,0,2
2021-07-03 18:54:26,1,0,0,1
2021-07-03 18:54:29,5,0,2,7
2021-07-03 18:54:30,5,0,0,5
2021-07-03 18:54:32,1,0,0,1
2021-07-03 18:54:33,0,0,0,0
2021-07-03 18:54:34,0,0,0,0
2021-07-03 18:54:36,0,0,0,0
2021-07-03 18:54:37,5,0,0,5
2021-07-03 18:54:39,0,0,0,0
2021-07-03 18:54:40,3,0,0,3
2021-07-03 18:54:41,48,0,18,66
2021-07-03 18:54:43,11,0,1,12
2021-07-03 18:54:45,0,0,0,0
2021-07-03 18:54:46,2,0,1,3
2021-07-03 18:54:47,0,0,0,0
2021-07-03 18:54:48,53,1,22,76
2021-07-03 18:54:49,4,2,0,6
2021-07-03 18:54:50,0,0,0,0
2021-07-03 18:54:51,1,0,0,1
2021-07-03 18:54:53,0,0,0,0
2021-07-03 18:54:54,2,0,0,2
2021-07-03 18:54:57,0,1,0,1
2021-07-03 18:54:58,0,0,0,0
2021-07-03 18:54:59,0,0,1,1
2021-07-03 18:55:00,7,0,0,7
2021-07-03 18:55:01,4,0,0,4
2021-07-03 18:55:02,0,0,0,0
2021-07-03 18:55:04,0,0,0,0
2021-07-03 18:55:05,1,0,0,1
2021-07-03 18:55:06,2,0,1,3
2021-07-03 18:55:07,0,0,0,0
2021-07-03 18:55:08,0,0,0,0
2021-07-03 18:55:09,1,0,0,1
2021-07-03 18:55:12,1,0,0,1
2021-07-03 18:55:13,5,0,2,7
2021-07-03 18:55:14,16,0,0,16
2021-07-03 18:55:16,1,0,0,1
2021-07-03 18:55:18,26,0,13,39
2021-07-03 18:55:19,0,0,0,0
2021-07-03 18:55:21,0,0,0,0
2021-07-03 18:55:22,0,0,0,0
2021-07-03 18:55:24,1,0,0,1
2021-07-03 18:55:25,5,0,0,5
2021-07-03 18:55:26,28,0,1,29
2021-07-03 18:55:31,1,0,0,1
2021-07-03 18:55:33,19,3,5,27
2021-07-03 18:55:34,12,0,7,19
2021-07-03 18:55:35,0,0,0,0
2021-07-03 18:55:40,4,0,0,4
2021-07-03 18:55:42,126,4,12,142
2021-07-03 18:55:43,149,4,8,161
2021-07-03 18:55:45,1,0,0,1
2021-07-03 18:55:47,3,0,1,4
2021-07-03 18:55:50,5,0,0,5
2021-07-03 18:55:52,3,0,0,3
2021-07-03 18:55:55,2,0,0,2
2021-07-03 18:55:57,32,1,3,36
2021-07-03 18:55:58,2,1,0,3
2021-07-03 18:56:00,1,0,0,1
2021-07-03 18:56:02,2,0,0,2
2021-07-03 18:56:03,4,0,0,4
2021-07-03 18:56:05,2,0,0,2
2021-07-03 18:56:08,4,1,0,5
2021-07-03 18:56:10,3,0,0,3
2021-07-03 18:56:13,0,0,1,1
2021-07-03 18:56:15,15,2,4,21
2021-07-03 18:56:17,7,0,0,7
2021-07-03 18:56:19,0,0,0,0
2021-07-03 18:56:20,163,6,23,192
2021-07-03 18:56:21,1,1,1,3
2021-07-03 18:56:22,0,0,0,0
2021-07-03 18:56:23,4,0,0,4
2021-07-03 18:56:27,11,0,1,12
2021-07-03 18:56:28,2,0,0,2
2021-07-03 18:56:29,0,0,0,0
2021-07-03 18:56:30,0,0,0,0
2021-07-03 18:56:31,148,4,9,161
2021-07-03 18:56:34,3598,87,823,4508
2021-07-03 18:56:35,0,0,0,0
2021-07-03 18:56:38,0,0,0,0
2021-07-03 18:56:39,0,0,1,1
2021-07-03 18:56:40,72,3,13,88
2021-07-03 18:56:41,1,0,0,1
2021-07-03 18:56:42,519,8,147,674
2021-07-03 18:56:43,1,0,0,1
2021-07-03 18:56:44,1142,25,249,1416
2021-07-03 18:56:45,6,0,0,6
2021-07-03 18:56:46,3,0,0,3
2021-07-03 18:56:50,2,0,0,2
2021-07-03 18:56:51,260,2,32,294
2021-07-03 18:56:52,1,0,0,1
2021-07-03 18:56:54,2,0,0,2
2021-07-03 18:56:55,11,1,0,12
2021-07-03 18:56:57,2,0,0,2
2021-07-03 18:56:59,3,0,1,4
2021-07-03 18:57:01,1,0,0,1
2021-07-03 18:57:07,58,0,8,66
2021-07-03 18:57:09,6,0,0,6
2021-07-03 18:57:12,68,5,29,102
2021-07-03 18:57:13,1,0,0,1
2021-07-03 18:57:14,32,3,2,37
2021-07-03 18:57:16,1,0,0,1
2021-07-03 18:57:19,20,0,1,21
2021-07-03 18:57:26,1,0,0,1
2021-07-03 18:57:27,0,0,0,0
2021-07-03 18:57:28,0,0,0,0
2021-07-03 18:57:29,0,0,0,0
2021-07-03 18:57:32,0,0,0,0
2021-07-03 18:57:34,1,0,0,1
2021-07-03 18:57:35,0,0,0,0
2021-07-03 18:57:36,1,0,0,1
2021-07-03 18:57:37,1,0,0,1
2021-07-03 18:57:38,0,0,0,0
2021-07-03 18:57:40,1,0,0,1
2021-07-03 18:57:41,1,0,1,2
2021-07-03 18:57:42,20,1,1,22
2021-07-03 18:57:44,1,0,0,1
2021-07-03 18:57:46,5,0,2,7
2021-07-03 18:57:47,12,1,0,13
2021-07-03 18:57:49,0,0,0,0
2021-07-03 18:57:51,0,0,0,0
2021-07-03 18:57:52,17,0,3,20
2021-07-03 18:57:54,2,0,0,2
2021-07-03 18:57:59,5,0,2,7
2021-07-03 18:58:00,0,0,0,0
2021-07-03 18:58:02,0,0,0,0
2021-07-03 18:58:03,1,0,0,1
2021-07-03 18:58:06,3,0,0,3
2021-07-03 18:58:07,14,0,3,17
2021-07-03 18:58:08,28,0,5,33
2021-07-03 18:58:10,0,0,0,0
2021-07-03 18:58:12,2,0,0,2
2021-07-03 18:58:13,1,0,0,1
2021-07-03 18:58:15,0,0,1,1
2021-07-03 18:58:16,74,1,29,104
2021-07-03 18:58:17,0,0,0,0
2021-07-03 18:58:18,0,0,0,0
2021-07-03 18:58:19,1,0,0,1
2021-07-03 18:58:20,9,1,1,11
2021-07-03 18:58:23,13,1,2,16
2021-07-03 18:58:30,0,0,0,0
2021-07-03 18:58:31,28,0,0,28
2021-07-03 18:58:32,2,0,2,4
2021-07-03 18:58:33,1,0,0,1
2021-07-03 18:58:36,0,0,0,0
2021-07-03 18:58:37,0,0,0,0
2021-07-03 18:58:38,0,0,0,0
2021-07-03 18:58:39,19,3,6,28
2021-07-03 18:58:42,0,0,0,0
2021-07-03 18:58:44,2,0,0,2
2021-07-03 18:58:46,0,0,0,0
2021-07-03 18:58:48,2,0,0,2
2021-07-03 18:58:49,4,0,0,4
2021-07-03 18:58:50,2,0,1,3
2021-07-03 18:58:52,0,0,0,0
2021-07-03 18:58:53,0,0,0,0
2021-07-03 18:58:56,1,0,0,1
2021-07-03 18:58:57,1,0,0,1
2021-07-03 18:58:59,1,0,0,1
2021-07-03 18:59:00,3,0,2,5
2021-07-03 18:59:01,2,0,0,2
2021-07-03 18:59:04,1,0,0,1
2021-07-03 18:59:05,0,0,0,0
2021-07-03 18:59:08,0,0,0,0
2021-07-03 18:59:09,0,0,0,0
2021-07-03 18:59:12,9,0,2,11
2021-07-03 18:59:14,45,3,12,60
2021-07-03 18:59:15,27,2,8,37
2021-07-03 18:59:18,21,0,7,28
2021-07-03 18:59:19,63,1,6,70
2021-07-03 18:59:20,99,0,24,123
2021-07-03 18:59:21,0,0,0,0
2021-07-03 18:59:22,0,0,0,0
2021-07-03 18:59:24,0,0,0,0
2021-07-03 18:59:27,2,0,1,3
2021-07-03 18:59:28,2,1,0,3
2021-07-03 18:59:29,23,4,3,30
2021-07-03 18:59:30,1,2,0,3
2021-07-03 18:59:31,10,1,3,14
2021-07-03 18:59:33,2,1,1,4
2021-07-03 18:59:34,4,1,1,6
2021-07-03 18:59:35,0,0,0,0
2021-07-03 18:59:36,1,0,1,2
2021-07-03 18:59:37,106,4,12,122
2021-07-03 18:59:39,0,0,0,0
2021-07-03 18:59:40,2,0,0,2
2021-07-03 18:59:41,2,0,0,2
2021-07-03 18:59:43,38,0,6,44
2021-07-03 18:59:44,1,0,0,1
2021-07-03 18:59:45,4,0,0,4
2021-07-03 18:59:46,1,0,0,1
2021-07-03 18:59:47,3,0,0,3
2021-07-03 18:59:49,2,0,0,2
2021-07-03 18:59:50,0,0,0,0
2021-07-03 18:59:54,0,0,0,0
2021-07-03 18:59:57,3,1,0,4
2021-07-03 18:59:58,1,0,0,1
2021-07-03 18:59:59,0,0,0,0
2021-07-03 19:00:00,668,28,174,870
2021-07-03 19:00:01,1714,25,183,1922
2021-07-03 19:00:03,6,0,0,6
2021-07-03 19:00:04,0,1,0,1
2021-07-03 19:00:06,2,0,0,2
2021-07-03 19:00:07,7,0,0,7
2021-07-03 19:00:11,1,0,0,1
2021-07-03 19:00:12,4,0,1,5
2021-07-03 19:00:13,0,0,0,0
2021-07-03 19:00:14,0,0,0,0
2021-07-03 19:00:17,0,0,0,0
2021-07-03 19:00:21,0,0,0,0
2021-07-03 19:00:22,1,0,0,1
2021-07-03 19:00:28,0,0,0,0
2021-07-03 19:00:29,0,0,0,0
2021-07-03 19:00:30,1,0,0,1
2021-07-03 19:00:31,148,2,30,180
2021-07-03 19:00:33,1,0,0,1
2021-07-03 19:00:34,1,0,0,1
2021-07-03 19:00:35,8,0,0,8
2021-07-03 19:00:36,1,0,0,1
2021-07-03 19:00:37,5,0,1,6
2021-07-03 19:00:40,30,2,17,49
2021-07-03 19:00:42,0,0,0,0
2021-07-03 19:00:43,5,1,0,6
2021-07-03 19:00:45,0,0,0,0
2021-07-03 19:00:48,0,0,0,0
2021-07-03 19:00:49,0,0,0,0
2021-07-03 19:00:50,14,0,4,18
2021-07-03 19:00:52,0,0,0,0
2021-07-03 19:00:57,2,0,1,3
2021-07-03 19:00:58,6,0,2,8
2021-07-03 19:00:59,2,0,0,2
2021-07-03 19:01:01,6,0,0,6
2021-07-03 19:01:04,47,2,11,60
2021-07-03 19:01:05,0,0,0,0
2021-07-03 19:01:06,728,14,142,884
2021-07-03 19:01:07,0,0,0,0
2021-07-03 19:01:08,64,3,16,83
2021-07-03 19:01:11,0,0,0,0
2021-07-03 19:01:12,0,0,0,0
2021-07-03 19:01:16,2,0,0,2
2021-07-03 19:01:17,4,0,0,4
2021-07-03 19:01:18,0,0,0,0
2021-07-03 19:01:20,3,1,0,4
2021-07-03 19:01:21,21,0,10,31
2021-07-03 19:01:22,0,0,0,0
2021-07-03 19:01:23,39,1,1,41
2021-07-03 19:01:26,5,1,0,6
2021-07-03 19:01:27,1,0,0,1
2021-07-03 19:01:28,0,0,0,0
2021-07-03 19:01:29,9,0,0,9
2021-07-03 19:01:31,3,0,0,3
2021-07-03 19:01:32,1,0,0,1
2021-07-03 19:01:35,40,10,2,52
2021-07-03 19:01:36,0,0,1,1
2021-07-03 19:01:37,0,0,0,0
2021-07-03 19:01:38,0,0,0,0
2021-07-03 19:01:39,0,0,0,0
2021-07-03 19:01:40,10,0,0,10
2021-07-03 19:01:41,886,24,61,971
2021-07-03 19:01:42,0,0,0,0
2021-07-03 19:01:44,0,0,0,0
2021-07-03 19:01:46,0,0,0,0
2021-07-03 19:01:48,0,0,0,0
2021-07-03 19:01:49,1,0,0,1
2021-07-03 19:01:50,16,0,6,22
2021-07-03 19:01:51,2,0,0,2
2021-07-03 19:01:52,0,0,0,0
2021-07-03 19:01:55,2,0,0,2
2021-07-03 19:01:56,1009,24,157,1190
2021-07-03 19:01:57,0,0,0,0
2021-07-03 19:01:58,0,0,0,0
2021-07-03 19:01:59,1,0,2,3
2021-07-03 19:02:00,0,0,0,0
2021-07-03 19:02:01,8,0,3,11
2021-07-03 19:02:03,1,0,0,1
2021-07-03 19:02:04,0,0,0,0
2021-07-03 19:02:07,173,3,26,202
2021-07-03 19:02:08,3,0,0,3
2021-07-03 19:02:09,40,0,5,45
2021-07-03 19:02:11,4,0,1,5
2021-07-03 19:02:14,4,1,0,5
2021-07-03 19:02:15,23,0,1,24
2021-07-03 19:02:16,0,0,0,0
2021-07-03 19:02:17,26,0,1,27
2021-07-03 19:02:18,175,0,21,196
2021-07-03 19:02:19,56,2,20,78
2021-07-03 19:02:21,1,0,0,1
2021-07-03 19:02:22,1,0,0,1
2021-07-03 19:02:23,0,0,0,0
2021-07-03 19:02:24,0,0,0,0
2021-07-03 19:02:25,14,0,2,16
2021-07-03 19:02:26,2,0,0,2
2021-07-03 19:02:27,0,0,0,0
2021-07-03 19:02:29,0,0,0,0
2021-07-03 19:02:31,10,0,1,11
2021-07-03 19:02:32,1,0,0,1
2021-07-03 19:02:33,2,0,0,2
2021-07-03 19:02:35,1,0,0,1
2021-07-03 19:02:36,1,0,0,1
2021-07-03 19:02:37,0,0,0,0
2021-07-03 19:02:38,0,0,0,0
2021-07-03 19:02:39,1,0,0,1
2021-07-03 19:02:40,0,0,0,0
2021-07-03 19:02:41,0,0,0,0
2021-07-03 19:02:42,346,6,34,386
2021-07-03 19:02:44,0,0,0,0
2021-07-03 19:02:46,29,1,1,31
2021-07-03 19:02:49,0,0,0,0
2021-07-03 19:02:50,276,4,11,291
2021-07-03 19:02:51,0,0,0,0
2021-07-03 19:02:52,4,0,0,4
2021-07-03 19:02:53,7,0,0,7
2021-07-03 19:02:54,1,0,0,1
2021-07-03 19:02:57,1,0,0,1
2021-07-03 19:02:58,0,0,0,0
2021-07-03 19:02:59,455,7,86,548
2021-07-03 19:03:00,447,69,102,618
2021-07-03 19:03:02,19,1,17,37
2021-07-03 19:03:03,0,0,0,0
2021-07-03 19:03:04,0,0,0,0
2021-07-03 19:03:05,3,0,0,3
2021-07-03 19:03:06,0,0,0,0
2021-07-03 19:03:07,0,0,0,0
2021-07-03 19:03:08,3,0,0,3
2021-07-03 19:03:09,1,0,1,2
2021-07-03 19:03:10,0,0,0,0
2021-07-03 19:03:12,214,2,58,274
2021-07-03 19:03:13,0,0,0,0
2021-07-03 19:03:14,173,3,47,223
2021-07-03 19:03:16,141,2,37,180
2021-07-03 19:03:17,0,0,0,0
2021-07-03 19:03:19,2,0,2,4
2021-07-03 19:03:21,2,0,0,2
2021-07-03 19:03:22,0,0,0,0
2021-07-03 19:03:25,0,0,0,0
2021-07-03 19:03:26,9,0,4,13
2021-07-03 19:03:27,16,1,7,24
2021-07-03 19:03:29,39,2,2,43
2021-07-03 19:03:30,1,0,0,1
2021-07-03 19:03:33,2,0,1,3
2021-07-03 19:03:34,10,0,3,13
2021-07-03 19:03:36,0,1,0,1
2021-07-03 19:03:38,1,1,0,2
2021-07-03 19:03:40,31,1,5,37
2021-07-03 19:03:44,2,1,0,3
2021-07-03 19:03:45,3,3,0,6
2021-07-03 19:03:46,1,2,0,3
2021-07-03 19:03:47,2,1,0,3
2021-07-03 19:03:49,86,4,24,114
2021-07-03 19:03:50,10,3,0,13
2021-07-03 19:03:51,84,3,13,100
2021-07-03 19:03:52,1349,18,30,1397
2021-07-03 19:03:54,0,0,0,0
2021-07-03 19:03:56,0,0,0,0
2021-07-03 19:03:57,0,0,0,0
2021-07-03 19:03:58,0,0,0,0
2021-07-03 19:04:00,250,6,52,308
2021-07-03 19:04:02,1,0,0,1
2021-07-03 19:04:03,1,0,0,1
2021-07-03 19:04:04,6,0,0,6
2021-07-03 19:04:05,1598,18,256,1872
2021-07-03 19:04:08,8,0,1,9
2021-07-03 19:04:09,0,0,0,0
2021-07-03 19:04:10,5,0,0,5
2021-07-03 19:04:11,0,0,0,0
2021-07-03 19:04:12,0,0,0,0
2021-07-03 19:04:14,1,0,0,1
2021-07-03 19:04:15,6,0,5,11
2021-07-03 19:04:19,1,0,0,1
2021-07-03 19:04:20,0,0,0,0
2021-07-03 19:04:21,2,0,0,2
2021-07-03 19:04:22,16,0,4,20
2021-07-03 19:04:24,6,1,1,8
2021-07-03 19:04:25,0,0,0,0
2021-07-03 19:04:26,0,0,0,0
2021-07-03 19:04:30,2,0,0,2
2021-07-03 19:04:31,0,0,0,0
2021-07-03 19:04:32,1,0,0,1
2021-07-03 19:04:35,0,0,0,0
2021-07-03 19:04:36,12,0,0,12
2021-07-03 19:04:37,3,0,0,3
2021-07-03 19:04:38,0,0,0,0
2021-07-03 19:04:40,0,0,0,0
2021-07-03 19:04:41,0,0,0,0
2021-07-03 19:04:43,0,0,0,0
2021-07-03 19:04:44,0,0,0,0
2021-07-03 19:04:46,0,0,0,0
2021-07-03 19:04:49,1,0,0,1
2021-07-03 19:04:50,2502,44,117,2663
2021-07-03 19:04:51,4,1,0,5
2021-07-03 19:04:52,1,0,0,1
2021-07-03 19:04:55,0,0,0,0
2021-07-03 19:04:56,16,0,0,16
2021-07-03 19:04:57,1,0,0,1
2021-07-03 19:04:58,181,3,27,211
2021-07-03 19:04:59,5,0,1,6
2021-07-03 19:05:00,1,0,0,1
2021-07-03 19:05:02,3,0,0,3
2021-07-03 19:05:05,162,4,31,197
2021-07-03 19:05:06,2,0,0,2
2021-07-03 19:05:08,2,0,0,2
2021-07-03 19:05:09,0,0,0,0
2021-07-03 19:05:10,1,0,0,1
2021-07-03 19:05:11,13,0,4,17
2021-07-03 19:05:12,8,0,0,8
2021-07-03 19:05:14,0,0,0,0
2021-07-03 19:05:15,8,0,3,11
2021-07-03 19:05:16,0,0,0,0
2021-07-03 19:05:17,0,0,0,0
2021-07-03 19:05:18,216,8,61,285
2021-07-03 19:05:19,6,0,0,6
2021-07-03 19:05:20,1,0,0,1
2021-07-03 19:05:23,1,0,0,1
2021-07-03 19:05:25,0,0,0,0
2021-07-03 19:05:26,6,0,4,10
2021-07-03 19:05:27,37,1,7,45
2021-07-03 19:05:28,0,0,0,0
2021-07-03 19:05:29,0,3,0,3
2021-07-03 19:05:30,4,0,1,5
2021-07-03 19:05:31,2,1,1,4
2021-07-03 19:05:33,0,0,0,0
2021-07-03 19:05:35,0,0,0,0
2021-07-03 19:05:36,4,1,3,8
2021-07-03 19:05:37,3,0,1,4
2021-07-03 19:05:38,0,0,0,0
2021-07-03 19:05:39,0,0,0,0
2021-07-03 19:05:42,0,1,0,1
2021-07-03 19:05:43,1,0,0,1
2021-07-03 19:05:44,0,0,0,0
2021-07-03 19:05:46,0,0,0,0
2021-07-03 19:05:47,0,0,0,0
2021-07-03 19:05:50,1,0,0,1
2021-07-03 19:05:52,1,0,0,1
2021-07-03 19:05:53,1,0,1,2
2021-07-03 19:05:55,16,1,0,17
2021-07-03 19:05:56,0,0,0,0
2021-07-03 19:05:57,0,0,0,0
2021-07-03 19:06:00,592,15,100,707
2021-07-03 19:06:01,15,2,0,17
2021-07-03 19:06:02,0,0,0,0
2021-07-03 19:06:03,0,0,0,0
2021-07-03 19:06:04,2,0,0,2
2021-07-03 19:06:05,1,0,0,1
2021-07-03 19:06:06,2,2,2,6
2021-07-03 19:06:08,2,0,0,2
2021-07-03 19:06:10,1,0,0,1
2021-07-03 19:06:11,2,0,0,2
2021-07-03 19:06:12,7,0,1,8
2021-07-03 19:06:13,3,0,0,3
2021-07-03 19:06:15,2,0,1,3
2021-07-03 19:06:16,1,0,0,1
2021-07-03 19:06:17,0,0,0,0
2021-07-03 19:06:18,0,0,0,0
2021-07-03 19:06:20,0,0,0,0
2021-07-03 19:06:21,1,0,0,1
2021-07-03 19:06:24,3,0,0,3
2021-07-03 19:06:25,8,0,0,8
2021-07-03 19:06:26,1,0,0,1
2021-07-03 19:06:27,0,0,0,0
2021-07-03 19:06:29,3,0,1,4
2021-07-03 19:06:31,6,0,1,7
2021-07-03 19:06:33,2,0,1,3
2021-07-03 19:06:37,4,0,1,5
2021-07-03 19:06:38,1,0,1,2
2021-07-03 19:06:39,1,0,0,1
2021-07-03 19:06:40,4,2,2,8
2021-07-03 19:06:42,0,0,0,0
2021-07-03 19:06:43,1,0,0,1
2021-07-03 19:06:44,0,0,0,0
2021-07-03 19:06:45,0,0,0,0
2021-07-03 19:06:46,1,0,0,1
2021-07-03 19:06:47,0,0,0,0
2021-07-03 19:06:48,1,0,0,1
2021-07-03 19:06:49,0,0,0,0
2021-07-03 19:06:50,1,0,0,1
2021-07-03 19:06:51,50,0,9,59
2021-07-03 19:06:52,2,0,0,2
2021-07-03 19:06:53,0,0,0,0
2021-07-03 19:06:54,22,1,5,28
2021-07-03 19:06:56,15,0,3,18
2021-07-03 19:06:57,1,0,0,1
2021-07-03 19:07:04,0,0,0,0
2021-07-03 19:07:05,4,1,1,6
2021-07-03 19:07:08,10,0,3,13
2021-07-03 19:07:09,0,0,0,0
2021-07-03 19:07:10,3,0,1,4
2021-07-03 19:07:11,173,13,24,210
2021-07-03 19:07:14,10,0,4,14
2021-07-03 19:07:17,1,0,0,1
2021-07-03 19:07:18,9,0,2,11
2021-07-03 19:07:19,3,0,0,3
2021-07-03 19:07:21,3,0,0,3
2021-07-03 19:07:22,1,0,0,1
2021-07-03 19:07:24,1,0,0,1
2021-07-03 19:07:25,4,1,1,6
2021-07-03 19:07:26,5,1,1,7
2021-07-03 19:07:28,13,0,1,14
2021-07-03 19:07:29,0,1,0,1
2021-07-03 19:07:30,1682,66,373,2121
2021-07-03 19:07:31,1,1,0,2
2021-07-03 19:07:32,65,2,20,87
2021-07-03 19:07:33,69,2,8,79
2021-07-03 19:07:34,4,0,0,4
2021-07-03 19:07:36,2,0,0,2
2021-07-03 19:07:40,2,0,0,2
2021-07-03 19:07:43,11,0,1,12
2021-07-03 19:07:45,3,0,0,3
2021-07-03 19:07:46,19,0,5,24
2021-07-03 19:07:49,2,0,1,3
2021-07-03 19:07:51,21,0,7,28
2021-07-03 19:07:53,978,14,258,1250
2021-07-03 19:07:54,3,0,1,4
2021-07-03 19:07:55,3,0,1,4
2021-07-03 19:07:58,12,2,2,16
2021-07-03 19:07:59,25,0,9,34
2021-07-03 19:08:00,6,0,3,9
2021-07-03 19:08:02,1,0,0,1
2021-07-03 19:08:04,2,0,1,3
2021-07-03 19:08:05,588,22,127,737
2021-07-03 19:08:06,0,0,0,0
2021-07-03 19:08:08,6,0,1,7
2021-07-03 19:08:10,1,0,1,2
2021-07-03 19:08:11,1,1,0,2
2021-07-03 19:08:12,2,0,1,3
2021-07-03 19:08:13,1,0,0,1
2021-07-03 19:08:16,5,1,1,7
2021-07-03 19:08:18,271,2,38,311
2021-07-03 19:08:19,27,0,7,34
2021-07-03 19:08:20,2,0,0,2
2021-07-03 19:08:21,2,0,0,2
2021-07-03 19:08:22,4,0,2,6
2021-07-03 19:08:23,29,3,4,36
2021-07-03 19:08:24,2,0,0,2
2021-07-03 19:08:25,40,1,5,46
2021-07-03 19:08:26,0,0,0,0
2021-07-03 19:08:27,0,0,0,0
2021-07-03 19:08:31,2,0,0,2
2021-07-03 19:08:32,0,0,0,0
2021-07-03 19:08:34,2,0,0,2
2021-07-03 19:08:35,1,0,0,1
2021-07-03 19:08:36,1,0,0,1
2021-07-03 19:08:37,5,0,0,5
2021-07-03 19:08:39,1,0,0,1
2021-07-03 19:08:40,4,0,1,5
2021-07-03 19:08:44,1,0,0,1
2021-07-03 19:08:45,2,0,0,2
2021-07-03 19:08:50,2,0,0,2
2021-07-03 19:08:52,0,0,0,0
2021-07-03 19:08:53,1,0,0,1
2021-07-03 19:08:54,476,79,107,662
2021-07-03 19:08:56,4,0,0,4
2021-07-03 19:08:57,3,0,1,4
2021-07-03 19:08:58,7,0,0,7
2021-07-03 19:08:59,1,0,0,1
2021-07-03 19:09:01,4,0,2,6
2021-07-03 19:09:07,10,1,0,11
2021-07-03 19:09:08,8,2,0,10
2021-07-03 19:09:09,3,0,1,4
2021-07-03 19:09:10,0,0,0,0
2021-07-03 19:09:12,3,0,0,3
2021-07-03 19:09:13,52,0,8,60
2021-07-03 19:09:14,10,0,1,11
2021-07-03 19:09:16,1,0,0,1
2021-07-03 19:09:17,13,1,2,16
2021-07-03 19:09:18,0,0,0,0
2021-07-03 19:09:21,2,0,0,2
2021-07-03 19:09:22,3,0,1,4
2021-07-03 19:09:23,1,0,0,1
2021-07-03 19:09:25,0,0,0,0
2021-07-03 19:09:27,12,0,6,18
2021-07-03 19:09:28,0,0,0,0
2021-07-03 19:09:29,22,0,0,22
2021-07-03 19:09:31,5,1,0,6
2021-07-03 19:09:35,21,0,4,25
2021-07-03 19:09:36,1,0,1,2
2021-07-03 19:09:39,0,1,0,1
2021-07-03 19:09:42,1,0,0,1
2021-07-03 19:09:43,15,0,1,16
2021-07-03 19:09:44,26,2,3,31
2021-07-03 19:09:45,2,0,0,2
2021-07-03 19:09:47,2,0,0,2
2021-07-03 19:09:50,19,2,9,30
2021-07-03 19:09:52,2,0,0,2
2021-07-03 19:09:53,1,0,0,1
2021-07-03 19:09:54,1,0,0,1
2021-07-03 19:09:56,0,0,0,0
2021-07-03 19:09:57,38,0,4,42
2021-07-03 19:10:00,4043,140,588,4771
2021-07-03 19:10:01,1,0,0,1
2021-07-03 19:10:03,13,0,1,14
2021-07-03 19:10:06,5,0,1,6
2021-07-03 19:10:08,2,0,0,2
2021-07-03 19:10:11,1,0,0,1
2021-07-03 19:10:14,17,0,4,21
2021-07-03 19:10:18,6,0,0,6
2021-07-03 19:10:20,20,0,0,20
2021-07-03 19:10:23,2,0,0,2
2021-07-03 19:10:24,0,0,0,0
2021-07-03 19:10:25,1,0,0,1
2021-07-03 19:10:27,1,0,0,1
2021-07-03 19:10:30,128,3,20,151
2021-07-03 19:10:34,36,2,7,45
2021-07-03 19:10:35,16,0,4,20
2021-07-03 19:10:36,0,0,0,0
2021-07-03 19:10:41,2,0,0,2
2021-07-03 19:10:42,0,0,0,0
2021-07-03 19:10:43,2,0,5,7
2021-07-03 19:10:44,5,0,0,5
2021-07-03 19:10:46,2,0,0,2
2021-07-03 19:10:47,1,0,0,1
2021-07-03 19:10:48,21,0,5,26
2021-07-03 19:10:51,1746,39,482,2267
2021-07-03 19:10:52,2,0,0,2
2021-07-03 19:10:53,71,1,3,75
2021-07-03 19:10:54,0,0,0,0
2021-07-03 19:10:55,0,0,0,0
2021-07-03 19:10:57,0,0,0,0
2021-07-03 19:10:58,1,0,0,1
2021-07-03 19:10:59,788,8,146,942
2021-07-03 19:11:01,1,0,0,1
2021-07-03 19:11:03,0,0,0,0
2021-07-03 19:11:04,4,0,1,5
2021-07-03 19:11:07,7,2,3,12
2021-07-03 19:11:08,116,2,2,120
2021-07-03 19:11:09,0,0,0,0
2021-07-03 19:11:10,8,0,1,9
2021-07-03 19:11:12,3,0,0,3
2021-07-03 19:11:13,4,0,1,5
2021-07-03 19:11:14,42,0,4,46
2021-07-03 19:11:15,0,2,0,2
2021-07-03 19:11:18,5,0,1,6
2021-07-03 19:11:19,1,0,0,1
2021-07-03 19:11:20,1,0,0,1
2021-07-03 19:11:22,0,0,0,0
2021-07-03 19:11:24,1,0,0,1
2021-07-03 19:11:25,0,0,0,0
2021-07-03 19:11:26,191,0,20,211
2021-07-03 19:11:27,24,0,5,29
2021-07-03 19:11:31,0,0,1,1
2021-07-03 19:11:33,2,2,1,5
2021-07-03 19:11:34,0,0,1,1
2021-07-03 19:11:35,15,2,9,26
2021-07-03 19:11:36,0,0,1,1
2021-07-03 19:11:37,3,0,0,3
2021-07-03 19:11:39,54,0,24,78
2021-07-03 19:11:40,4,0,2,6
2021-07-03 19:11:42,0,0,0,0
2021-07-03 19:11:43,16,2,6,24
2021-07-03 19:11:45,0,0,1,1
2021-07-03 19:11:46,1261,22,150,1433
2021-07-03 19:11:47,4,0,2,6
2021-07-03 19:11:49,476,33,168,677
2021-07-03 19:11:52,0,0,0,0
2021-07-03 19:11:53,1,0,1,2
2021-07-03 19:11:54,1,0,1,2
2021-07-03 19:11:55,1,0,3,4
2021-07-03 19:11:56,0,0,0,0
2021-07-03 19:11:57,118,1,22,141
2021-07-03 19:11:58,6,0,2,8
2021-07-03 19:11:59,2,0,0,2
2021-07-03 19:12:00,1,0,1,2
2021-07-03 19:12:01,17,0,3,20
2021-07-03 19:12:02,13,1,4,18
2021-07-03 19:12:03,1,0,0,1
2021-07-03 19:12:05,0,0,0,0
2021-07-03 19:12:06,0,0,0,0
2021-07-03 19:12:07,0,0,0,0
2021-07-03 19:12:08,0,0,1,1
2021-07-03 19:12:09,0,0,0,0
2021-07-03 19:12:12,5,0,1,6
2021-07-03 19:12:13,0,0,0,0
2021-07-03 19:12:14,0,0,0,0
2021-07-03 19:12:15,0,0,0,0
2021-07-03 19:12:16,180,3,24,207
2021-07-03 19:12:17,29,1,12,42
2021-07-03 19:12:20,1,0,0,1
2021-07-03 19:12:21,9,0,0,9
2021-07-03 19:12:22,1,0,0,1
2021-07-03 19:12:23,3,2,1,6
2021-07-03 19:12:24,2,0,0,2
2021-07-03 19:12:27,0,0,0,0
2021-07-03 19:12:28,0,0,0,0
2021-07-03 19:12:33,60,0,7,67
2021-07-03 19:12:34,6,1,0,7
2021-07-03 19:12:35,0,0,0,0
2021-07-03 19:12:38,349,3,66,418
2021-07-03 19:12:39,2,0,0,2
2021-07-03 19:12:41,12,1,1,14
2021-07-03 19:12:43,3,0,0,3
2021-07-03 19:12:44,11,0,6,17
2021-07-03 19:12:45,2,0,0,2
2021-07-03 19:12:50,1,0,0,1
2021-07-03 19:12:54,7,0,0,7
2021-07-03 19:12:55,1,0,0,1
2021-07-03 19:12:56,14,0,1,15
2021-07-03 19:12:57,6971,92,761,7824
2021-07-03 19:12:58,6,0,0,6
2021-07-03 19:12:59,1,0,0,1
2021-07-03 19:13:04,2,0,0,2
2021-07-03 19:13:06,10,0,2,12
2021-07-03 19:13:07,11,1,4,16
2021-07-03 19:13:11,2,1,0,3
2021-07-03 19:13:14,7,0,0,7
2021-07-03 19:13:16,2,0,1,3
2021-07-03 19:13:18,4228,88,706,5022
2021-07-03 19:13:23,7,0,0,7
2021-07-03 19:13:24,1,0,0,1
2021-07-03 19:13:25,6,0,0,6
2021-07-03 19:13:27,26,0,13,39
2021-07-03 19:13:28,3,0,0,3
2021-07-03 19:13:29,0,0,0,0
2021-07-03 19:13:33,3,0,0,3
2021-07-03 19:13:34,1,0,0,1
2021-07-03 19:13:35,1,0,0,1
2021-07-03 19:13:36,7,0,0,7
2021-07-03 19:13:37,4,0,0,4
2021-07-03 19:13:38,2,1,0,3
2021-07-03 19:13:40,1,0,0,1
2021-07-03 19:13:41,59,0,10,69
2021-07-03 19:13:42,4,0,0,4
2021-07-03 19:13:43,2,0,0,2
2021-07-03 19:13:44,3,0,0,3
2021-07-03 19:13:45,356,10,72,438
2021-07-03 19:13:46,2,0,0,2
2021-07-03 19:13:49,6,0,0,6
2021-07-03 19:13:50,1,0,0,1
2021-07-03 19:13:51,1,0,0,1
2021-07-03 19:13:54,4,0,0,4
2021-07-03 19:14:01,3,0,0,3
2021-07-03 19:14:03,7,0,0,7
2021-07-03 19:14:05,53,2,10,65
2021-07-03 19:14:07,0,0,0,0
2021-07-03 19:14:08,0,0,0,0
2021-07-03 19:14:09,0,0,0,0
2021-07-03 19:14:10,9,0,1,10
2021-07-03 19:14:11,10,2,2,14
2021-07-03 19:14:13,28,0,6,34
2021-07-03 19:14:15,1,0,0,1
2021-07-03 19:14:16,0,0,0,0
2021-07-03 19:14:17,2,0,0,2
2021-07-03 19:14:19,2,0,1,3
2021-07-03 19:14:20,0,0,0,0
2021-07-03 19:14:21,30,0,6,36
2021-07-03 19:14:23,0,0,0,0
2021-07-03 19:14:24,0,0,0,0
2021-07-03 19:14:26,0,0,0,0
2021-07-03 19:14:28,3,1,0,4
2021-07-03 19:14:29,7,0,3,10
2021-07-03 19:14:30,0,0,0,0
2021-07-03 19:14:34,0,0,0,0
2021-07-03 19:14:35,1,0,0,1
2021-07-03 19:14:37,3,0,1,4
2021-07-03 19:14:40,127,2,32,161
2021-07-03 19:14:42,20,0,1,21
2021-07-03 19:14:43,270,2,26,298
2021-07-03 19:14:44,2,0,0,2
2021-07-03 19:14:45,2,0,0,2
2021-07-03 19:14:46,0,0,0,0
2021-07-03 19:14:48,3,0,0,3
2021-07-03 19:14:54,18,1,0,19
2021-07-03 19:14:55,19,0,0,19
2021-07-03 19:14:56,2,0,0,2
2021-07-03 19:14:57,1,0,0,1
2021-07-03 19:14:59,0,0,0,0
2021-07-03 19:15:02,2,0,0,2
2021-07-03 19:15:03,4,0,3,7
2021-07-03 19:15:04,1,0,0,1
2021-07-03 19:15:05,8,1,0,9
2021-07-03 19:15:06,8,0,1,9
2021-07-03 19:15:08,2,0,1,3
2021-07-03 19:15:09,1,0,0,1
2021-07-03 19:15:12,0,0,0,0
2021-07-03 19:15:13,3,0,1,4
2021-07-03 19:15:15,1,0,0,1
2021-07-03 19:15:16,703,10,85,798
2021-07-03 19:15:19,0,1,0,1
2021-07-03 19:15:20,0,0,0,0
2021-07-03 19:15:21,0,0,0,0
2021-07-03 19:15:22,0,0,0,0
2021-07-03 19:15:23,0,0,0,0
2021-07-03 19:15:25,0,0,0,0
2021-07-03 19:15:27,28,2,0,30
2021-07-03 19:15:29,0,0,0,0
2021-07-03 19:15:30,1,0,0,1
2021-07-03 19:15:33,31,2,2,35
2021-07-03 19:15:34,1,0,0,1
2021-07-03 19:15:37,1,0,0,1
2021-07-03 19:15:38,0,0,0,0
2021-07-03 19:15:40,2,1,1,4
2021-07-03 19:15:41,74,1,13,88
2021-07-03 19:15:42,5,0,4,9
2021-07-03 19:15:44,2,0,0,2
2021-07-03 19:15:45,5,0,3,8
2021-07-03 19:15:46,3,0,1,4
2021-07-03 19:15:47,7,0,0,7
2021-07-03 19:15:49,2,0,0,2
2021-07-03 19:15:51,0,0,0,0
2021-07-03 19:15:52,2,0,1,3
2021-07-03 19:15:54,0,0,0,0
2021-07-03 19:15:55,1,0,0,1
2021-07-03 19:15:56,12,4,0,16
2021-07-03 19:15:59,1,0,1,2
2021-07-03 19:16:00,1,0,0,1
2021-07-03 19:16:02,0,0,0,0
2021-07-03 19:16:03,2,0,0,2
2021-07-03 19:16:05,2,0,0,2
2021-07-03 19:16:06,0,0,0,0
2021-07-03 19:16:08,30,0,14,44
2021-07-03 19:16:09,1,0,0,1
2021-07-03 19:16:10,1,0,0,1
2021-07-03 19:16:12,1,0,0,1
2021-07-03 19:16:13,0,0,0,0
2021-07-03 19:16:14,6,0,3,9
2021-07-03 19:16:15,1,0,0,1
2021-07-03 19:16:16,0,0,0,0
2021-07-03 19:16:17,16,1,5,22
2021-07-03 19:16:18,0,0,0,0
2021-07-03 19:16:19,0,0,0,0
2021-07-03 19:16:20,10,3,8,21
2021-07-03 19:16:21,0,0,0,0
2021-07-03 19:16:25,1,0,0,1
2021-07-03 19:16:26,0,0,0,0
2021-07-03 19:16:27,3,0,1,4
2021-07-03 19:16:29,0,0,0,0
2021-07-03 19:16:31,2,0,0,2
2021-07-03 19:16:32,4,0,0,4
2021-07-03 19:16:35,3,0,0,3
2021-07-03 19:16:36,3,0,0,3
2021-07-03 19:16:39,0,0,1,1
2021-07-03 19:16:40,185,2,45,232
2021-07-03 19:16:41,5,0,4,9
2021-07-03 19:16:44,1,0,0,1
2021-07-03 19:16:46,6,0,2,8
2021-07-03 19:16:49,4452,101,737,5290
2021-07-03 19:16:50,2,0,0,2
2021-07-03 19:16:51,11,0,0,11
2021-07-03 19:16:53,77,6,14,97
2021-07-03 19:16:56,2,0,0,2
2021-07-03 19:16:57,2,0,0,2
2021-07-03 19:16:58,4,0,1,5
2021-07-03 19:16:59,4,0,1,5
2021-07-03 19:17:00,4,0,0,4
2021-07-03 19:17:01,2,0,0,2
2021-07-03 19:17:04,2,0,0,2
2021-07-03 19:17:06,2,0,1,3
2021-07-03 19:17:07,0,0,0,0
2021-07-03 19:17:08,2,0,0,2
2021-07-03 19:17:09,1,2,0,3
2021-07-03 19:17:12,7,1,0,8
2021-07-03 19:17:14,10,0,1,11
2021-07-03 19:17:15,2,0,0,2
2021-07-03 19:17:16,1,0,0,1
2021-07-03 19:17:17,41,0,3,44
2021-07-03 19:17:20,53,4,5,62
2021-07-03 19:17:21,2,0,0,2
2021-07-03 19:17:22,1,0,0,1
2021-07-03 19:17:23,4,0,0,4
2021-07-03 19:17:25,1,0,0,1
2021-07-03 19:17:26,0,0,0,0
2021-07-03 19:17:27,1,0,0,1
2021-07-03 19:17:29,3,0,0,3
2021-07-03 19:17:31,18,1,4,23
2021-07-03 19:17:32,112,4,18,134
2021-07-03 19:17:33,3,0,0,3
2021-07-03 19:17:34,0,0,0,0
2021-07-03 19:17:35,90,3,12,105
2021-07-03 19:17:36,0,0,0,0
2021-07-03 19:17:38,527,8,132,667
2021-07-03 19:17:43,0,0,0,0
2021-07-03 19:17:44,0,0,0,0
2021-07-03 19:17:45,1,0,0,1
2021-07-03 19:17:48,3,0,0,3
2021-07-03 19:17:49,1,0,0,1
2021-07-03 19:17:50,26,1,5,32
2021-07-03 19:17:53,0,0,0,0
2021-07-03 19:17:54,1,0,0,1
2021-07-03 19:17:55,1,0,0,1
2021-07-03 19:17:56,3,0,0,3
2021-07-03 19:17:58,0,0,0,0
2021-07-03 19:18:00,7,1,0,8
2021-07-03 19:18:01,0,0,0,0
2021-07-03 19:18:02,9,0,0,9
2021-07-03 19:18:04,2,0,0,2
2021-07-03 19:18:08,1,0,1,2
2021-07-03 19:18:09,0,0,0,0
2021-07-03 19:18:11,1,0,0,1
2021-07-03 19:18:12,6,0,0,6
2021-07-03 19:18:13,0,0,0,0
2021-07-03 19:18:15,3,1,0,4
2021-07-03 19:18:16,0,0,0,0
2021-07-03 19:18:20,538,14,84,636
2021-07-03 19:18:21,11,2,1,14
2021-07-03 19:18:22,1,0,0,1
2021-07-03 19:18:23,3,0,0,3
2021-07-03 19:18:25,0,0,0,0
2021-07-03 19:18:26,2,0,0,2
2021-07-03 19:18:27,1,0,0,1
2021-07-03 19:18:29,1,0,0,1
2021-07-03 19:18:32,2,0,0,2
2021-07-03 19:18:36,1,0,0,1
2021-07-03 19:18:37,1,0,0,1
2021-07-03 19:18:39,8,0,1,9
2021-07-03 19:18:41,1,0,0,1
2021-07-03 19:18:42,0,0,0,0
2021-07-03 19:18:43,2,0,0,2
2021-07-03 19:18:45,2,0,0,2
2021-07-03 19:18:46,7,0,2,9
2021-07-03 19:18:47,1,0,1,2
2021-07-03 19:18:48,0,0,1,1
2021-07-03 19:18:49,2,0,0,2
2021-07-03 19:18:50,8,0,2,10
2021-07-03 19:18:51,1,0,1,2
2021-07-03 19:18:53,2,0,1,3
2021-07-03 19:18:58,2,0,1,3
2021-07-03 19:19:03,0,0,1,1
2021-07-03 19:19:05,13,0,3,16
2021-07-03 19:19:09,5,1,1,7
2021-07-03 19:19:12,2,0,0,2
2021-07-03 19:19:15,3,0,0,3
2021-07-03 19:19:17,7,0,0,7
2021-07-03 19:19:18,0,0,0,0
2021-07-03 19:19:19,5,0,1,6
2021-07-03 19:19:20,9,0,2,11
2021-07-03 19:19:22,1,0,0,1
2021-07-03 19:19:23,110,0,22,132
2021-07-03 19:19:24,0,0,0,0
2021-07-03 19:19:26,0,0,0,0
2021-07-03 19:19:28,2,0,0,2
2021-07-03 19:19:30,1,0,0,1
2021-07-03 19:19:31,48,0,10,58
2021-07-03 19:19:38,0,0,0,0
2021-07-03 19:19:40,0,0,0,0
2021-07-03 19:19:42,4,1,0,5
2021-07-03 19:19:43,17,0,1,18
2021-07-03 19:19:49,36,0,8,44
2021-07-03 19:19:50,2,0,0,2
2021-07-03 19:19:51,4,0,1,5
2021-07-03 19:19:52,5,2,1,8
2021-07-03 19:19:54,0,0,0,0
2021-07-03 19:19:55,0,0,0,0
2021-07-03 19:20:00,756,25,170,951
2021-07-03 19:20:02,6,1,0,7
2021-07-03 19:20:03,19,0,5,24
2021-07-03 19:20:04,2,0,0,2
2021-07-03 19:20:08,2,0,0,2
2021-07-03 19:20:10,1,0,0,1
2021-07-03 19:20:11,1,0,0,1
2021-07-03 19:20:13,10,0,2,12
2021-07-03 19:20:14,179,2,32,213
2021-07-03 19:20:16,10,0,0,10
2021-07-03 19:20:17,2,0,2,4
2021-07-03 19:20:18,9,0,3,12
2021-07-03 19:20:26,0,0,0,0
2021-07-03 19:20:28,5,0,2,7
2021-07-03 19:20:31,9,0,1,10
2021-07-03 19:20:32,4,0,0,4
2021-07-03 19:20:33,809,10,62,881
2021-07-03 19:20:38,0,0,0,0
2021-07-03 19:20:41,3,0,0,3
2021-07-03 19:20:42,0,0,0,0
2021-07-03 19:20:49,9,0,0,9
2021-07-03 19:20:50,0,0,0,0
2021-07-03 19:20:53,1,0,0,1
2021-07-03 19:20:55,0,0,0,0
2021-07-03 19:20:56,10,0,2,12
2021-07-03 19:20:58,0,0,0,0
2021-07-03 19:21:03,1,0,0,1
2021-07-03 19:21:04,3,0,0,3
2021-07-03 19:21:05,404,2,38,444
2021-07-03 19:21:07,10,0,1,11
2021-07-03 19:21:08,3,0,1,4
2021-07-03 19:21:09,57,3,14,74
2021-07-03 19:21:10,0,0,0,0
2021-07-03 19:21:12,14,0,4,18
2021-07-03 19:21:13,0,0,0,0
2021-07-03 19:21:15,1,1,1,3
2021-07-03 19:21:17,32,2,26,60
2021-07-03 19:21:19,1,0,0,1
2021-07-03 19:21:21,1,0,0,1
2021-07-03 19:21:22,6,0,0,6
2021-07-03 19:21:23,0,0,0,0
2021-07-03 19:21:25,1,0,0,1
2021-07-03 19:21:26,1,0,0,1
2021-07-03 19:21:29,3,0,1,4
2021-07-03 19:21:30,1,0,0,1
2021-07-03 19:21:31,11,0,0,11
2021-07-03 19:21:32,0,0,0,0
2021-07-03 19:21:34,1,0,1,2
2021-07-03 19:21:35,2,0,0,2
2021-07-03 19:21:36,2,0,0,2
2021-07-03 19:21:37,8,0,0,8
2021-07-03 19:21:40,1,0,0,1
2021-07-03 19:21:41,477,32,69,578
2021-07-03 19:21:44,5,0,0,5
2021-07-03 19:21:48,1,0,1,2
2021-07-03 19:21:52,13,0,0,13
2021-07-03 19:21:53,0,0,0,0
2021-07-03 19:21:54,1,0,0,1
2021-07-03 19:21:55,1,0,0,1
2021-07-03 19:21:56,1,0,0,1
2021-07-03 19:21:58,4,0,0,4
2021-07-03 19:21:59,50,3,0,53
2021-07-03 19:22:00,52,4,27,83
2021-07-03 19:22:01,11,0,1,12
2021-07-03 19:22:02,5,0,2,7
2021-07-03 19:22:04,2,0,0,2
2021-07-03 19:22:05,0,0,0,0
2021-07-03 19:22:06,23,0,3,26
2021-07-03 19:22:08,0,0,0,0
2021-07-03 19:22:09,6,0,4,10
2021-07-03 19:22:11,0,0,0,0
2021-07-03 19:22:13,0,0,0,0
2021-07-03 19:22:15,2,0,0,2
2021-07-03 19:22:17,0,0,0,0
2021-07-03 19:22:19,9,4,2,15
2021-07-03 19:22:21,100,1,12,113
2021-07-03 19:22:22,10,0,1,11
2021-07-03 19:22:23,0,0,0,0
2021-07-03 19:22:24,2,0,0,2
2021-07-03 19:22:25,4,0,0,4
2021-07-03 19:22:27,5,1,1,7
2021-07-03 19:22:31,18,0,0,18
2021-07-03 19:22:32,1,0,0,1
2021-07-03 19:22:34,0,0,0,0
2021-07-03 19:22:35,17,0,0,17
2021-07-03 19:22:39,0,0,0,0
2021-07-03 19:22:41,1,1,0,2
2021-07-03 19:22:45,8,0,0,8
2021-07-03 19:22:46,0,0,0,0
2021-07-03 19:22:49,2,0,0,2
2021-07-03 19:22:50,3,0,1,4
2021-07-03 19:22:51,0,0,0,0
2021-07-03 19:22:56,0,0,0,0
2021-07-03 19:22:58,0,0,1,1
2021-07-03 19:22:59,76,1,13,90
2021-07-03 19:23:01,24,0,21,45
2021-07-03 19:23:04,2,0,0,2
2021-07-03 19:23:06,2,0,0,2
2021-07-03 19:23:08,0,0,0,0
2021-07-03 19:23:09,0,1,0,1
2021-07-03 19:23:11,0,0,0,0
2021-07-03 19:23:12,2,1,0,3
2021-07-03 19:23:14,1,0,0,1
2021-07-03 19:23:16,1,0,0,1
2021-07-03 19:23:18,7,0,5,12
2021-07-03 19:23:19,430,7,57,494
2021-07-03 19:23:21,21,0,10,31
2021-07-03 19:23:22,0,0,0,0
2021-07-03 19:23:23,0,0,0,0
2021-07-03 19:23:24,27,1,11,39
2021-07-03 19:23:27,1,0,0,1
2021-07-03 19:23:28,42,1,9,52
2021-07-03 19:23:32,10,0,0,10
2021-07-03 19:23:33,63,2,21,86
2021-07-03 19:23:34,3,0,0,3
2021-07-03 19:23:36,3,0,0,3
2021-07-03 19:23:37,1,0,0,1
2021-07-03 19:23:41,271,6,71,348
2021-07-03 19:23:42,4,0,0,4
2021-07-03 19:23:43,17,1,5,23
2021-07-03 19:23:45,0,0,0,0
2021-07-03 19:23:50,67,3,22,92
2021-07-03 19:23:51,16,2,0,18
2021-07-03 19:23:55,2,0,0,2
2021-07-03 19:23:56,0,0,0,0
2021-07-03 19:23:57,3,0,0,3
2021-07-03 19:23:58,75,3,8,86
2021-07-03 19:23:59,6,0,1,7
2021-07-03 19:24:01,4,0,0,4
2021-07-03 19:24:03,1,0,0,1
2021-07-03 19:24:04,1,0,0,1
2021-07-03 19:24:05,6,0,2,8
2021-07-03 19:24:06,1,0,0,1
2021-07-03 19:24:11,4,0,0,4
2021-07-03 19:24:12,9,0,0,9
2021-07-03 19:24:13,1,0,0,1
2021-07-03 19:24:14,0,0,0,0
2021-07-03 19:24:16,1,1,0,2
2021-07-03 19:24:17,2,0,0,2
2021-07-03 19:24:21,1,0,0,1
2021-07-03 19:24:24,1,0,0,1
2021-07-03 19:24:25,1,0,0,1
2021-07-03 19:24:26,1,0,0,1
2021-07-03 19:24:27,18,0,4,22
2021-07-03 19:24:28,24,2,4,30
2021-07-03 19:24:30,0,0,0,0
2021-07-03 19:24:31,5,3,0,8
2021-07-03 19:24:33,1,0,0,1
2021-07-03 19:24:36,1,0,0,1
2021-07-03 19:24:37,6,0,0,6
2021-07-03 19:24:38,1,0,0,1
2021-07-03 19:24:39,23,0,3,26
2021-07-03 19:24:41,1,0,0,1
2021-07-03 19:24:42,16,0,8,24
2021-07-03 19:24:45,0,0,0,0
2021-07-03 19:24:47,2,0,0,2
2021-07-03 19:24:48,5,0,3,8
2021-07-03 19:24:51,3,0,1,4
2021-07-03 19:24:53,4888,77,303,5268
2021-07-03 19:24:55,3,0,2,5
2021-07-03 19:24:56,0,0,0,0
2021-07-03 19:24:57,2,0,0,2
2021-07-03 19:24:58,7,0,0,7
2021-07-03 19:24:59,15,0,2,17
2021-07-03 19:25:00,5,0,3,8
2021-07-03 19:25:03,0,0,0,0
2021-07-03 19:25:08,23,1,0,24
2021-07-03 19:25:09,0,0,0,0
2021-07-03 19:25:10,0,0,0,0
2021-07-03 19:25:13,0,0,0,0
2021-07-03 19:25:14,89,2,23,114
2021-07-03 19:25:16,4,2,0,6
2021-07-03 19:25:17,2,0,1,3
2021-07-03 19:25:19,2,0,0,2
2021-07-03 19:25:20,1,0,0,1
2021-07-03 19:25:21,1,0,1,2
2021-07-03 19:25:22,0,0,0,0
2021-07-03 19:25:23,0,0,0,0
2021-07-03 19:25:25,1,0,0,1
2021-07-03 19:25:26,0,0,0,0
2021-07-03 19:25:30,0,0,0,0
2021-07-03 19:25:32,0,0,0,0
2021-07-03 19:25:33,0,0,0,0
2021-07-03 19:25:34,8,1,4,13
2021-07-03 19:25:39,4,0,0,4
2021-07-03 19:25:40,16,0,1,17
2021-07-03 19:25:41,1,0,1,2
2021-07-03 19:25:43,0,0,0,0
2021-07-03 19:25:44,1,0,0,1
2021-07-03 19:25:46,135,3,29,167
2021-07-03 19:25:47,1,0,1,2
2021-07-03 19:25:48,5,0,2,7
2021-07-03 19:25:50,5,0,0,5
2021-07-03 19:25:52,0,0,0,0
2021-07-03 19:25:54,86,2,11,99
2021-07-03 19:25:55,1,0,0,1
2021-07-03 19:25:59,1,0,0,1
2021-07-03 19:26:00,0,0,0,0
2021-07-03 19:26:03,0,0,0,0
2021-07-03 19:26:06,1,0,0,1
2021-07-03 19:26:07,298,10,76,384
2021-07-03 19:26:08,6,0,1,7
2021-07-03 19:26:09,2,1,0,3
2021-07-03 19:26:10,0,0,0,0
2021-07-03 19:26:11,22,0,8,30
2021-07-03 19:26:12,0,0,0,0
2021-07-03 19:26:13,33337,400,2410,36147
2021-07-03 19:26:14,2,0,0,2
2021-07-03 19:26:15,4,0,1,5
2021-07-03 19:26:16,11,1,3,15
2021-07-03 19:26:18,88,7,29,124
2021-07-03 19:26:20,1,0,0,1
2021-07-03 19:26:21,4,0,1,5
2021-07-03 19:26:22,0,0,0,0
2021-07-03 19:26:26,70,2,20,92
2021-07-03 19:26:27,3,0,0,3
2021-07-03 19:26:29,0,0,0,0
2021-07-03 19:26:33,0,0,0,0
2021-07-03 19:26:35,0,0,0,0
2021-07-03 19:26:36,0,0,0,0
2021-07-03 19:26:37,3,0,0,3
2021-07-03 19:26:39,0,0,0,0
2021-07-03 19:26:43,109,1,25,135
2021-07-03 19:26:45,150,6,26,182
2021-07-03 19:26:46,40,1,17,58
2021-07-03 19:26:47,0,0,0,0
2021-07-03 19:26:48,1,0,0,1
2021-07-03 19:26:51,16,2,2,20
2021-07-03 19:26:53,0,1,2,3
2021-07-03 19:26:57,1,0,0,1
2021-07-03 19:27:00,134,2,3,139
2021-07-03 19:27:02,3,0,0,3
2021-07-03 19:27:03,9,0,1,10
2021-07-03 19:27:06,0,0,0,0
2021-07-03 19:27:08,2,0,1,3
2021-07-03 19:27:09,0,0,0,0
2021-07-03 19:27:10,2,0,0,2
2021-07-03 19:27:13,0,0,0,0
2021-07-03 19:27:15,2,0,0,2
2021-07-03 19:27:16,9,2,1,12
2021-07-03 19:27:17,0,0,0,0
2021-07-03 19:27:18,0,0,0,0
2021-07-03 19:27:20,6,0,0,6
2021-07-03 19:27:21,3,0,1,4
2021-07-03 19:27:23,1,0,0,1
2021-07-03 19:27:24,0,0,0,0
2021-07-03 19:27:25,0,0,0,0
2021-07-03 19:27:29,0,0,0,0
2021-07-03 19:27:30,0,0,0,0
2021-07-03 19:27:35,3,0,0,3
2021-07-03 19:27:37,89,0,18,107
2021-07-03 19:27:38,2,0,1,3
2021-07-03 19:27:39,0,0,0,0
2021-07-03 19:27:41,0,0,0,0
2021-07-03 19:27:42,0,0,0,0
2021-07-03 19:27:46,0,0,0,0
2021-07-03 19:27:48,1,0,0,1
2021-07-03 19:27:49,5,0,0,5
2021-07-03 19:27:50,0,0,0,0
2021-07-03 19:27:51,1,0,0,1
2021-07-03 19:27:52,1,0,0,1
2021-07-03 19:27:57,0,0,0,0
2021-07-03 19:28:00,0,0,0,0
2021-07-03 19:28:03,1,0,0,1
2021-07-03 19:28:04,1,0,0,1
2021-07-03 19:28:05,18,1,0,19
2021-07-03 19:28:06,3,0,1,4
2021-07-03 19:28:09,6,0,0,6
2021-07-03 19:28:10,2,0,0,2
2021-07-03 19:28:11,1,0,0,1
2021-07-03 19:28:12,0,0,0,0
2021-07-03 19:28:18,0,0,0,0
2021-07-03 19:28:19,0,0,0,0
2021-07-03 19:28:21,28,1,7,36
2021-07-03 19:28:22,0,0,0,0
2021-07-03 19:28:23,3,0,1,4
2021-07-03 19:28:24,0,0,1,1
2021-07-03 19:28:26,3,0,1,4
2021-07-03 19:28:27,0,0,0,0
2021-07-03 19:28:31,5,0,0,5
2021-07-03 19:28:32,0,0,0,0
2021-07-03 19:28:33,1,0,0,1
2021-07-03 19:28:34,2,1,0,3
2021-07-03 19:28:35,0,0,0,0
2021-07-03 19:28:36,6,0,2,8
2021-07-03 19:28:45,0,0,0,0
2021-07-03 19:28:49,838,18,132,988
2021-07-03 19:28:55,0,0,0,0
2021-07-03 19:28:56,1,0,0,1
2021-07-03 19:28:57,0,0,0,0
2021-07-03 19:28:59,0,0,0,0
2021-07-03 19:29:01,0,0,0,0
2021-07-03 19:29:06,6,0,2,8
2021-07-03 19:29:10,0,0,0,0
2021-07-03 19:29:11,9,0,1,10
2021-07-03 19:29:13,2,0,0,2
2021-07-03 19:29:15,25,0,0,25
2021-07-03 19:29:16,5,1,0,6
2021-07-03 19:29:18,0,1,0,1
2021-07-03 19:29:21,1,0,0,1
2021-07-03 19:29:22,0,1,0,1
2021-07-03 19:29:29,832,53,22,907
2021-07-03 19:29:36,0,1,0,1
2021-07-03 19:29:37,2114,39,216,2369
2021-07-03 19:29:39,3206,20,432,3658
2021-07-03 19:29:41,72,1,6,79
2021-07-03 19:29:44,7,4,0,11
2021-07-03 19:29:45,17,4,7,28
2021-07-03 19:29:46,2,2,0,4
2021-07-03 19:29:47,3,1,0,4
2021-07-03 19:29:49,7,1,0,8
2021-07-03 19:29:50,1,1,0,2
2021-07-03 19:29:52,75,4,14,93
2021-07-03 19:29:56,4,3,0,7
2021-07-03 19:29:57,2,1,0,3
2021-07-03 19:29:58,0,0,0,0
2021-07-03 19:30:00,393,6,46,445
2021-07-03 19:30:01,1,1,0,2
2021-07-03 19:30:02,1,1,0,2
2021-07-03 19:30:03,16,4,4,24
2021-07-03 19:30:05,2,1,1,4
2021-07-03 19:30:07,3,1,2,6
2021-07-03 19:30:08,1,1,0,2
2021-07-03 19:30:09,5,2,0,7
2021-07-03 19:30:13,358,8,57,423
2021-07-03 19:30:14,5,1,2,8
2021-07-03 19:30:18,0,0,0,0
2021-07-03 19:30:19,22,1,8,31
2021-07-03 19:30:20,300,17,69,386
2021-07-03 19:30:21,10,3,3,16
2021-07-03 19:30:23,1,0,0,1
2021-07-03 19:30:27,4,1,1,6
2021-07-03 19:30:29,0,0,0,0
2021-07-03 19:30:31,1,2,0,3
2021-07-03 19:30:32,4,1,2,7
2021-07-03 19:30:33,0,1,0,1
2021-07-03 19:30:34,0,0,0,0
2021-07-03 19:30:35,6,0,0,6
2021-07-03 19:30:36,2,0,1,3
2021-07-03 19:30:38,1,1,0,2
2021-07-03 19:30:42,0,0,0,0
2021-07-03 19:30:48,0,2,0,2
2021-07-03 19:30:49,1,1,0,2
2021-07-03 19:30:50,0,0,0,0
2021-07-03 19:30:51,0,0,0,0
2021-07-03 19:30:52,1,1,0,2
2021-07-03 19:30:55,0,0,0,0
2021-07-03 19:30:57,0,1,0,1
2021-07-03 19:30:58,4,2,0,6
2021-07-03 19:31:00,0,0,0,0
2021-07-03 19:31:01,670,8,162,840
2021-07-03 19:31:02,2,2,0,4
2021-07-03 19:31:05,30,6,1,37
2021-07-03 19:31:06,89,4,16,109
2021-07-03 19:31:07,0,0,0,0
2021-07-03 19:31:08,0,1,0,1
2021-07-03 19:31:09,2,1,1,4
2021-07-03 19:31:11,0,1,0,1
2021-07-03 19:31:14,880,25,80,985
2021-07-03 19:31:16,1,1,0,2
2021-07-03 19:31:17,0,0,0,0
2021-07-03 19:31:19,2,1,0,3
2021-07-03 19:31:21,0,1,0,1
2021-07-03 19:31:25,0,1,0,1
2021-07-03 19:31:26,12,2,3,17
2021-07-03 19:31:27,0,1,0,1
2021-07-03 19:31:28,0,0,0,0
2021-07-03 19:31:33,1,2,0,3
2021-07-03 19:31:38,6,1,3,10
2021-07-03 19:31:39,20,2,1,23
2021-07-03 19:31:43,1,1,0,2
2021-07-03 19:31:44,3,1,1,5
2021-07-03 19:31:45,0,1,0,1
2021-07-03 19:31:46,7,2,0,9
2021-07-03 19:31:49,12,5,0,17
2021-07-03 19:31:50,0,1,0,1
2021-07-03 19:31:53,3,0,0,3
2021-07-03 19:31:54,1,1,0,2
2021-07-03 19:31:55,3,1,1,5
2021-07-03 19:31:57,7,2,1,10
2021-07-03 19:31:58,0,1,0,1
2021-07-03 19:31:59,9,2,0,11
2021-07-03 19:32:00,2,1,0,3
2021-07-03 19:32:01,14,2,4,20
2021-07-03 19:32:03,0,1,0,1
2021-07-03 19:32:05,2,2,0,4
2021-07-03 19:32:07,0,1,0,1
2021-07-03 19:32:08,1,1,0,2
2021-07-03 19:32:09,0,1,0,1
2021-07-03 19:32:10,31,2,9,42
2021-07-03 19:32:12,3,0,0,3
2021-07-03 19:32:13,0,0,0,0
2021-07-03 19:32:14,0,0,0,0
2021-07-03 19:32:16,2,0,0,2
2021-07-03 19:32:19,2,0,1,3
2021-07-03 19:32:20,0,0,0,0
2021-07-03 19:32:22,0,0,0,0
2021-07-03 19:32:26,6,0,0,6
2021-07-03 19:32:27,300,20,48,368
2021-07-03 19:32:28,6,0,0,6
2021-07-03 19:32:29,0,0,1,1
2021-07-03 19:32:30,2,0,0,2
2021-07-03 19:32:31,2,0,0,2
2021-07-03 19:32:32,1,0,0,1
2021-07-03 19:32:33,1,0,0,1
2021-07-03 19:32:37,3,0,0,3
2021-07-03 19:32:40,1,0,1,2
2021-07-03 19:32:41,0,0,0,0
2021-07-03 19:32:44,5,1,0,6
2021-07-03 19:32:45,0,0,0,0
2021-07-03 19:32:46,6,1,0,7
2021-07-03 19:32:48,8,0,2,10
2021-07-03 19:32:50,0,0,0,0
2021-07-03 19:32:52,0,0,0,0
2021-07-03 19:32:58,2802,12,242,3056
2021-07-03 19:32:59,1,0,0,1
2021-07-03 19:33:00,2,0,0,2
2021-07-03 19:33:03,2,0,0,2
2021-07-03 19:33:04,1,0,0,1
2021-07-03 19:33:06,0,0,0,0
2021-07-03 19:33:09,5,0,0,5
2021-07-03 19:33:11,1,0,0,1
2021-07-03 19:33:13,0,0,0,0
2021-07-03 19:33:14,1,0,0,1
2021-07-03 19:33:15,15,0,3,18
2021-07-03 19:33:16,1,0,0,1
2021-07-03 19:33:17,60,2,18,80
2021-07-03 19:33:18,0,0,0,0
2021-07-03 19:33:19,1,0,0,1
2021-07-03 19:33:20,11,0,2,13
2021-07-03 19:33:21,0,0,0,0
2021-07-03 19:33:22,4,0,0,4
2021-07-03 19:33:23,6,0,2,8
2021-07-03 19:33:24,1,1,0,2
2021-07-03 19:33:25,13,1,4,18
2021-07-03 19:33:26,1,0,0,1
2021-07-03 19:33:28,2,0,0,2
2021-07-03 19:33:29,4,0,0,4
2021-07-03 19:33:31,5,0,1,6
2021-07-03 19:33:32,0,0,0,0
2021-07-03 19:33:33,2,0,0,2
2021-07-03 19:33:34,0,0,0,0
2021-07-03 19:33:36,60,1,14,75
2021-07-03 19:33:38,4,1,0,5
2021-07-03 19:33:39,16,1,4,21
2021-07-03 19:33:41,6,0,1,7
2021-07-03 19:33:44,3,0,0,3
2021-07-03 19:33:46,0,0,0,0
2021-07-03 19:33:47,0,0,0,0
2021-07-03 19:33:48,0,0,0,0
2021-07-03 19:33:50,62,3,7,72
2021-07-03 19:33:51,93,5,24,122
2021-07-03 19:33:52,0,0,0,0
2021-07-03 19:33:53,3,0,0,3
2021-07-03 19:33:54,15,2,4,21
2021-07-03 19:33:59,1,0,0,1
2021-07-03 19:34:00,1,0,0,1
2021-07-03 19:34:01,0,0,0,0
2021-07-03 19:34:03,6,0,1,7
2021-07-03 19:34:05,38,0,7,45
2021-07-03 19:34:06,1,0,0,1
2021-07-03 19:34:07,0,0,0,0
2021-07-03 19:34:08,12,0,4,16
2021-07-03 19:34:11,13,1,0,14
2021-07-03 19:34:13,10,0,4,14
2021-07-03 19:34:16,0,0,0,0
2021-07-03 19:34:18,1,0,0,1
2021-07-03 19:34:23,2,0,0,2
2021-07-03 19:34:24,5,0,0,5
2021-07-03 19:34:25,0,1,0,1
2021-07-03 19:34:26,108,2,16,126
2021-07-03 19:34:27,4,0,0,4
2021-07-03 19:34:28,0,0,0,0
2021-07-03 19:34:30,2,0,0,2
2021-07-03 19:34:35,0,0,0,0
2021-07-03 19:34:36,239,7,50,296
2021-07-03 19:34:38,3,0,0,3
2021-07-03 19:34:41,0,0,0,0
2021-07-03 19:34:44,18,2,1,21
2021-07-03 19:34:45,4,0,1,5
2021-07-03 19:34:47,34,2,12,48
2021-07-03 19:34:52,0,0,0,0
2021-07-03 19:34:54,0,0,0,0
2021-07-03 19:34:55,0,0,0,0
2021-07-03 19:34:56,0,0,0,0
2021-07-03 19:34:57,2,0,0,2
2021-07-03 19:34:58,0,0,0,0
2021-07-03 19:35:00,4,0,0,4
2021-07-03 19:35:01,5,1,2,8
2021-07-03 19:35:02,0,0,0,0
2021-07-03 19:35:03,2,0,0,2
2021-07-03 19:35:04,0,0,0,0
2021-07-03 19:35:07,2,0,1,3
2021-07-03 19:35:08,4,0,1,5
2021-07-03 19:35:09,1,0,1,2
2021-07-03 19:35:10,1,0,0,1
2021-07-03 19:35:12,5,0,2,7
2021-07-03 19:35:15,0,0,0,0
2021-07-03 19:35:16,0,0,1,1
2021-07-03 19:35:17,4,0,0,4
2021-07-03 19:35:18,0,0,0,0
2021-07-03 19:35:19,19,0,4,23
2021-07-03 19:35:20,3,0,1,4
2021-07-03 19:35:22,0,0,0,0
2021-07-03 19:35:24,0,0,0,0
2021-07-03 19:35:26,0,0,0,0
2021-07-03 19:35:29,0,0,0,0
2021-07-03 19:35:30,2,0,1,3
2021-07-03 19:35:32,0,0,0,0
2021-07-03 19:35:33,33,0,7,40
2021-07-03 19:35:35,0,0,0,0
2021-07-03 19:35:36,1,0,0,1
2021-07-03 19:35:37,36,0,10,46
2021-07-03 19:35:40,1,0,0,1
2021-07-03 19:35:41,9,0,8,17
2021-07-03 19:35:42,0,0,0,0
2021-07-03 19:35:44,1,0,0,1
2021-07-03 19:35:45,174,3,45,222
2021-07-03 19:35:48,2,0,1,3
2021-07-03 19:35:51,8,0,4,12
2021-07-03 19:35:53,0,0,0,0
2021-07-03 19:35:54,0,0,0,0
2021-07-03 19:35:55,12,0,8,20
2021-07-03 19:35:56,0,0,0,0
2021-07-03 19:35:57,0,0,0,0
2021-07-03 19:36:00,8,0,3,11
2021-07-03 19:36:02,9,0,1,10
2021-07-03 19:36:03,2,0,0,2
2021-07-03 19:36:05,2,0,0,2
2021-07-03 19:36:06,0,0,0,0
2021-07-03 19:36:08,1,0,1,2
2021-07-03 19:36:09,0,0,0,0
2021-07-03 19:36:11,0,0,0,0
2021-07-03 19:36:12,1,0,0,1
2021-07-03 19:36:14,1,0,0,1
2021-07-03 19:36:15,0,0,0,0
2021-07-03 19:36:22,0,0,0,0
2021-07-03 19:36:24,0,0,0,0
2021-07-03 19:36:26,1,0,0,1
2021-07-03 19:36:27,0,0,0,0
2021-07-03 19:36:28,2,1,0,3
2021-07-03 19:36:30,2,0,0,2
2021-07-03 19:36:34,34,1,5,40
2021-07-03 19:36:35,0,0,0,0
2021-07-03 19:36:38,0,0,0,0
2021-07-03 19:36:42,157,7,38,202
2021-07-03 19:36:43,1,0,0,1
2021-07-03 19:36:45,15,0,5,20
2021-07-03 19:36:46,19,0,4,23
2021-07-03 19:36:47,4,0,0,4
2021-07-03 19:36:49,1,0,0,1
2021-07-03 19:36:52,0,0,0,0
2021-07-03 19:36:55,1098,12,214,1324
2021-07-03 19:36:58,2,0,1,3
2021-07-03 19:36:59,0,0,0,0
2021-07-03 19:37:00,13,0,5,18
2021-07-03 19:37:03,0,0,0,0
2021-07-03 19:37:11,2,0,1,3
2021-07-03 19:37:13,2,0,0,2
2021-07-03 19:37:15,4,0,0,4
2021-07-03 19:37:17,1,0,0,1
2021-07-03 19:37:18,1,0,0,1
2021-07-03 19:37:19,0,0,0,0
2021-07-03 19:37:24,3,0,1,4
2021-07-03 19:37:26,2,0,0,2
2021-07-03 19:37:27,3,0,0,3
2021-07-03 19:37:28,3,0,0,3
2021-07-03 19:37:30,1,0,0,1
2021-07-03 19:37:31,2,0,0,2
2021-07-03 19:37:32,0,0,0,0
2021-07-03 19:37:33,2,0,0,2
2021-07-03 19:37:34,2,0,0,2
2021-07-03 19:37:37,3,0,0,3
2021-07-03 19:37:39,8,1,2,11
2021-07-03 19:37:40,3,0,0,3
2021-07-03 19:37:45,8,0,1,9
2021-07-03 19:37:46,2,1,1,4
2021-07-03 19:37:47,23,2,0,25
2021-07-03 19:37:48,7,1,0,8
2021-07-03 19:37:49,0,0,0,0
2021-07-03 19:37:53,24,1,3,28
2021-07-03 19:37:55,0,0,0,0
2021-07-03 19:37:57,2,0,2,4
2021-07-03 19:37:58,2,0,0,2
2021-07-03 19:37:59,0,1,0,1
2021-07-03 19:38:00,4,3,0,7
2021-07-03 19:38:01,2,0,0,2
2021-07-03 19:38:05,1,1,0,2
2021-07-03 19:38:06,0,0,0,0
2021-07-03 19:38:09,2,0,0,2
2021-07-03 19:38:12,2,0,0,2
2021-07-03 19:38:14,2,0,0,2
2021-07-03 19:38:15,272,6,52,330
2021-07-03 19:38:16,6,0,3,9
2021-07-03 19:38:18,1,0,0,1
2021-07-03 19:38:20,0,0,0,0
2021-07-03 19:38:24,6,0,1,7
2021-07-03 19:38:27,1,0,0,1
2021-07-03 19:38:29,20,0,5,25
2021-07-03 19:38:31,1,1,0,2
2021-07-03 19:38:32,1,0,0,1
2021-07-03 19:38:33,8,0,0,8
2021-07-03 19:38:34,60,0,14,74
2021-07-03 19:38:35,1,0,0,1
2021-07-03 19:38:37,8,0,3,11
2021-07-03 19:38:39,2,0,1,3
2021-07-03 19:38:41,0,1,0,1
2021-07-03 19:38:44,1,0,0,1
2021-07-03 19:38:45,38,1,8,47
2021-07-03 19:38:46,0,0,0,0
2021-07-03 19:38:47,2,0,0,2
2021-07-03 19:38:48,1,0,0,1
2021-07-03 19:38:51,2,0,0,2
2021-07-03 19:38:52,0,0,0,0
2021-07-03 19:38:54,631,12,128,771
2021-07-03 19:38:56,0,0,0,0
2021-07-03 19:38:57,1,1,0,2
2021-07-03 19:38:59,0,0,0,0
2021-07-03 19:39:00,7,1,1,9
2021-07-03 19:39:01,1,0,0,1
2021-07-03 19:39:02,0,0,0,0
2021-07-03 19:39:03,6,1,0,7
2021-07-03 19:39:07,3,0,0,3
2021-07-03 19:39:09,1,0,0,1
2021-07-03 19:39:10,6,0,0,6
2021-07-03 19:39:19,4,0,0,4
2021-07-03 19:39:20,12,0,5,17
2021-07-03 19:39:22,41,0,8,49
2021-07-03 19:39:23,2,1,1,4
2021-07-03 19:39:24,37,10,6,53
2021-07-03 19:39:26,3,0,0,3
2021-07-03 19:39:28,0,0,0,0
2021-07-03 19:39:31,0,0,0,0
2021-07-03 19:39:33,2,0,0,2
2021-07-03 19:39:35,0,0,0,0
2021-07-03 19:39:41,26,0,0,26
2021-07-03 19:39:42,7,0,0,7
2021-07-03 19:39:46,5,0,0,5
2021-07-03 19:39:47,415,14,466,895
2021-07-03 19:39:48,0,0,0,0
2021-07-03 19:39:49,0,0,0,0
2021-07-03 19:39:51,5,1,0,6
2021-07-03 19:39:59,0,1,0,1
2021-07-03 19:40:02,0,0,0,0
2021-07-03 19:40:03,2,0,2,4
2021-07-03 19:40:10,0,0,0,0
2021-07-03 19:40:14,248,23,36,307
2021-07-03 19:40:16,0,0,0,0
2021-07-03 19:40:18,1,0,0,1
2021-07-03 19:40:19,0,0,0,0
2021-07-03 19:40:20,3,1,0,4
2021-07-03 19:40:22,0,0,0,0
2021-07-03 19:40:24,1,0,0,1
2021-07-03 19:40:25,3,0,3,6
2021-07-03 19:40:26,0,0,0,0
2021-07-03 19:40:29,15,1,0,16
2021-07-03 19:40:30,2,0,1,3
2021-07-03 19:40:31,0,0,0,0
2021-07-03 19:40:33,0,0,0,0
2021-07-03 19:40:34,0,0,0,0
2021-07-03 19:40:35,1,0,0,1
2021-07-03 19:40:40,0,0,0,0
2021-07-03 19:40:42,36,0,1,37
2021-07-03 19:40:45,1770,18,322,2110
2021-07-03 19:40:46,77,0,13,90
2021-07-03 19:40:47,1,0,0,1
2021-07-03 19:40:50,0,0,0,0
2021-07-03 19:40:52,10,0,3,13
2021-07-03 19:40:53,1,0,0,1
2021-07-03 19:40:54,14,1,8,23
2021-07-03 19:40:55,0,0,0,0
2021-07-03 19:40:59,11,0,4,15
2021-07-03 19:41:01,0,0,0,0
2021-07-03 19:41:03,1,0,0,1
2021-07-03 19:41:04,0,0,0,0
2021-07-03 19:41:06,0,0,0,0
2021-07-03 19:41:07,0,0,0,0
2021-07-03 19:41:08,1,0,0,1
2021-07-03 19:41:11,2,0,0,2
2021-07-03 19:41:13,1,0,0,1
2021-07-03 19:41:14,21,3,10,34
2021-07-03 19:41:15,2,0,0,2
2021-07-03 19:41:17,0,0,0,0
2021-07-03 19:41:20,3,0,1,4
2021-07-03 19:41:21,0,0,0,0
2021-07-03 19:41:23,58,0,9,67
2021-07-03 19:41:25,0,0,0,0
2021-07-03 19:41:27,2,0,0,2
2021-07-03 19:41:28,5,0,1,6
2021-07-03 19:41:30,1,0,0,1
2021-07-03 19:41:33,0,0,0,0
2021-07-03 19:41:34,8,0,0,8
2021-07-03 19:41:35,4,0,1,5
2021-07-03 19:41:37,3,0,0,3
2021-07-03 19:41:38,1,0,0,1
2021-07-03 19:41:39,6,0,1,7
2021-07-03 19:41:41,0,0,0,0
2021-07-03 19:41:46,0,0,0,0
2021-07-03 19:41:48,107,8,1,116
2021-07-03 19:41:50,1,1,0,2
2021-07-03 19:41:53,0,0,0,0
2021-07-03 19:41:54,0,0,0,0
2021-07-03 19:41:56,2,0,1,3
2021-07-03 19:41:57,77,4,15,96
2021-07-03 19:41:58,1491,62,208,1761
2021-07-03 19:41:59,1,0,0,1
2021-07-03 19:42:02,3,0,0,3
2021-07-03 19:42:05,0,0,0,0
2021-07-03 19:42:06,1,1,0,2
2021-07-03 19:42:08,1,0,0,1
2021-07-03 19:42:10,2,0,2,4
2021-07-03 19:42:11,5,0,0,5
2021-07-03 19:42:12,1,0,0,1
2021-07-03 19:42:13,4,0,1,5
2021-07-03 19:42:14,4,0,3,7
2021-07-03 19:42:17,5,0,0,5
2021-07-03 19:42:18,16,0,7,23
2021-07-03 19:42:21,13,0,1,14
2021-07-03 19:42:22,1,0,0,1
2021-07-03 19:42:25,0,0,0,0
2021-07-03 19:42:26,1,2,0,3
2021-07-03 19:42:30,0,0,0,0
2021-07-03 19:42:33,0,0,0,0
2021-07-03 19:42:35,0,0,0,0
2021-07-03 19:42:36,1,0,0,1
2021-07-03 19:42:37,0,0,0,0
2021-07-03 19:42:39,1,0,0,1
2021-07-03 19:42:40,1,0,1,2
2021-07-03 19:42:44,23,0,4,27
2021-07-03 19:42:47,1,0,0,1
2021-07-03 19:42:48,2,0,0,2
2021-07-03 19:42:50,0,0,0,0
2021-07-03 19:42:51,3,0,0,3
2021-07-03 19:42:52,2,0,0,2
2021-07-03 19:42:53,2,0,0,2
2021-07-03 19:42:55,0,0,0,0
2021-07-03 19:42:59,2,0,0,2
2021-07-03 19:43:01,0,0,0,0
2021-07-03 19:43:03,1,0,0,1
2021-07-03 19:43:05,14,1,0,15
2021-07-03 19:43:07,1,0,0,1
2021-07-03 19:43:09,8,0,0,8
2021-07-03 19:43:10,2,0,1,3
2021-07-03 19:43:11,1,0,0,1
2021-07-03 19:43:12,0,0,0,0
2021-07-03 19:43:14,4,0,1,5
2021-07-03 19:43:16,0,0,0,0
2021-07-03 19:43:17,1,0,0,1
2021-07-03 19:43:19,10,0,0,10
2021-07-03 19:43:20,3,0,0,3
2021-07-03 19:43:21,0,0,0,0
2021-07-03 19:43:23,1,0,0,1
2021-07-03 19:43:24,3,0,1,4
2021-07-03 19:43:27,1,0,0,1
2021-07-03 19:43:29,3,0,0,3
2021-07-03 19:43:30,13,2,0,15
2021-07-03 19:43:31,4,0,2,6
2021-07-03 19:43:32,13,1,0,14
2021-07-03 19:43:34,0,0,0,0
2021-07-03 19:43:37,0,0,0,0
2021-07-03 19:43:39,0,0,0,0
2021-07-03 19:43:40,1,0,0,1
2021-07-03 19:43:45,1,0,1,2
2021-07-03 19:43:47,0,0,0,0
2021-07-03 19:43:48,0,0,0,0
2021-07-03 19:43:49,105,1,32,138
2021-07-03 19:43:51,12,1,1,14
2021-07-03 19:43:52,3,0,0,3
2021-07-03 19:43:53,8,0,7,15
2021-07-03 19:43:54,7,0,2,9
2021-07-03 19:43:55,0,0,0,0
2021-07-03 19:43:58,13,1,1,15
2021-07-03 19:43:59,0,0,0,0
2021-07-03 19:44:00,115,3,26,144
2021-07-03 19:44:02,2,0,1,3
2021-07-03 19:44:05,3,0,0,3
2021-07-03 19:44:08,42,1,11,54
2021-07-03 19:44:09,0,0,0,0
2021-07-03 19:44:10,0,0,0,0
2021-07-03 19:44:11,3,0,0,3
2021-07-03 19:44:12,19,1,6,26
2021-07-03 19:44:13,0,0,0,0
2021-07-03 19:44:14,22,0,5,27
2021-07-03 19:44:15,1,0,0,1
2021-07-03 19:44:17,26,0,16,42
2021-07-03 19:44:18,24,0,6,30
2021-07-03 19:44:20,0,0,0,0
2021-07-03 19:44:22,0,0,0,0
2021-07-03 19:44:24,8,0,2,10
2021-07-03 19:44:25,28,0,3,31
2021-07-03 19:44:26,1,0,1,2
2021-07-03 19:44:28,0,0,0,0
2021-07-03 19:44:30,0,0,0,0
2021-07-03 19:44:31,10,0,2,12
2021-07-03 19:44:33,1,0,0,1
2021-07-03 19:44:36,4,0,0,4
2021-07-03 19:44:37,0,0,0,0
2021-07-03 19:44:38,1,0,0,1
2021-07-03 19:44:39,3,0,0,3
2021-07-03 19:44:40,1,0,0,1
2021-07-03 19:44:42,0,0,0,0
2021-07-03 19:44:44,0,0,0,0
2021-07-03 19:44:46,0,0,0,0
2021-07-03 19:44:48,2,0,1,3
2021-07-03 19:44:51,17,1,3,21
2021-07-03 19:44:52,0,0,0,0
2021-07-03 19:44:53,0,0,0,0
2021-07-03 19:44:56,79,2,14,95
2021-07-03 19:44:57,1,0,0,1
2021-07-03 19:44:58,1,0,1,2
2021-07-03 19:44:59,1,0,0,1
2021-07-03 19:45:00,236,9,54,299
2021-07-03 19:45:03,0,0,0,0
2021-07-03 19:45:04,38,0,8,46
2021-07-03 19:45:07,3,0,1,4
2021-07-03 19:45:08,31,0,4,35
2021-07-03 19:45:09,1,0,0,1
2021-07-03 19:45:10,99,2,11,112
2021-07-03 19:45:13,79,0,37,116
2021-07-03 19:45:17,5,1,0,6
2021-07-03 19:45:18,15602,258,2252,18112
2021-07-03 19:45:20,8,0,7,15
2021-07-03 19:45:22,0,0,0,0
2021-07-03 19:45:33,13,0,7,20
2021-07-03 19:45:34,6,0,2,8
2021-07-03 19:45:35,742,14,105,861
2021-07-03 19:45:37,5,0,3,8
2021-07-03 19:45:38,1,0,0,1
2021-07-03 19:45:43,16,0,5,21
2021-07-03 19:45:44,149,2,40,191
2021-07-03 19:45:47,15,1,7,23
2021-07-03 19:45:53,4,0,4,8
2021-07-03 19:45:55,5,0,3,8
2021-07-03 19:45:57,20,1,5,26
2021-07-03 19:45:58,158,2,12,172
2021-07-03 19:45:59,1,0,0,1
2021-07-03 19:46:00,2,0,0,2
2021-07-03 19:46:01,0,0,0,0
2021-07-03 19:46:02,0,0,0,0
2021-07-03 19:46:04,2,0,1,3
2021-07-03 19:46:05,221,4,21,246
2021-07-03 19:46:07,3,0,1,4
2021-07-03 19:46:09,1,0,0,1
2021-07-03 19:46:11,1,0,0,1
2021-07-03 19:46:12,72,2,14,88
2021-07-03 19:46:18,7,0,3,10
2021-07-03 19:46:19,17,2,3,22
2021-07-03 19:46:20,5,0,0,5
2021-07-03 19:46:23,22,1,8,31
2021-07-03 19:46:25,12,2,1,15
2021-07-03 19:46:27,3,1,0,4
2021-07-03 19:46:32,0,0,0,0
2021-07-03 19:46:34,869,32,124,1025
2021-07-03 19:46:36,1,0,0,1
2021-07-03 19:46:38,465,34,33,532
2021-07-03 19:46:40,45,4,1,50
2021-07-03 19:46:42,16,2,0,18
2021-07-03 19:46:43,0,0,0,0
2021-07-03 19:46:44,6,0,2,8
2021-07-03 19:46:48,1,0,0,1
2021-07-03 19:46:49,2,0,2,4
2021-07-03 19:46:51,4,1,2,7
2021-07-03 19:46:55,86,3,2,91
2021-07-03 19:46:57,6,0,2,8
2021-07-03 19:46:58,3,1,0,4
2021-07-03 19:46:59,0,0,0,0
2021-07-03 19:47:03,4,0,0,4
2021-07-03 19:47:06,1,0,0,1
2021-07-03 19:47:09,32,1,10,43
2021-07-03 19:47:11,5,1,3,9
2021-07-03 19:47:12,5,0,2,7
2021-07-03 19:47:13,0,0,0,0
2021-07-03 19:47:16,3,0,0,3
2021-07-03 19:47:19,5,0,0,5
2021-07-03 19:47:21,1,1,1,3
2021-07-03 19:47:23,1,0,0,1
2021-07-03 19:47:26,0,0,0,0
2021-07-03 19:47:27,0,0,0,0
2021-07-03 19:47:29,1,1,0,2
2021-07-03 19:47:31,0,0,0,0
2021-07-03 19:47:37,174,7,43,224
2021-07-03 19:47:38,1,0,0,1
2021-07-03 19:47:40,186,7,26,219
2021-07-03 19:47:41,15,1,1,17
2021-07-03 19:47:42,2,0,0,2
2021-07-03 19:47:43,0,0,0,0
2021-07-03 19:47:44,18,5,1,24
2021-07-03 19:47:46,12,2,6,20
2021-07-03 19:47:47,0,0,0,0
2021-07-03 19:47:48,1,0,0,1
2021-07-03 19:47:50,7,0,0,7
2021-07-03 19:47:52,0,0,0,0
2021-07-03 19:47:54,1,0,0,1
2021-07-03 19:47:55,2,0,0,2
2021-07-03 19:47:58,8,0,1,9
2021-07-03 19:48:02,10,2,4,16
2021-07-03 19:48:03,1,0,0,1
2021-07-03 19:48:06,0,0,0,0
2021-07-03 19:48:08,2,0,0,2
2021-07-03 19:48:12,2,0,1,3
2021-07-03 19:48:13,3,0,0,3
2021-07-03 19:48:14,4,0,2,6
2021-07-03 19:48:19,1,0,0,1
2021-07-03 19:48:21,1,0,0,1
2021-07-03 19:48:22,0,0,0,0
2021-07-03 19:48:29,0,0,0,0
2021-07-03 19:48:31,10,1,2,13
2021-07-03 19:48:32,1,1,0,2
2021-07-03 19:48:33,1,0,0,1
2021-07-03 19:48:36,155,4,33,192
2021-07-03 19:48:39,0,0,0,0
2021-07-03 19:48:40,0,0,0,0
2021-07-03 19:48:43,1,0,0,1
2021-07-03 19:48:45,1,0,0,1
2021-07-03 19:48:47,0,0,0,0
2021-07-03 19:48:48,3,0,0,3
2021-07-03 19:48:51,11,0,0,11
2021-07-03 19:48:52,0,0,0,0
2021-07-03 19:48:55,1,0,0,1
2021-07-03 19:48:56,1,0,0,1
2021-07-03 19:48:57,8,0,3,11
2021-07-03 19:48:58,272,8,54,334
2021-07-03 19:48:59,13,0,2,15
2021-07-03 19:49:01,1,0,1,2
2021-07-03 19:49:02,1,0,0,1
2021-07-03 19:49:03,1,0,0,1
2021-07-03 19:49:05,8,0,2,10
2021-07-03 19:49:07,14,1,8,23
2021-07-03 19:49:08,0,0,0,0
2021-07-03 19:49:09,22,1,1,24
2021-07-03 19:49:10,612,13,208,833
2021-07-03 19:49:11,3,0,1,4
2021-07-03 19:49:12,1,0,1,2
2021-07-03 19:49:13,2,0,2,4
2021-07-03 19:49:14,3,0,2,5
2021-07-03 19:49:16,1,0,1,2
2021-07-03 19:49:22,3,0,1,4
2021-07-03 19:49:23,22,0,2,24
2021-07-03 19:49:28,1,0,0,1
2021-07-03 19:49:31,58,2,5,65
2021-07-03 19:49:32,0,0,0,0
2021-07-03 19:49:33,0,0,1,1
2021-07-03 19:49:34,0,0,1,1
2021-07-03 19:49:35,5,0,0,5
2021-07-03 19:49:36,6,0,2,8
2021-07-03 19:49:38,21,0,11,32
2021-07-03 19:49:39,2,0,0,2
2021-07-03 19:49:42,1,0,0,1
2021-07-03 19:49:43,0,0,0,0
2021-07-03 19:49:45,1,0,0,1
2021-07-03 19:49:48,1,0,1,2
2021-07-03 19:49:49,0,0,0,0
2021-07-03 19:49:50,1,0,1,2
2021-07-03 19:49:51,46,1,12,59
2021-07-03 19:49:55,2,0,0,2
2021-07-03 19:49:56,1,0,0,1
2021-07-03 19:49:57,6,0,2,8
2021-07-03 19:49:59,1,0,0,1
2021-07-03 19:50:00,317,5,67,389
2021-07-03 19:50:03,25,3,1,29
2021-07-03 19:50:04,0,0,0,0
2021-07-03 19:50:05,1,0,0,1
2021-07-03 19:50:06,44,1,15,60
2021-07-03 19:50:07,6,1,2,9
2021-07-03 19:50:10,0,0,0,0
2021-07-03 19:50:11,51,1,0,52
2021-07-03 19:50:13,1,0,0,1
2021-07-03 19:50:14,50,2,11,63
2021-07-03 19:50:15,30,0,1,31
2021-07-03 19:50:16,0,0,0,0
2021-07-03 19:50:17,8,1,4,13
2021-07-03 19:50:19,0,0,0,0
2021-07-03 19:50:21,0,0,0,0
2021-07-03 19:50:24,117,5,34,156
2021-07-03 19:50:25,0,0,0,0
2021-07-03 19:50:28,2,0,1,3
2021-07-03 19:50:30,0,0,0,0
2021-07-03 19:50:31,0,0,0,0
2021-07-03 19:50:32,4,0,0,4
2021-07-03 19:50:33,5,0,1,6
2021-07-03 19:50:36,0,0,0,0
2021-07-03 19:50:39,16,1,3,20
2021-07-03 19:50:41,1,1,0,2
2021-07-03 19:50:42,0,0,0,0
2021-07-03 19:50:43,1,0,0,1
2021-07-03 19:50:44,0,0,0,0
2021-07-03 19:50:46,1,0,0,1
2021-07-03 19:50:47,53,1,8,62
2021-07-03 19:50:49,0,0,0,0
2021-07-03 19:50:50,0,0,0,0
2021-07-03 19:50:52,5,0,0,5
2021-07-03 19:50:53,0,0,0,0
2021-07-03 19:50:54,0,0,0,0
2021-07-03 19:50:55,0,0,0,0
2021-07-03 19:50:57,5,0,0,5
2021-07-03 19:51:00,14,0,1,15
2021-07-03 19:51:02,0,0,0,0
2021-07-03 19:51:03,0,0,0,0
2021-07-03 19:51:05,10,2,6,18
2021-07-03 19:51:06,3,0,0,3
2021-07-03 19:51:10,84,4,8,96
2021-07-03 19:51:11,2,0,0,2
2021-07-03 19:51:12,0,0,0,0
2021-07-03 19:51:13,3,0,1,4
2021-07-03 19:51:14,0,1,0,1
2021-07-03 19:51:15,478,2,84,564
2021-07-03 19:51:16,44,0,4,48
2021-07-03 19:51:19,14,0,3,17
2021-07-03 19:51:22,1,0,1,2
2021-07-03 19:51:23,0,0,0,0
2021-07-03 19:51:26,10,1,0,11
2021-07-03 19:51:34,3,0,0,3
2021-07-03 19:51:36,13,1,2,16
2021-07-03 19:51:37,3,2,1,6
2021-07-03 19:51:40,3,0,2,5
2021-07-03 19:51:42,6,1,1,8
2021-07-03 19:51:43,7,0,3,10
2021-07-03 19:51:55,0,0,0,0
2021-07-03 19:51:56,7,0,0,7
2021-07-03 19:51:57,58,0,18,76
2021-07-03 19:51:58,3,0,2,5
2021-07-03 19:52:00,0,0,0,0
2021-07-03 19:52:01,29,0,6,35
2021-07-03 19:52:05,340,7,52,399
2021-07-03 19:52:06,8,0,4,12
2021-07-03 19:52:07,4,1,1,6
2021-07-03 19:52:09,6,0,0,6
2021-07-03 19:52:11,5,0,1,6
2021-07-03 19:52:13,3,0,1,4
2021-07-03 19:52:15,0,0,1,1
2021-07-03 19:52:17,6,0,3,9
2021-07-03 19:52:19,0,0,0,0
2021-07-03 19:52:20,1,0,0,1
2021-07-03 19:52:21,9,0,3,12
2021-07-03 19:52:23,4,1,2,7
2021-07-03 19:52:24,2320,54,424,2798
2021-07-03 19:52:30,22,2,4,28
2021-07-03 19:52:31,0,0,0,0
2021-07-03 19:52:32,0,0,0,0
2021-07-03 19:52:41,0,0,0,0
2021-07-03 19:52:43,7,0,6,13
2021-07-03 19:52:45,1,0,0,1
2021-07-03 19:52:46,2,0,0,2
2021-07-03 19:52:47,57,1,4,62
2021-07-03 19:52:48,234,4,66,304
2021-07-03 19:52:52,0,0,2,2
2021-07-03 19:52:54,4,0,2,6
2021-07-03 19:53:00,12,0,2,14
2021-07-03 19:53:03,2,0,2,4
2021-07-03 19:53:05,2,0,4,6
2021-07-03 19:53:06,2,0,2,4
2021-07-03 19:53:09,13,4,5,22
2021-07-03 19:53:11,2,0,2,4
2021-07-03 19:53:16,16,1,4,21
2021-07-03 19:53:18,6,0,2,8
2021-07-03 19:53:20,1,0,1,2
2021-07-03 19:53:22,0,0,1,1
2021-07-03 19:53:29,0,0,1,1
2021-07-03 19:53:32,0,0,1,1
2021-07-03 19:53:35,1,0,1,2
2021-07-03 19:53:41,0,0,2,2
2021-07-03 19:53:42,1,0,1,2
2021-07-03 19:53:44,5,0,1,6
2021-07-03 19:53:47,24,3,6,33
2021-07-03 19:53:48,70,3,33,106
2021-07-03 19:53:50,0,0,1,1
2021-07-03 19:53:51,6,2,3,11
2021-07-03 19:53:52,101,5,1,107
2021-07-03 19:53:55,0,0,2,2
2021-07-03 19:53:56,31,0,4,35
2021-07-03 19:53:58,0,0,1,1
2021-07-03 19:53:59,0,0,1,1
2021-07-03 19:54:00,1,0,1,2
2021-07-03 19:54:04,0,0,1,1
2021-07-03 19:54:06,6,1,1,8
2021-07-03 19:54:07,2,0,3,5
2021-07-03 19:54:10,0,0,1,1
2021-07-03 19:54:16,0,0,1,1
2021-07-03 19:54:17,2064,38,58,2160
2021-07-03 19:54:20,2,0,1,3
2021-07-03 19:54:22,1,0,0,1
2021-07-03 19:54:23,1,0,0,1
2021-07-03 19:54:25,24,1,5,30
2021-07-03 19:54:26,5,1,2,8
2021-07-03 19:54:29,138,2,38,178
2021-07-03 19:54:32,8,0,2,10
2021-07-03 19:54:33,13,0,7,20
2021-07-03 19:54:34,0,0,0,0
2021-07-03 19:54:43,6,0,4,10
2021-07-03 19:54:45,0,0,0,0
2021-07-03 19:54:47,2,0,0,2
2021-07-03 19:54:52,4,0,0,4
2021-07-03 19:54:53,5,0,1,6
2021-07-03 19:54:57,0,0,0,0
2021-07-03 19:54:58,0,0,0,0
2021-07-03 19:55:01,14,0,2,16
2021-07-03 19:55:04,0,0,0,0
2021-07-03 19:55:07,3,0,0,3
2021-07-03 19:55:08,9,0,0,9
2021-07-03 19:55:09,9,2,0,11
2021-07-03 19:55:10,3,0,0,3
2021-07-03 19:55:11,3,0,0,3
2021-07-03 19:55:13,2,0,0,2
2021-07-03 19:55:16,4,0,0,4
2021-07-03 19:55:17,3,0,0,3
2021-07-03 19:55:18,5,0,0,5
2021-07-03 19:55:23,0,0,0,0
2021-07-03 19:55:25,0,0,0,0
2021-07-03 19:55:29,0,0,0,0
2021-07-03 19:55:30,0,0,0,0
2021-07-03 19:55:34,5,0,0,5
2021-07-03 19:55:37,0,0,0,0
2021-07-03 19:55:43,1,0,0,1
2021-07-03 19:55:44,156,7,34,197
2021-07-03 19:55:48,9,0,4,13
2021-07-03 19:55:49,4,0,0,4
2021-07-03 19:55:52,1,0,0,1
2021-07-03 19:55:53,14,6,4,24
2021-07-03 19:55:54,1,0,0,1
2021-07-03 19:55:55,45,3,5,53
2021-07-03 19:55:56,110,0,20,130
2021-07-03 19:55:58,1,0,0,1
2021-07-03 19:56:00,4,0,2,6
2021-07-03 19:56:01,1,0,0,1
2021-07-03 19:56:05,2,0,0,2
2021-07-03 19:56:09,1,0,0,1
2021-07-03 19:56:11,7,3,1,11
2021-07-03 19:56:12,0,0,0,0
2021-07-03 19:56:16,0,0,0,0
2021-07-03 19:56:17,1,0,0,1
2021-07-03 19:56:19,0,0,0,0
2021-07-03 19:56:26,4,0,1,5
2021-07-03 19:56:27,1,0,0,1
2021-07-03 19:56:29,37,0,8,45
2021-07-03 19:56:32,2,0,0,2
2021-07-03 19:56:33,0,0,0,0
2021-07-03 19:56:35,2,0,1,3
2021-07-03 19:56:38,23,0,4,27
2021-07-03 19:56:40,353,4,16,373
2021-07-03 19:56:42,7,1,0,8
2021-07-03 19:56:45,0,0,0,0
2021-07-03 19:56:46,2,0,0,2
2021-07-03 19:56:47,4,0,1,5
2021-07-03 19:56:48,1,0,0,1
2021-07-03 19:56:49,6,0,1,7
2021-07-03 19:56:51,5,0,2,7
2021-07-03 19:56:54,0,0,0,0
2021-07-03 19:56:57,95,1,25,121
2021-07-03 19:56:58,0,0,0,0
2021-07-03 19:56:59,0,0,0,0
2021-07-03 19:57:00,0,0,0,0
2021-07-03 19:57:05,1,0,0,1
2021-07-03 19:57:07,32,2,17,51
2021-07-03 19:57:10,2,0,0,2
2021-07-03 19:57:11,3,0,0,3
2021-07-03 19:57:13,2071,273,358,2702
2021-07-03 19:57:15,20,1,4,25
2021-07-03 19:57:17,0,0,0,0
2021-07-03 19:57:18,14,0,0,14
2021-07-03 19:57:19,4,0,0,4
2021-07-03 19:57:22,0,0,0,0
2021-07-03 19:57:23,2,0,0,2
2021-07-03 19:57:25,0,1,0,1
2021-07-03 19:57:27,278,5,51,334
2021-07-03 19:57:28,3,0,1,4
2021-07-03 19:57:31,119,0,22,141
2021-07-03 19:57:32,2,0,0,2
2021-07-03 19:57:33,2,0,0,2
2021-07-03 19:57:37,0,0,0,0
2021-07-03 19:57:39,0,0,0,0
2021-07-03 19:57:42,0,0,0,0
2021-07-03 19:57:44,1,0,0,1
2021-07-03 19:57:47,0,0,0,0
2021-07-03 19:57:48,0,0,0,0
2021-07-03 19:57:49,706,20,165,891
2021-07-03 19:57:52,0,0,0,0
2021-07-03 19:57:56,30,0,0,30
2021-07-03 19:57:57,451,8,41,500
2021-07-03 19:57:59,1,1,1,3
2021-07-03 19:58:00,0,0,0,0
2021-07-03 19:58:02,1,0,0,1
2021-07-03 19:58:03,0,0,0,0
2021-07-03 19:58:04,3,0,0,3
2021-07-03 19:58:05,0,0,0,0
2021-07-03 19:58:06,2,0,1,3
2021-07-03 19:58:08,0,0,0,0
2021-07-03 19:58:10,1,0,0,1
2021-07-03 19:58:13,1,0,0,1
2021-07-03 19:58:14,10,0,2,12
2021-07-03 19:58:15,5,0,0,5
2021-07-03 19:58:16,2,1,0,3
2021-07-03 19:58:18,0,0,0,0
2021-07-03 19:58:20,0,0,0,0
2021-07-03 19:58:21,111,0,31,142
2021-07-03 19:58:26,0,0,0,0
2021-07-03 19:58:27,50,0,18,68
2021-07-03 19:58:29,1,0,0,1
2021-07-03 19:58:36,1,0,0,1
2021-07-03 19:58:37,0,0,0,0
2021-07-03 19:58:38,0,0,0,0
2021-07-03 19:58:40,18,1,1,20
2021-07-03 19:58:43,0,0,0,0
2021-07-03 19:58:44,9,0,1,10
2021-07-03 19:58:46,22,0,1,23
2021-07-03 19:58:47,32,1,2,35
2021-07-03 19:58:51,516,4,74,594
2021-07-03 19:58:53,0,0,0,0
2021-07-03 19:58:54,0,0,0,0
2021-07-03 19:58:56,24,1,4,29
2021-07-03 19:58:57,0,0,0,0
2021-07-03 19:58:58,48,1,12,61
2021-07-03 19:58:59,2,0,1,3
2021-07-03 19:59:00,3,1,0,4
2021-07-03 19:59:01,1,0,0,1
2021-07-03 19:59:02,0,0,0,0
2021-07-03 19:59:03,0,0,0,0
2021-07-03 19:59:04,0,0,0,0
2021-07-03 19:59:06,15,1,4,20
2021-07-03 19:59:09,3,0,0,3
2021-07-03 19:59:10,2,0,0,2
2021-07-03 19:59:16,1,0,0,1
2021-07-03 19:59:17,148,3,5,156
2021-07-03 19:59:20,2,0,0,2
2021-07-03 19:59:22,90,4,23,117
2021-07-03 19:59:23,1,1,0,2
2021-07-03 19:59:24,0,0,0,0
2021-07-03 19:59:26,340,12,38,390
2021-07-03 19:59:27,4,1,1,6
2021-07-03 19:59:28,464,1,57,522
2021-07-03 19:59:31,1,0,0,1
2021-07-03 19:59:32,2,0,0,2
2021-07-03 19:59:33,35,0,4,39
2021-07-03 19:59:34,0,0,0,0
2021-07-03 19:59:36,1,0,0,1
2021-07-03 19:59:37,0,0,0,0
2021-07-03 19:59:38,46,1,7,54
2021-07-03 19:59:40,0,0,0,0
2021-07-03 19:59:42,0,0,0,0
2021-07-03 19:59:43,94,3,12,109
2021-07-03 19:59:47,8,0,2,10
2021-07-03 19:59:48,0,0,0,0
2021-07-03 19:59:49,1,1,0,2
2021-07-03 19:59:50,1,0,0,1
2021-07-03 19:59:55,0,0,0,0
2021-07-03 19:59:59,0,0,0,0
2021-07-03 20:00:00,484,8,93,585
2021-07-03 20:00:03,8,0,3,11
2021-07-03 20:00:04,1,0,0,1
2021-07-03 20:00:05,4,1,0,5
2021-07-03 20:00:08,0,0,0,0
2021-07-03 20:00:09,7,0,2,9
2021-07-03 20:00:10,1,0,0,1
2021-07-03 20:00:14,0,0,0,0
2021-07-03 20:00:15,6,0,3,9
2021-07-03 20:00:20,2,0,0,2
2021-07-03 20:00:21,0,0,0,0
2021-07-03 20:00:22,90,0,26,116
2021-07-03 20:00:24,7,0,1,8
2021-07-03 20:00:26,1,0,0,1
2021-07-03 20:00:27,0,0,0,0
2021-07-03 20:00:28,2,1,1,4
2021-07-03 20:00:31,10,0,4,14
2021-07-03 20:00:33,1,0,1,2
2021-07-03 20:00:36,1,0,0,1
2021-07-03 20:00:38,0,0,0,0
2021-07-03 20:00:43,14,1,2,17
2021-07-03 20:00:44,0,1,0,1
2021-07-03 20:00:45,0,0,0,0
2021-07-03 20:00:47,0,0,0,0
2021-07-03 20:00:49,1,0,0,1
2021-07-03 20:00:53,0,0,0,0
2021-07-03 20:00:54,16,0,0,16
2021-07-03 20:00:55,3,0,0,3
2021-07-03 20:00:58,1,0,0,1
2021-07-03 20:01:02,3,0,0,3
2021-07-03 20:01:05,2,0,0,2
2021-07-03 20:01:06,3,0,1,4
2021-07-03 20:01:07,0,0,0,0
2021-07-03 20:01:08,8,0,3,11
2021-07-03 20:01:10,2,0,1,3
2021-07-03 20:01:13,215,4,45,264
2021-07-03 20:01:14,2,0,0,2
2021-07-03 20:01:16,33,1,1,35
2021-07-03 20:01:17,4,0,0,4
2021-07-03 20:01:24,1,0,0,1
2021-07-03 20:01:29,131,1,16,148
2021-07-03 20:01:30,0,0,0,0
2021-07-03 20:01:32,0,0,0,0
2021-07-03 20:01:33,0,1,0,1
2021-07-03 20:01:34,1,1,0,2
2021-07-03 20:01:35,0,0,0,0
2021-07-03 20:01:39,0,0,0,0
2021-07-03 20:01:40,204,14,29,247
2021-07-03 20:01:42,0,0,0,0
2021-07-03 20:01:44,2,0,0,2
2021-07-03 20:01:45,4,0,2,6
2021-07-03 20:01:47,0,0,0,0
2021-07-03 20:01:48,8,0,0,8
2021-07-03 20:01:49,0,0,0,0
2021-07-03 20:01:50,0,0,0,0
2021-07-03 20:01:51,0,0,0,0
2021-07-03 20:01:53,8,3,2,13
2021-07-03 20:01:54,0,0,0,0
2021-07-03 20:02:00,0,0,0,0
2021-07-03 20:02:01,4,1,1,6
2021-07-03 20:02:02,0,0,0,0
2021-07-03 20:02:04,3,0,0,3
2021-07-03 20:02:06,3,0,3,6
2021-07-03 20:02:08,0,0,0,0
2021-07-03 20:02:09,1,0,1,2
2021-07-03 20:02:12,3,0,1,4
2021-07-03 20:02:14,0,0,0,0
2021-07-03 20:02:18,0,0,0,0
2021-07-03 20:02:19,0,0,0,0
2021-07-03 20:02:20,3,0,0,3
2021-07-03 20:02:23,1,0,1,2
2021-07-03 20:02:24,23,0,3,26
2021-07-03 20:02:26,1,0,0,1
2021-07-03 20:02:28,1,0,0,1
2021-07-03 20:02:31,10,0,0,10
2021-07-03 20:02:32,0,0,0,0
2021-07-03 20:02:33,1,0,0,1
2021-07-03 20:02:34,235,17,94,346
2021-07-03 20:02:36,3,0,0,3
2021-07-03 20:02:37,1,0,1,2
2021-07-03 20:02:42,0,0,0,0
2021-07-03 20:02:43,3,0,0,3
2021-07-03 20:02:44,4,0,2,6
2021-07-03 20:02:47,1,0,0,1
2021-07-03 20:02:49,1,0,0,1
2021-07-03 20:02:51,3,1,1,5
2021-07-03 20:02:56,9,1,0,10
2021-07-03 20:02:59,1,0,0,1
2021-07-03 20:03:02,42,1,5,48
2021-07-03 20:03:03,0,0,0,0
2021-07-03 20:03:06,14,0,3,17
2021-07-03 20:03:07,1,0,0,1
2021-07-03 20:03:09,0,0,0,0
2021-07-03 20:03:14,0,0,0,0
2021-07-03 20:03:17,6,0,2,8
2021-07-03 20:03:18,8,0,0,8
2021-07-03 20:03:20,10,0,1,11
2021-07-03 20:03:22,0,0,0,0
2021-07-03 20:03:23,0,0,0,0
2021-07-03 20:03:24,0,0,0,0
2021-07-03 20:03:25,0,0,0,0
2021-07-03 20:03:27,0,0,0,0
2021-07-03 20:03:29,0,0,0,0
2021-07-03 20:03:30,419,8,15,442
2021-07-03 20:03:31,0,0,0,0
2021-07-03 20:03:32,23,0,1,24
2021-07-03 20:03:34,897,43,162,1102
2021-07-03 20:03:35,0,0,0,0
2021-07-03 20:03:37,1008,11,124,1143
2021-07-03 20:03:38,308,10,41,359
2021-07-03 20:03:39,0,0,0,0
2021-07-03 20:03:40,0,0,0,0
2021-07-03 20:03:41,0,0,0,0
2021-07-03 20:03:43,0,0,0,0
2021-07-03 20:03:45,0,0,0,0
2021-07-03 20:03:46,3,0,0,3
2021-07-03 20:03:47,2,0,0,2
2021-07-03 20:03:48,3,0,0,3
2021-07-03 20:03:49,2,0,0,2
2021-07-03 20:03:52,2,0,0,2
2021-07-03 20:03:55,1,0,0,1
2021-07-03 20:03:56,3,0,0,3
2021-07-03 20:03:58,1,0,1,2
2021-07-03 20:03:59,0,0,0,0
2021-07-03 20:04:00,2,1,1,4
2021-07-03 20:04:02,1,0,0,1
2021-07-03 20:04:03,23,2,11,36
2021-07-03 20:04:04,4,0,2,6
2021-07-03 20:04:05,1,0,0,1
2021-07-03 20:04:07,13,1,2,16
2021-07-03 20:04:10,0,0,0,0
2021-07-03 20:04:13,1,0,0,1
2021-07-03 20:04:15,8,0,1,9
2021-07-03 20:04:17,1,0,0,1
2021-07-03 20:04:19,3,0,1,4
2021-07-03 20:04:21,0,0,0,0
2021-07-03 20:04:24,1,0,0,1
2021-07-03 20:04:25,369,15,63,447
2021-07-03 20:04:26,0,0,0,0
2021-07-03 20:04:28,0,0,0,0
2021-07-03 20:04:32,0,0,0,0
2021-07-03 20:04:33,18,1,1,20
2021-07-03 20:04:37,2,0,0,2
2021-07-03 20:04:40,1,0,0,1
2021-07-03 20:04:42,3,0,2,5
2021-07-03 20:04:45,46,1,4,51
2021-07-03 20:04:47,5,0,3,8
2021-07-03 20:04:49,0,0,0,0
2021-07-03 20:04:50,0,0,0,0
2021-07-03 20:04:51,9,0,4,13
2021-07-03 20:04:52,4,0,1,5
2021-07-03 20:04:58,0,0,0,0
2021-07-03 20:05:02,4,0,1,5
2021-07-03 20:05:03,63,1,12,76
2021-07-03 20:05:05,182,6,30,218
2021-07-03 20:05:08,7,0,0,7
2021-07-03 20:05:09,4,1,0,5
2021-07-03 20:05:13,17,1,6,24
2021-07-03 20:05:14,22,2,8,32
2021-07-03 20:05:15,3,0,1,4
2021-07-03 20:05:16,6,0,1,7
2021-07-03 20:05:18,3,0,0,3
2021-07-03 20:05:19,1,0,0,1
2021-07-03 20:05:21,0,0,0,0
2021-07-03 20:05:22,0,0,0,0
2021-07-03 20:05:23,3,0,3,6
2021-07-03 20:05:24,18,2,4,24
2021-07-03 20:05:25,2,0,1,3
2021-07-03 20:05:27,6,0,2,8
2021-07-03 20:05:29,0,0,0,0
2021-07-03 20:05:31,1,0,1,2
2021-07-03 20:05:32,2,0,3,5
2021-07-03 20:05:33,22,2,3,27
2021-07-03 20:05:34,19,0,5,24
2021-07-03 20:05:36,16,0,0,16
2021-07-03 20:05:37,4,0,2,6
2021-07-03 20:05:38,0,0,0,0
2021-07-03 20:05:41,41,6,2,49
2021-07-03 20:05:44,18,1,0,19
2021-07-03 20:05:45,1,0,0,1
2021-07-03 20:05:50,3,0,2,5
2021-07-03 20:05:51,21,0,1,22
2021-07-03 20:05:52,56,0,5,61
2021-07-03 20:05:56,2,0,0,2
2021-07-03 20:05:57,6,0,0,6
2021-07-03 20:05:59,0,0,0,0
2021-07-03 20:06:00,11,3,0,14
2021-07-03 20:06:01,2,0,3,5
2021-07-03 20:06:03,0,0,0,0
2021-07-03 20:06:08,0,0,0,0
2021-07-03 20:06:10,0,0,0,0
2021-07-03 20:06:11,12,0,3,15
2021-07-03 20:06:13,1,0,0,1
2021-07-03 20:06:14,0,0,0,0
2021-07-03 20:06:17,1,0,0,1
2021-07-03 20:06:19,2,0,0,2
2021-07-03 20:06:22,2,0,0,2
2021-07-03 20:06:24,2,0,0,2
2021-07-03 20:06:26,1,0,0,1
2021-07-03 20:06:27,2,0,0,2
2021-07-03 20:06:28,1533,5,191,1729
2021-07-03 20:06:31,49,0,18,67
2021-07-03 20:06:33,0,0,0,0
2021-07-03 20:06:35,2,0,0,2
2021-07-03 20:06:37,0,0,0,0
2021-07-03 20:06:38,49,1,1,51
2021-07-03 20:06:39,2,1,0,3
2021-07-03 20:06:44,2,0,0,2
2021-07-03 20:06:45,1,0,0,1
2021-07-03 20:06:46,41,1,7,49
2021-07-03 20:06:53,2,1,0,3
2021-07-03 20:06:54,319,0,21,340
2021-07-03 20:06:55,0,1,0,1
2021-07-03 20:06:56,2,0,0,2
2021-07-03 20:06:58,2,0,0,2
2021-07-03 20:07:00,2,0,0,2
2021-07-03 20:07:01,0,0,0,0
2021-07-03 20:07:04,1,0,0,1
2021-07-03 20:07:06,6,0,0,6
2021-07-03 20:07:07,1,0,0,1
2021-07-03 20:07:10,10,0,0,10
2021-07-03 20:07:11,3,0,1,4
2021-07-03 20:07:13,6,0,2,8
2021-07-03 20:07:15,194,3,53,250
2021-07-03 20:07:17,1,0,0,1
2021-07-03 20:07:21,10,0,5,15
2021-07-03 20:07:24,14,1,0,15
2021-07-03 20:07:26,82,1,29,112
2021-07-03 20:07:27,1,0,0,1
2021-07-03 20:07:29,1,0,0,1
2021-07-03 20:07:30,45,1,10,56
2021-07-03 20:07:31,202,9,18,229
2021-07-03 20:07:32,36,1,7,44
2021-07-03 20:07:33,0,0,0,0
2021-07-03 20:07:35,278,8,17,303
2021-07-03 20:07:36,0,0,0,0
2021-07-03 20:07:38,6,1,0,7
2021-07-03 20:07:40,121,3,23,147
2021-07-03 20:07:42,81,0,14,95
2021-07-03 20:07:43,1,0,0,1
2021-07-03 20:07:46,14,0,2,16
2021-07-03 20:07:47,4,0,0,4
2021-07-03 20:07:48,2,0,0,2
2021-07-03 20:07:49,0,0,0,0
2021-07-03 20:07:51,6,0,0,6
2021-07-03 20:07:52,3,0,0,3
2021-07-03 20:07:53,3,0,0,3
2021-07-03 20:07:54,1,0,0,1
2021-07-03 20:07:55,1,0,0,1
2021-07-03 20:07:58,4,0,1,5
2021-07-03 20:08:00,1,0,0,1
2021-07-03 20:08:04,4,0,0,4
2021-07-03 20:08:06,0,0,0,0
2021-07-03 20:08:08,30,6,12,48
2021-07-03 20:08:11,0,0,0,0
2021-07-03 20:08:12,60,8,10,78
2021-07-03 20:08:14,0,0,0,0
2021-07-03 20:08:15,5,0,0,5
2021-07-03 20:08:17,0,0,0,0
2021-07-03 20:08:20,5,0,2,7
2021-07-03 20:08:22,3,0,0,3
2021-07-03 20:08:24,3,0,0,3
2021-07-03 20:08:25,2,0,0,2
2021-07-03 20:08:26,9,0,0,9
2021-07-03 20:08:27,2,0,0,2
2021-07-03 20:08:28,4,0,0,4
2021-07-03 20:08:29,6,0,1,7
2021-07-03 20:08:31,310,9,62,381
2021-07-03 20:08:35,4,0,2,6
2021-07-03 20:08:36,2,0,0,2
2021-07-03 20:08:37,16,0,2,18
2021-07-03 20:08:39,3,0,0,3
2021-07-03 20:08:45,2,0,0,2
2021-07-03 20:08:46,6,0,0,6
2021-07-03 20:08:48,1,1,0,2
2021-07-03 20:08:52,12,0,3,15
2021-07-03 20:08:53,22,0,1,23
2021-07-03 20:08:54,1,0,0,1
2021-07-03 20:08:55,23,0,8,31
2021-07-03 20:08:56,1,0,0,1
2021-07-03 20:08:57,0,0,0,0
2021-07-03 20:08:58,1,0,0,1
2021-07-03 20:09:00,1,0,0,1
2021-07-03 20:09:01,1,0,0,1
2021-07-03 20:09:02,3,0,0,3
2021-07-03 20:09:03,26,2,6,34
2021-07-03 20:09:05,3,0,0,3
2021-07-03 20:09:06,0,0,0,0
2021-07-03 20:09:07,0,0,0,0
2021-07-03 20:09:08,2,0,0,2
2021-07-03 20:09:09,11,0,2,13
2021-07-03 20:09:11,20,0,0,20
2021-07-03 20:09:17,2,0,0,2
2021-07-03 20:09:25,1,0,1,2
2021-07-03 20:09:26,17,0,4,21
2021-07-03 20:09:28,2,0,1,3
2021-07-03 20:09:29,0,0,0,0
2021-07-03 20:09:30,1,0,0,1
2021-07-03 20:09:31,1,0,0,1
2021-07-03 20:09:33,0,0,0,0
2021-07-03 20:09:38,29,1,7,37
2021-07-03 20:09:39,4,0,1,5
2021-07-03 20:09:41,2,0,0,2
2021-07-03 20:09:42,49,0,18,67
2021-07-03 20:09:44,1,0,0,1
2021-07-03 20:09:47,118,3,12,133
2021-07-03 20:09:48,15,3,1,19
2021-07-03 20:09:49,1,0,0,1
2021-07-03 20:09:50,1,1,2,4
2021-07-03 20:09:52,2,0,2,4
2021-07-03 20:09:55,199,7,18,224
2021-07-03 20:09:56,0,0,0,0
2021-07-03 20:09:58,1299,57,214,1570
2021-07-03 20:10:00,433,13,92,538
2021-07-03 20:10:02,3,0,1,4
2021-07-03 20:10:04,0,0,0,0
2021-07-03 20:10:05,6,1,0,7
2021-07-03 20:10:08,3934,23,173,4130
2021-07-03 20:10:09,5,5,2,12
2021-07-03 20:10:13,4,0,0,4
2021-07-03 20:10:14,23,0,3,26
2021-07-03 20:10:17,1,0,0,1
2021-07-03 20:10:20,262,4,48,314
2021-07-03 20:10:22,2,0,0,2
2021-07-03 20:10:23,82,0,18,100
2021-07-03 20:10:24,0,0,2,2
2021-07-03 20:10:25,3,0,1,4
2021-07-03 20:10:26,24,1,8,33
2021-07-03 20:10:28,0,0,0,0
2021-07-03 20:10:32,1,0,0,1
2021-07-03 20:10:35,23,1,0,24
2021-07-03 20:10:37,1,0,0,1
2021-07-03 20:10:39,1,0,0,1
2021-07-03 20:10:41,1,0,0,1
2021-07-03 20:10:42,0,0,0,0
2021-07-03 20:10:48,16,1,3,20
2021-07-03 20:10:49,3,0,1,4
2021-07-03 20:10:51,0,0,0,0
2021-07-03 20:10:58,2,0,0,2
2021-07-03 20:11:00,4,0,0,4
2021-07-03 20:11:02,53,0,4,57
2021-07-03 20:11:04,7,2,1,10
2021-07-03 20:11:05,26,2,7,35
2021-07-03 20:11:09,7,1,2,10
2021-07-03 20:11:10,2,0,0,2
2021-07-03 20:11:11,0,0,0,0
2021-07-03 20:11:16,4,2,1,7
2021-07-03 20:11:18,0,0,0,0
2021-07-03 20:11:19,0,0,0,0
2021-07-03 20:11:20,6,0,0,6
2021-07-03 20:11:23,2,0,0,2
2021-07-03 20:11:29,6,0,2,8
2021-07-03 20:11:30,0,0,0,0
2021-07-03 20:11:32,0,0,0,0
2021-07-03 20:11:33,1,0,1,2
2021-07-03 20:11:34,0,0,0,0
2021-07-03 20:11:35,0,0,0,0
2021-07-03 20:11:36,0,0,0,0
2021-07-03 20:11:40,0,0,0,0
2021-07-03 20:11:42,1,0,0,1
2021-07-03 20:11:43,0,0,0,0
2021-07-03 20:11:44,124,5,55,184
2021-07-03 20:11:45,0,1,0,1
2021-07-03 20:11:46,14,4,5,23
2021-07-03 20:11:48,0,1,1,2
2021-07-03 20:11:49,1,0,0,1
2021-07-03 20:11:51,0,0,0,0
2021-07-03 20:11:52,36,0,6,42
2021-07-03 20:11:54,3,0,1,4
2021-07-03 20:11:56,1,0,0,1
2021-07-03 20:11:58,0,0,0,0
2021-07-03 20:12:00,0,0,0,0
2021-07-03 20:12:01,2,0,0,2
2021-07-03 20:12:02,5,0,0,5
2021-07-03 20:12:03,2,0,0,2
2021-07-03 20:12:07,0,0,0,0
2021-07-03 20:12:10,0,0,0,0
2021-07-03 20:12:12,0,0,0,0
2021-07-03 20:12:13,1,0,0,1
2021-07-03 20:12:14,1,0,0,1
2021-07-03 20:12:15,1,0,0,1
2021-07-03 20:12:16,1,0,0,1
2021-07-03 20:12:18,3,0,0,3
2021-07-03 20:12:20,3,0,0,3
2021-07-03 20:12:21,5,1,0,6
2021-07-03 20:12:22,1,0,1,2
2021-07-03 20:12:23,5,0,0,5
2021-07-03 20:12:25,0,0,0,0
2021-07-03 20:12:28,7,0,0,7
2021-07-03 20:12:30,1,0,0,1
2021-07-03 20:12:31,0,0,0,0
2021-07-03 20:12:32,1,0,0,1
2021-07-03 20:12:34,1,0,0,1
2021-07-03 20:12:35,1,0,0,1
2021-07-03 20:12:36,2,0,1,3
2021-07-03 20:12:37,1,0,0,1
2021-07-03 20:12:40,2,1,0,3
2021-07-03 20:12:44,0,0,0,0
2021-07-03 20:12:50,3,1,0,4
2021-07-03 20:12:52,1,0,0,1
2021-07-03 20:12:57,1,0,0,1
2021-07-03 20:12:58,1,0,0,1
2021-07-03 20:12:59,2,0,0,2
2021-07-03 20:13:03,0,0,0,0
2021-07-03 20:13:05,382,14,68,464
2021-07-03 20:13:06,1,0,0,1
2021-07-03 20:13:08,0,0,0,0
2021-07-03 20:13:09,2,0,0,2
2021-07-03 20:13:11,1,0,0,1
2021-07-03 20:13:12,1,0,0,1
2021-07-03 20:13:14,1,0,0,1
2021-07-03 20:13:19,2,0,0,2
2021-07-03 20:13:21,2,1,0,3
2021-07-03 20:13:28,1,0,0,1
2021-07-03 20:13:29,2,0,0,2
2021-07-03 20:13:34,1,0,0,1
2021-07-03 20:13:35,10,0,2,12
2021-07-03 20:13:39,2,0,0,2
2021-07-03 20:13:41,1,0,0,1
2021-07-03 20:13:45,11,0,0,11
2021-07-03 20:13:46,4,0,0,4
2021-07-03 20:13:47,2,0,0,2
2021-07-03 20:13:48,0,0,0,0
2021-07-03 20:13:49,35,2,12,49
2021-07-03 20:13:52,223,5,42,270
2021-07-03 20:13:53,0,0,0,0
2021-07-03 20:13:54,0,0,0,0
2021-07-03 20:13:58,4,0,1,5
2021-07-03 20:14:02,0,0,0,0
2021-07-03 20:14:04,0,0,0,0
2021-07-03 20:14:05,64,6,36,106
2021-07-03 20:14:07,11,1,1,13
2021-07-03 20:14:09,20,2,9,31
2021-07-03 20:14:11,2,0,0,2
2021-07-03 20:14:18,6,0,1,7
2021-07-03 20:14:20,1,0,0,1
2021-07-03 20:14:21,0,0,0,0
2021-07-03 20:14:22,0,0,0,0
2021-07-03 20:14:30,0,0,0,0
2021-07-03 20:14:33,8,0,0,8
2021-07-03 20:14:35,13,0,2,15
2021-07-03 20:14:37,0,0,0,0
2021-07-03 20:14:41,0,0,0,0
2021-07-03 20:14:44,0,0,0,0
2021-07-03 20:14:46,51,0,16,67
2021-07-03 20:14:47,0,0,0,0
2021-07-03 20:14:49,1,0,0,1
2021-07-03 20:14:51,23,3,8,34
2021-07-03 20:14:52,6,0,0,6
2021-07-03 20:14:53,12,0,1,13
2021-07-03 20:14:56,2,0,0,2
2021-07-03 20:14:58,0,0,0,0
2021-07-03 20:15:00,28,1,2,31
2021-07-03 20:15:05,1,0,0,1
2021-07-03 20:15:08,4,1,1,6
2021-07-03 20:15:09,7,0,1,8
2021-07-03 20:15:11,1,0,2,3
2021-07-03 20:15:13,2,0,0,2
2021-07-03 20:15:16,0,0,0,0
2021-07-03 20:15:17,9,0,2,11
2021-07-03 20:15:18,3386,39,381,3806
2021-07-03 20:15:22,0,0,0,0
2021-07-03 20:15:23,0,0,0,0
2021-07-03 20:15:25,1,0,0,1
2021-07-03 20:15:27,5,0,0,5
2021-07-03 20:15:28,0,0,0,0
2021-07-03 20:15:29,0,0,0,0
2021-07-03 20:15:31,3,0,0,3
2021-07-03 20:15:34,0,0,0,0
2021-07-03 20:15:35,0,0,0,0
2021-07-03 20:15:36,4,0,0,4
2021-07-03 20:15:38,9,0,0,9
2021-07-03 20:15:41,1,1,0,2
2021-07-03 20:15:42,65,2,16,83
2021-07-03 20:15:43,2,0,0,2
2021-07-03 20:15:45,0,0,0,0
2021-07-03 20:15:46,6,0,5,11
2021-07-03 20:15:47,9,0,6,15
2021-07-03 20:15:49,1,0,0,1
2021-07-03 20:15:50,1,0,0,1
2021-07-03 20:15:53,2,0,0,2
2021-07-03 20:15:56,0,0,0,0
2021-07-03 20:15:58,0,0,0,0
2021-07-03 20:15:59,17,0,1,18
2021-07-03 20:16:02,112,2,3,117
2021-07-03 20:16:04,6,0,1,7
2021-07-03 20:16:07,1,0,1,2
2021-07-03 20:16:11,0,0,0,0
2021-07-03 20:16:12,0,0,0,0
2021-07-03 20:16:14,0,0,0,0
2021-07-03 20:16:15,25,3,15,43
2021-07-03 20:16:18,0,0,0,0
2021-07-03 20:16:19,1,0,0,1
2021-07-03 20:16:20,3,0,0,3
2021-07-03 20:16:21,1,0,0,1
2021-07-03 20:16:23,0,0,0,0
2021-07-03 20:16:24,1,1,0,2
2021-07-03 20:16:25,1,0,0,1
2021-07-03 20:16:27,254,40,49,343
2021-07-03 20:16:28,0,0,0,0
2021-07-03 20:16:29,4,1,1,6
2021-07-03 20:16:30,0,0,0,0
2021-07-03 20:16:32,0,0,0,0
2021-07-03 20:16:33,1,0,0,1
2021-07-03 20:16:36,3,1,0,4
2021-07-03 20:16:37,0,0,0,0
2021-07-03 20:16:38,15,0,9,24
2021-07-03 20:16:39,5,0,2,7
2021-07-03 20:16:41,0,0,0,0
2021-07-03 20:16:42,19,1,9,29
2021-07-03 20:16:43,0,0,0,0
2021-07-03 20:16:45,2,1,0,3
2021-07-03 20:16:46,0,0,1,1
2021-07-03 20:16:48,0,0,0,0
2021-07-03 20:16:49,19,2,0,21
2021-07-03 20:16:50,0,0,0,0
2021-07-03 20:16:52,0,0,0,0
2021-07-03 20:16:53,9,0,1,10
2021-07-03 20:16:55,3,0,0,3
2021-07-03 20:16:57,0,0,0,0
2021-07-03 20:16:58,0,0,0,0
2021-07-03 20:16:59,0,0,0,0
2021-07-03 20:17:00,137,24,19,180
2021-07-03 20:17:01,0,0,0,0
2021-07-03 20:17:02,2,0,1,3
2021-07-03 20:17:03,89,6,18,113
2021-07-03 20:17:04,0,0,0,0
2021-07-03 20:17:05,6,0,0,6
2021-07-03 20:17:06,1,0,0,1
2021-07-03 20:17:09,1,1,0,2
2021-07-03 20:17:10,0,0,0,0
2021-07-03 20:17:12,2744,38,402,3184
2021-07-03 20:17:13,3,0,0,3
2021-07-03 20:17:15,38,0,12,50
2021-07-03 20:17:16,1,0,1,2
2021-07-03 20:17:17,1,0,0,1
2021-07-03 20:17:18,0,0,0,0
2021-07-03 20:17:19,34,1,10,45
2021-07-03 20:17:20,0,0,0,0
2021-07-03 20:17:21,80,0,8,88
2021-07-03 20:17:23,0,0,0,0
2021-07-03 20:17:24,0,0,0,0
2021-07-03 20:17:25,125,0,19,144
2021-07-03 20:17:27,0,0,0,0
2021-07-03 20:17:28,6,0,2,8
2021-07-03 20:17:30,471,4,108,583
2021-07-03 20:17:32,0,0,0,0
2021-07-03 20:17:33,8,0,0,8
2021-07-03 20:17:34,143,2,23,168
2021-07-03 20:17:35,1,0,1,2
2021-07-03 20:17:36,1,0,1,2
2021-07-03 20:17:37,15,6,3,24
2021-07-03 20:17:39,8,1,1,10
2021-07-03 20:17:40,5,0,2,7
2021-07-03 20:17:43,18,0,3,21
2021-07-03 20:17:44,2,0,1,3
2021-07-03 20:17:45,6,0,2,8
2021-07-03 20:17:47,2,0,1,3
2021-07-03 20:17:49,0,0,0,0
2021-07-03 20:17:51,3,0,1,4
2021-07-03 20:17:52,0,0,0,0
2021-07-03 20:17:54,6,1,0,7
2021-07-03 20:17:55,2,0,1,3
2021-07-03 20:17:56,2,1,1,4
2021-07-03 20:17:57,2,1,1,4
2021-07-03 20:17:58,4,0,1,5
2021-07-03 20:18:01,0,0,0,0
2021-07-03 20:18:03,0,0,0,0
2021-07-03 20:18:06,0,0,0,0
2021-07-03 20:18:07,0,0,0,0
2021-07-03 20:18:08,0,0,0,0
2021-07-03 20:18:09,9,1,3,13
2021-07-03 20:18:11,14,1,0,15
2021-07-03 20:18:12,0,0,0,0
2021-07-03 20:18:15,29,0,4,33
2021-07-03 20:18:16,1,1,0,2
2021-07-03 20:18:17,0,0,0,0
2021-07-03 20:18:21,3,0,2,5
2021-07-03 20:18:22,2,0,0,2
2021-07-03 20:18:28,1,0,5,6
2021-07-03 20:18:29,0,0,0,0
2021-07-03 20:18:30,38,2,13,53
2021-07-03 20:18:31,0,0,0,0
2021-07-03 20:18:35,0,0,0,0
2021-07-03 20:18:36,7,0,0,7
2021-07-03 20:18:41,233,6,39,278
2021-07-03 20:18:45,0,0,0,0
2021-07-03 20:18:52,5,1,0,6
2021-07-03 20:18:53,221,3,60,284
2021-07-03 20:18:54,1,0,0,1
2021-07-03 20:18:55,0,0,0,0
2021-07-03 20:18:57,0,0,0,0
2021-07-03 20:18:58,0,0,0,0
2021-07-03 20:19:02,0,0,0,0
2021-07-03 20:19:03,28,1,10,39
2021-07-03 20:19:05,1,0,0,1
2021-07-03 20:19:06,5,0,1,6
2021-07-03 20:19:07,0,0,0,0
2021-07-03 20:19:09,25,3,6,34
2021-07-03 20:19:13,258,3,18,279
2021-07-03 20:19:15,1,0,0,1
2021-07-03 20:19:19,9,0,0,9
2021-07-03 20:19:21,0,0,0,0
2021-07-03 20:19:22,2,0,0,2
2021-07-03 20:19:26,3,0,0,3
2021-07-03 20:19:27,0,0,0,0
2021-07-03 20:19:28,0,0,0,0
2021-07-03 20:19:31,1,0,0,1
2021-07-03 20:19:32,1,0,0,1
2021-07-03 20:19:37,0,0,0,0
2021-07-03 20:19:38,0,0,0,0
2021-07-03 20:19:39,1306,66,610,1982
2021-07-03 20:19:42,1,0,0,1
2021-07-03 20:19:43,2,0,0,2
2021-07-03 20:19:45,194,3,24,221
2021-07-03 20:19:48,0,0,0,0
2021-07-03 20:19:49,4,0,0,4
2021-07-03 20:19:50,2,0,0,2
2021-07-03 20:19:52,0,0,0,0
2021-07-03 20:19:53,5,0,0,5
2021-07-03 20:19:55,0,0,0,0
2021-07-03 20:19:56,0,0,1,1
2021-07-03 20:19:57,0,0,0,0
2021-07-03 20:20:00,430,17,83,530
2021-07-03 20:20:06,32,2,0,34
2021-07-03 20:20:07,0,0,0,0
2021-07-03 20:20:08,4,0,0,4
2021-07-03 20:20:11,0,0,0,0
2021-07-03 20:20:14,1,0,0,1
2021-07-03 20:20:18,1,0,0,1
2021-07-03 20:20:20,0,0,0,0
2021-07-03 20:20:21,2,2,0,4
2021-07-03 20:20:23,38,0,8,46
2021-07-03 20:20:24,0,0,0,0
2021-07-03 20:20:26,15,0,4,19
2021-07-03 20:20:28,1,0,0,1
2021-07-03 20:20:32,0,0,0,0
2021-07-03 20:20:34,14,1,0,15
2021-07-03 20:20:37,4,1,0,5
2021-07-03 20:20:38,0,0,0,0
2021-07-03 20:20:40,2,0,0,2
2021-07-03 20:20:43,1,0,0,1
2021-07-03 20:20:46,1,0,0,1
2021-07-03 20:20:51,1,0,0,1
2021-07-03 20:20:58,1,0,0,1
2021-07-03 20:21:00,2,0,0,2
2021-07-03 20:21:01,1,0,0,1
2021-07-03 20:21:02,2,0,0,2
2021-07-03 20:21:03,0,0,0,0
2021-07-03 20:21:04,0,0,0,0
2021-07-03 20:21:06,0,0,0,0
2021-07-03 20:21:09,88,3,24,115
2021-07-03 20:21:10,0,0,0,0
2021-07-03 20:21:11,2,0,0,2
2021-07-03 20:21:14,0,0,0,0
2021-07-03 20:21:16,18,1,2,21
2021-07-03 20:21:17,7,0,0,7
2021-07-03 20:21:18,28,4,2,34
2021-07-03 20:21:19,0,0,0,0
2021-07-03 20:21:22,7,0,3,10
2021-07-03 20:21:27,982,33,135,1150
2021-07-03 20:21:32,1,0,0,1
2021-07-03 20:21:33,0,0,0,0
2021-07-03 20:21:36,1,0,0,1
2021-07-03 20:21:37,20,1,2,23
2021-07-03 20:21:38,1,0,1,2
2021-07-03 20:21:40,12,2,3,17
2021-07-03 20:21:41,0,0,0,0
2021-07-03 20:21:43,0,0,0,0
2021-07-03 20:21:44,0,0,0,0
2021-07-03 20:21:52,1,0,0,1
2021-07-03 20:21:53,0,0,0,0
2021-07-03 20:21:55,1,0,0,1
2021-07-03 20:21:56,1,0,0,1
2021-07-03 20:21:57,0,0,0,0
2021-07-03 20:21:58,0,0,0,0
2021-07-03 20:21:59,0,0,0,0
2021-07-03 20:22:00,1,0,0,1
2021-07-03 20:22:03,0,0,0,0
2021-07-03 20:22:04,0,0,0,0
2021-07-03 20:22:06,0,1,0,1
2021-07-03 20:22:08,1,0,0,1
2021-07-03 20:22:09,0,0,0,0
2021-07-03 20:22:11,10,0,0,10
2021-07-03 20:22:12,2,0,1,3
2021-07-03 20:22:13,0,0,0,0
2021-07-03 20:22:14,1,0,0,1
2021-07-03 20:22:15,0,0,0,0
2021-07-03 20:22:16,1,0,0,1
2021-07-03 20:22:17,2,0,0,2
2021-07-03 20:22:18,0,0,0,0
2021-07-03 20:22:20,0,0,0,0
2021-07-03 20:22:24,80,2,20,102
2021-07-03 20:22:26,0,0,0,0
2021-07-03 20:22:28,2,0,0,2
2021-07-03 20:22:29,0,0,0,0
2021-07-03 20:22:30,0,0,0,0
2021-07-03 20:22:31,0,0,0,0
2021-07-03 20:22:32,0,0,0,0
2021-07-03 20:22:33,66,2,13,81
2021-07-03 20:22:34,11,0,3,14
2021-07-03 20:22:36,1,0,0,1
2021-07-03 20:22:37,0,0,0,0
2021-07-03 20:22:38,0,0,0,0
2021-07-03 20:22:40,0,0,0,0
2021-07-03 20:22:41,6,1,0,7
2021-07-03 20:22:42,113,3,9,125
2021-07-03 20:22:44,5,0,2,7
2021-07-03 20:22:45,2,0,0,2
2021-07-03 20:22:49,0,0,0,0
2021-07-03 20:22:52,0,0,0,0
2021-07-03 20:22:53,6,1,2,9
2021-07-03 20:22:54,0,0,0,0
2021-07-03 20:22:55,2,0,0,2
2021-07-03 20:23:04,13,2,4,19
2021-07-03 20:23:05,1,0,0,1
2021-07-03 20:23:07,3,1,2,6
2021-07-03 20:23:10,0,0,0,0
2021-07-03 20:23:11,0,0,0,0
2021-07-03 20:23:12,6,0,1,7
2021-07-03 20:23:14,1484,20,300,1804
2021-07-03 20:23:15,3,0,1,4
2021-07-03 20:23:19,7,0,1,8
2021-07-03 20:23:24,0,0,0,0
2021-07-03 20:23:26,0,0,0,0
2021-07-03 20:23:29,1,0,0,1
2021-07-03 20:23:33,0,0,3,3
2021-07-03 20:23:34,1,0,1,2
2021-07-03 20:23:35,2,0,1,3
2021-07-03 20:23:39,0,0,1,1
2021-07-03 20:23:41,2,0,1,3
2021-07-03 20:23:42,2,0,1,3
2021-07-03 20:23:43,0,0,1,1
2021-07-03 20:23:44,583,8,38,629
2021-07-03 20:23:45,1,1,1,3
2021-07-03 20:23:49,5,0,1,6
2021-07-03 20:23:52,1,0,2,3
2021-07-03 20:23:53,3,0,1,4
2021-07-03 20:23:54,2,0,4,6
2021-07-03 20:23:56,1,0,2,3
2021-07-03 20:23:57,0,1,1,2
2021-07-03 20:23:58,0,0,2,2
2021-07-03 20:23:59,0,0,1,1
2021-07-03 20:24:00,1236,14,199,1449
2021-07-03 20:24:03,1,0,1,2
2021-07-03 20:24:04,1,0,1,2
2021-07-03 20:24:09,399,6,100,505
2021-07-03 20:24:11,4,0,2,6
2021-07-03 20:24:12,0,0,2,2
2021-07-03 20:24:13,0,0,1,1
2021-07-03 20:24:15,2,0,2,4
2021-07-03 20:24:18,0,0,0,0
2021-07-03 20:24:19,1,0,2,3
2021-07-03 20:24:20,3,0,3,6
2021-07-03 20:24:21,0,0,1,1
2021-07-03 20:24:22,65,1,14,80
2021-07-03 20:24:27,0,0,1,1
2021-07-03 20:24:28,1,0,1,2
2021-07-03 20:24:29,34,0,7,41
2021-07-03 20:24:30,0,0,1,1
2021-07-03 20:24:31,53,4,13,70
2021-07-03 20:24:33,1,0,2,3
2021-07-03 20:24:36,10,0,2,12
2021-07-03 20:24:37,0,0,1,1
2021-07-03 20:24:39,5,0,6,11
2021-07-03 20:24:40,1,0,3,4
2021-07-03 20:24:41,0,0,1,1
2021-07-03 20:24:42,0,0,1,1
2021-07-03 20:24:45,9,0,1,10
2021-07-03 20:24:46,0,0,0,0
2021-07-03 20:24:47,7,0,0,7
2021-07-03 20:24:48,0,0,1,1
2021-07-03 20:24:49,1,0,4,5
2021-07-03 20:24:51,0,0,1,1
2021-07-03 20:24:54,1,0,1,2
2021-07-03 20:24:58,3,0,1,4
2021-07-03 20:25:02,1,0,0,1
2021-07-03 20:25:03,47,0,4,51
2021-07-03 20:25:04,0,0,0,0
2021-07-03 20:25:05,0,0,0,0
2021-07-03 20:25:06,4,0,1,5
2021-07-03 20:25:07,1,0,1,2
2021-07-03 20:25:09,1,0,0,1
2021-07-03 20:25:10,3,1,1,5
2021-07-03 20:25:11,0,0,0,0
2021-07-03 20:25:14,6,0,1,7
2021-07-03 20:25:15,0,0,0,0
2021-07-03 20:25:16,0,0,0,0
2021-07-03 20:25:17,63,2,6,71
2021-07-03 20:25:18,0,0,0,0
2021-07-03 20:25:21,79,10,14,103
2021-07-03 20:25:23,0,0,0,0
2021-07-03 20:25:24,0,0,0,0
2021-07-03 20:25:25,1,0,0,1
2021-07-03 20:25:26,3,0,0,3
2021-07-03 20:25:28,29,1,10,40
2021-07-03 20:25:29,0,0,0,0
2021-07-03 20:25:34,20,1,3,24
2021-07-03 20:25:35,1,0,0,1
2021-07-03 20:25:36,0,0,0,0
2021-07-03 20:25:37,1,0,0,1
2021-07-03 20:25:38,1,0,0,1
2021-07-03 20:25:39,4,0,1,5
2021-07-03 20:25:41,5,0,0,5
2021-07-03 20:25:42,0,0,0,0
2021-07-03 20:25:45,33,2,7,42
2021-07-03 20:25:46,3,0,0,3
2021-07-03 20:25:47,203,5,46,254
2021-07-03 20:25:48,1,1,0,2
2021-07-03 20:25:49,2,0,0,2
2021-07-03 20:25:50,1,0,0,1
2021-07-03 20:25:51,1,0,0,1
2021-07-03 20:25:52,7,0,1,8
2021-07-03 20:25:54,0,0,0,0
2021-07-03 20:25:55,0,0,0,0
2021-07-03 20:25:56,1,0,0,1
2021-07-03 20:25:57,0,0,0,0
2021-07-03 20:26:00,1,0,0,1
2021-07-03 20:26:01,0,0,0,0
2021-07-03 20:26:02,9,0,1,10
2021-07-03 20:26:03,13,0,4,17
2021-07-03 20:26:06,0,0,0,0
2021-07-03 20:26:07,1,0,0,1
2021-07-03 20:26:08,0,0,0,0
2021-07-03 20:26:09,0,1,0,1
2021-07-03 20:26:12,1,0,0,1
2021-07-03 20:26:13,437,7,72,516
2021-07-03 20:26:14,1,0,1,2
2021-07-03 20:26:15,0,0,0,0
2021-07-03 20:26:16,283,3,49,335
2021-07-03 20:26:21,4,0,0,4
2021-07-03 20:26:23,1,0,0,1
2021-07-03 20:26:25,1,0,0,1
2021-07-03 20:26:26,24,1,3,28
2021-07-03 20:26:28,0,0,0,0
2021-07-03 20:26:31,0,0,0,0
2021-07-03 20:26:32,12,0,0,12
2021-07-03 20:26:35,7,0,2,9
2021-07-03 20:26:36,33,0,19,52
2021-07-03 20:26:37,1,0,0,1
2021-07-03 20:26:41,2,0,1,3
2021-07-03 20:26:42,19,2,1,22
2021-07-03 20:26:45,5,0,0,5
2021-07-03 20:26:46,2,0,1,3
2021-07-03 20:26:49,1,0,0,1
2021-07-03 20:26:50,2,0,0,2
2021-07-03 20:26:52,0,0,0,0
2021-07-03 20:26:53,1,0,0,1
2021-07-03 20:26:57,243,6,50,299
2021-07-03 20:26:59,0,2,0,2
2021-07-03 20:27:00,2,0,0,2
2021-07-03 20:27:02,46,4,17,67
2021-07-03 20:27:04,0,0,0,0
2021-07-03 20:27:07,7,2,0,9
2021-07-03 20:27:09,1,0,0,1
2021-07-03 20:27:10,0,0,0,0
2021-07-03 20:27:14,5,0,0,5
2021-07-03 20:27:16,3,0,1,4
2021-07-03 20:27:17,0,0,0,0
2021-07-03 20:27:18,0,1,0,1
2021-07-03 20:27:19,0,0,0,0
2021-07-03 20:27:20,3,2,0,5
2021-07-03 20:27:23,2,0,0,2
2021-07-03 20:27:31,3,0,1,4
2021-07-03 20:27:32,3,0,0,3
2021-07-03 20:27:34,0,0,0,0
2021-07-03 20:27:35,0,0,0,0
2021-07-03 20:27:36,13,0,1,14
2021-07-03 20:27:40,2,0,0,2
2021-07-03 20:27:41,1,0,0,1
2021-07-03 20:27:43,0,1,0,1
2021-07-03 20:27:45,541,23,145,709
2021-07-03 20:27:47,169,7,42,218
2021-07-03 20:27:48,151,7,42,200
2021-07-03 20:27:52,31,0,15,46
2021-07-03 20:27:53,27,1,1,29
2021-07-03 20:27:54,1,0,0,1
2021-07-03 20:27:55,2,0,0,2
2021-07-03 20:28:00,7,0,0,7
2021-07-03 20:28:01,27,1,2,30
2021-07-03 20:28:02,0,0,0,0
2021-07-03 20:28:04,5,1,0,6
2021-07-03 20:28:06,0,0,0,0
2021-07-03 20:28:10,13,0,0,13
2021-07-03 20:28:11,1,0,0,1
2021-07-03 20:28:15,0,0,0,0
2021-07-03 20:28:17,30,2,0,32
2021-07-03 20:28:18,10,0,1,11
2021-07-03 20:28:19,0,0,0,0
2021-07-03 20:28:23,1,0,0,1
2021-07-03 20:28:24,1,0,0,1
2021-07-03 20:28:25,2,2,0,4
2021-07-03 20:28:27,2,0,1,3
2021-07-03 20:28:28,0,0,0,0
2021-07-03 20:28:29,20,0,6,26
2021-07-03 20:28:31,1,0,0,1
2021-07-03 20:28:33,1,0,0,1
2021-07-03 20:28:35,3,0,0,3
2021-07-03 20:28:37,1,0,1,2
2021-07-03 20:28:39,10,0,0,10
2021-07-03 20:28:40,0,0,0,0
2021-07-03 20:28:41,2,0,0,2
2021-07-03 20:28:42,1,0,0,1
2021-07-03 20:28:47,0,0,0,0
2021-07-03 20:28:48,19,2,0,21
2021-07-03 20:28:49,2,0,0,2
2021-07-03 20:28:51,0,0,0,0
2021-07-03 20:28:53,2,1,0,3
2021-07-03 20:28:54,0,0,0,0
2021-07-03 20:28:55,5,1,0,6
2021-07-03 20:28:57,0,0,0,0
2021-07-03 20:28:58,2,0,0,2
2021-07-03 20:28:59,4,1,0,5
2021-07-03 20:29:03,0,0,0,0
2021-07-03 20:29:05,0,0,0,0
2021-07-03 20:29:10,22,0,2,24
2021-07-03 20:29:12,16,0,1,17
2021-07-03 20:29:14,1,0,0,1
2021-07-03 20:29:15,0,1,3,4
2021-07-03 20:29:17,0,0,0,0
2021-07-03 20:29:20,0,0,0,0
2021-07-03 20:29:22,0,0,0,0
2021-07-03 20:29:25,2,1,0,3
2021-07-03 20:29:28,0,0,0,0
2021-07-03 20:29:29,0,0,0,0
2021-07-03 20:29:30,3,0,0,3
2021-07-03 20:29:31,2,1,2,5
2021-07-03 20:29:32,0,0,0,0
2021-07-03 20:29:38,2,1,0,3
2021-07-03 20:29:42,1,1,0,2
2021-07-03 20:29:43,0,0,0,0
2021-07-03 20:29:44,0,0,0,0
2021-07-03 20:29:46,1,0,1,2
2021-07-03 20:29:47,0,0,0,0
2021-07-03 20:29:51,5,1,2,8
2021-07-03 20:29:53,0,0,0,0
2021-07-03 20:29:56,0,0,0,0
2021-07-03 20:29:59,6,0,2,8
2021-07-03 20:30:00,7737,128,520,8385
2021-07-03 20:30:01,0,0,0,0
2021-07-03 20:30:04,0,0,0,0
2021-07-03 20:30:05,0,0,0,0
2021-07-03 20:30:06,1,0,0,1
2021-07-03 20:30:07,5,0,0,5
2021-07-03 20:30:08,2,0,0,2
2021-07-03 20:30:09,0,0,0,0
2021-07-03 20:30:10,0,0,0,0
2021-07-03 20:30:11,5,0,0,5
2021-07-03 20:30:14,2,1,0,3
2021-07-03 20:30:15,2,0,0,2
2021-07-03 20:30:16,0,0,0,0
2021-07-03 20:30:17,0,0,0,0
2021-07-03 20:30:21,0,0,0,0
2021-07-03 20:30:23,5,0,3,8
2021-07-03 20:30:26,0,0,0,0
2021-07-03 20:30:27,0,0,0,0
2021-07-03 20:30:30,0,0,0,0
2021-07-03 20:30:33,0,0,0,0
2021-07-03 20:30:34,0,0,1,1
2021-07-03 20:30:38,0,0,0,0
2021-07-03 20:30:42,14,0,4,18
2021-07-03 20:30:44,0,0,0,0
2021-07-03 20:30:45,1,0,0,1
2021-07-03 20:30:46,1,0,0,1
2021-07-03 20:30:47,4,0,0,4
2021-07-03 20:30:48,0,0,0,0
2021-07-03 20:30:53,0,0,0,0
2021-07-03 20:30:54,1,0,1,2
2021-07-03 20:30:55,0,0,1,1
2021-07-03 20:30:56,0,0,0,0
2021-07-03 20:30:59,0,0,0,0
2021-07-03 20:31:00,2,0,0,2
2021-07-03 20:31:01,522,11,92,625
2021-07-03 20:31:02,15,2,5,22
2021-07-03 20:31:03,6,0,2,8
2021-07-03 20:31:05,0,1,0,1
2021-07-03 20:31:06,2,0,0,2
2021-07-03 20:31:08,0,0,0,0
2021-07-03 20:31:10,237,10,75,322
2021-07-03 20:31:12,0,0,0,0
2021-07-03 20:31:14,0,0,0,0
2021-07-03 20:31:15,0,0,0,0
2021-07-03 20:31:16,1158,34,100,1292
2021-07-03 20:31:17,1,0,0,1
2021-07-03 20:31:21,0,0,0,0
2021-07-03 20:31:22,0,0,0,0
2021-07-03 20:31:26,0,0,0,0
2021-07-03 20:31:27,0,0,0,0
2021-07-03 20:31:30,1,0,0,1
2021-07-03 20:31:32,0,0,0,0
2021-07-03 20:31:34,1151,8,173,1332
2021-07-03 20:31:35,0,0,0,0
2021-07-03 20:31:37,0,0,0,0
2021-07-03 20:31:41,2,0,0,2
2021-07-03 20:31:42,0,0,0,0
2021-07-03 20:31:44,705,12,33,750
2021-07-03 20:31:47,92,7,26,125
2021-07-03 20:31:50,32,0,9,41
2021-07-03 20:31:56,1,1,0,2
2021-07-03 20:31:57,1,0,0,1
2021-07-03 20:32:00,22,2,1,25
2021-07-03 20:32:02,1,0,0,1
2021-07-03 20:32:04,4,0,1,5
2021-07-03 20:32:06,2,0,0,2
2021-07-03 20:32:09,3,0,0,3
2021-07-03 20:32:12,2,0,0,2
2021-07-03 20:32:14,1,0,0,1
2021-07-03 20:32:15,1,0,0,1
2021-07-03 20:32:16,2,0,0,2
2021-07-03 20:32:18,9,0,0,9
2021-07-03 20:32:20,0,0,0,0
2021-07-03 20:32:21,7,0,1,8
2021-07-03 20:32:22,4,0,0,4
2021-07-03 20:32:25,0,0,0,0
2021-07-03 20:32:27,1,0,0,1
2021-07-03 20:32:28,8,1,2,11
2021-07-03 20:32:29,1,0,1,2
2021-07-03 20:32:31,1,1,0,2
2021-07-03 20:32:32,4,0,2,6
2021-07-03 20:32:34,3,0,0,3
2021-07-03 20:32:35,4,0,2,6
2021-07-03 20:32:36,0,0,0,0
2021-07-03 20:32:42,0,0,0,0
2021-07-03 20:32:43,0,0,0,0
2021-07-03 20:32:49,0,0,0,0
2021-07-03 20:32:50,0,0,0,0
2021-07-03 20:32:54,0,0,0,0
2021-07-03 20:32:56,28,2,2,32
2021-07-03 20:32:57,18,2,0,20
2021-07-03 20:32:59,0,0,0,0
2021-07-03 20:33:04,11,0,2,13
2021-07-03 20:33:06,1,0,0,1
2021-07-03 20:33:07,0,0,0,0
2021-07-03 20:33:10,1,0,0,1
2021-07-03 20:33:12,1,0,0,1
2021-07-03 20:33:14,0,0,0,0
2021-07-03 20:33:15,0,0,0,0
2021-07-03 20:33:17,0,0,0,0
2021-07-03 20:33:18,3,0,1,4
2021-07-03 20:33:21,0,2,0,2
2021-07-03 20:33:22,0,0,0,0
2021-07-03 20:33:23,1,0,0,1
2021-07-03 20:33:25,1,1,0,2
2021-07-03 20:33:27,1,0,0,1
2021-07-03 20:33:28,13,0,0,13
2021-07-03 20:33:30,1,2,0,3
2021-07-03 20:33:32,1,0,1,2
2021-07-03 20:33:33,0,0,0,0
2021-07-03 20:33:36,0,0,0,0
2021-07-03 20:33:38,2,0,0,2
2021-07-03 20:33:44,1,0,0,1
2021-07-03 20:33:47,0,0,0,0
2021-07-03 20:33:48,0,0,0,0
2021-07-03 20:33:51,16,0,2,18
2021-07-03 20:33:53,1,0,0,1
2021-07-03 20:33:54,0,1,0,1
2021-07-03 20:33:55,2,0,0,2
2021-07-03 20:33:56,1,0,0,1
2021-07-03 20:33:59,1,1,0,2
2021-07-03 20:34:02,0,0,0,0
2021-07-03 20:34:03,1,0,0,1
2021-07-03 20:34:04,1,0,0,1
2021-07-03 20:34:05,2,0,1,3
2021-07-03 20:34:07,0,0,0,0
2021-07-03 20:34:09,0,0,0,0
2021-07-03 20:34:14,0,0,0,0
2021-07-03 20:34:15,0,0,0,0
2021-07-03 20:34:16,1,0,0,1
2021-07-03 20:34:18,0,0,0,0
2021-07-03 20:34:19,3,0,0,3
2021-07-03 20:34:20,512,56,58,626
2021-07-03 20:34:22,1,0,0,1
2021-07-03 20:34:24,4,1,0,5
2021-07-03 20:34:25,0,0,0,0
2021-07-03 20:34:27,1,0,0,1
2021-07-03 20:34:29,45,3,4,52
2021-07-03 20:34:30,0,0,0,0
2021-07-03 20:34:34,11,0,0,11
2021-07-03 20:34:35,0,0,0,0
2021-07-03 20:34:36,1,0,0,1
2021-07-03 20:34:40,0,1,0,1
2021-07-03 20:34:41,0,0,0,0
2021-07-03 20:34:43,0,0,0,0
2021-07-03 20:34:44,1,0,0,1
2021-07-03 20:34:47,53,3,7,63
2021-07-03 20:34:48,5,0,1,6
2021-07-03 20:34:50,0,0,0,0
2021-07-03 20:34:51,0,0,0,0
2021-07-03 20:34:52,0,0,0,0
2021-07-03 20:34:53,1,1,1,3
2021-07-03 20:34:54,0,0,0,0
2021-07-03 20:34:55,3,1,1,5
2021-07-03 20:34:57,1,0,0,1
2021-07-03 20:34:58,0,0,0,0
2021-07-03 20:35:00,0,0,0,0
2021-07-03 20:35:03,2,0,0,2
2021-07-03 20:35:04,0,0,0,0
2021-07-03 20:35:07,4,0,0,4
2021-07-03 20:35:08,0,0,0,0
2021-07-03 20:35:10,1,0,0,1
2021-07-03 20:35:12,0,0,0,0
2021-07-03 20:35:14,6,0,2,8
2021-07-03 20:35:15,0,0,0,0
2021-07-03 20:35:17,0,0,0,0
2021-07-03 20:35:18,0,0,0,0
2021-07-03 20:35:19,1,0,0,1
2021-07-03 20:35:20,7,0,0,7
2021-07-03 20:35:21,6,0,0,6
2021-07-03 20:35:22,19,0,0,19
2021-07-03 20:35:25,0,0,0,0
2021-07-03 20:35:28,1,0,0,1
2021-07-03 20:35:29,19,1,1,21
2021-07-03 20:35:30,43,4,6,53
2021-07-03 20:35:31,0,0,0,0
2021-07-03 20:35:32,0,0,0,0
2021-07-03 20:35:33,327,10,55,392
2021-07-03 20:35:35,1,0,0,1
2021-07-03 20:35:38,0,0,0,0
2021-07-03 20:35:39,9,0,0,9
2021-07-03 20:35:40,1,0,1,2
2021-07-03 20:35:41,0,0,0,0
2021-07-03 20:35:43,2,0,0,2
2021-07-03 20:35:44,4,0,0,4
2021-07-03 20:35:47,0,0,0,0
2021-07-03 20:35:48,1,0,0,1
2021-07-03 20:35:50,0,0,0,0
2021-07-03 20:35:51,48,0,7,55
2021-07-03 20:35:55,1,0,0,1
2021-07-03 20:36:00,142,16,32,190
2021-07-03 20:36:02,0,0,0,0
2021-07-03 20:36:03,37,7,8,52
2021-07-03 20:36:06,0,0,0,0
2021-07-03 20:36:10,1,1,0,2
2021-07-03 20:36:18,1,1,0,2
2021-07-03 20:36:19,0,0,0,0
2021-07-03 20:36:21,2,1,0,3
2021-07-03 20:36:23,3,1,0,4
2021-07-03 20:36:24,0,0,0,0
2021-07-03 20:36:26,3,0,1,4
2021-07-03 20:36:28,1,0,1,2
2021-07-03 20:36:29,1,1,0,2
2021-07-03 20:36:31,2,1,0,3
2021-07-03 20:36:32,11,1,0,12
2021-07-03 20:36:34,2,0,0,2
2021-07-03 20:36:37,0,0,0,0
2021-07-03 20:36:44,1,0,0,1
2021-07-03 20:36:46,0,0,0,0
2021-07-03 20:36:47,0,0,0,0
2021-07-03 20:36:52,0,0,0,0
2021-07-03 20:36:53,2,0,0,2
2021-07-03 20:36:57,1,0,0,1
2021-07-03 20:37:00,3,0,0,3
2021-07-03 20:37:01,2,0,1,3
2021-07-03 20:37:02,28,0,4,32
2021-07-03 20:37:03,2,0,0,2
2021-07-03 20:37:05,15,0,1,16
2021-07-03 20:37:06,0,0,0,0
2021-07-03 20:37:12,3,0,0,3
2021-07-03 20:37:13,1,0,2,3
2021-07-03 20:37:14,8,0,3,11
2021-07-03 20:37:15,0,0,0,0
2021-07-03 20:37:17,0,0,1,1
2021-07-03 20:37:18,63,1,5,69
2021-07-03 20:37:19,794,14,56,864
2021-07-03 20:37:23,0,0,0,0
2021-07-03 20:37:26,0,0,0,0
2021-07-03 20:37:27,0,0,0,0
2021-07-03 20:37:28,2,0,0,2
2021-07-03 20:37:31,11,0,4,15
2021-07-03 20:37:32,5,0,0,5
2021-07-03 20:37:34,151,2,21,174
2021-07-03 20:37:35,7,0,0,7
2021-07-03 20:37:36,0,0,0,0
2021-07-03 20:37:38,1,0,0,1
2021-07-03 20:37:42,0,0,0,0
2021-07-03 20:37:43,2,0,0,2
2021-07-03 20:37:45,1,0,0,1
2021-07-03 20:37:47,0,0,0,0
2021-07-03 20:37:48,9,6,1,16
2021-07-03 20:37:49,1,0,0,1
2021-07-03 20:37:50,9,0,2,11
2021-07-03 20:37:55,2,0,0,2
2021-07-03 20:37:56,390,12,28,430
2021-07-03 20:37:57,1,0,0,1
2021-07-03 20:37:58,99,9,13,121
2021-07-03 20:38:01,22,2,3,27
2021-07-03 20:38:03,1,0,0,1
2021-07-03 20:38:04,5,0,0,5
2021-07-03 20:38:06,2,0,0,2
2021-07-03 20:38:08,2,0,0,2
2021-07-03 20:38:11,1,1,0,2
2021-07-03 20:38:12,2,0,0,2
2021-07-03 20:38:14,1,0,0,1
2021-07-03 20:38:16,1,0,0,1
2021-07-03 20:38:18,1,0,0,1
2021-07-03 20:38:21,1,0,0,1
2021-07-03 20:38:23,12,1,0,13
2021-07-03 20:38:25,8,0,1,9
2021-07-03 20:38:27,5,2,1,8
2021-07-03 20:38:28,1,0,0,1
2021-07-03 20:38:30,63,3,15,81
2021-07-03 20:38:31,156,6,15,177
2021-07-03 20:38:33,0,0,0,0
2021-07-03 20:38:35,0,0,0,0
2021-07-03 20:38:36,2,1,0,3
2021-07-03 20:38:38,4,1,1,6
2021-07-03 20:38:39,0,0,0,0
2021-07-03 20:38:40,0,0,0,0
2021-07-03 20:38:41,1,0,0,1
2021-07-03 20:38:43,1,0,0,1
2021-07-03 20:38:48,9,0,1,10
2021-07-03 20:38:49,20,0,2,22
2021-07-03 20:38:50,0,0,0,0
2021-07-03 20:38:51,0,0,0,0
2021-07-03 20:38:52,0,0,0,0
2021-07-03 20:38:53,1,0,0,1
2021-07-03 20:38:55,1,0,1,2
2021-07-03 20:38:56,0,0,0,0
2021-07-03 20:39:03,0,0,0,0
2021-07-03 20:39:06,0,0,0,0
2021-07-03 20:39:07,1,0,0,1
2021-07-03 20:39:10,22,2,4,28
2021-07-03 20:39:11,26,2,0,28
2021-07-03 20:39:14,12,0,2,14
2021-07-03 20:39:15,2,0,1,3
2021-07-03 20:39:16,1,0,0,1
2021-07-03 20:39:17,42,4,4,50
2021-07-03 20:39:18,44,0,11,55
2021-07-03 20:39:19,0,0,0,0
2021-07-03 20:39:20,1,0,0,1
2021-07-03 20:39:22,4,0,0,4
2021-07-03 20:39:25,18,2,1,21
2021-07-03 20:39:26,0,0,0,0
2021-07-03 20:39:28,1,0,0,1
2021-07-03 20:39:29,9,1,0,10
2021-07-03 20:39:30,0,0,0,0
2021-07-03 20:39:32,237,5,33,275
2021-07-03 20:39:34,0,0,0,0
2021-07-03 20:39:38,78,4,12,94
2021-07-03 20:39:39,0,0,0,0
2021-07-03 20:39:42,0,0,0,0
2021-07-03 20:39:44,0,0,0,0
2021-07-03 20:39:45,3,2,0,5
2021-07-03 20:39:48,0,0,0,0
2021-07-03 20:39:49,0,0,0,0
2021-07-03 20:39:53,86,7,7,100
2021-07-03 20:39:54,0,0,0,0
2021-07-03 20:39:55,1,0,0,1
2021-07-03 20:39:56,0,0,0,0
2021-07-03 20:39:58,0,0,0,0
2021-07-03 20:39:59,0,0,0,0
2021-07-03 20:40:00,360,6,65,431
2021-07-03 20:40:01,0,0,0,0
2021-07-03 20:40:02,2,1,0,3
2021-07-03 20:40:04,0,0,0,0
2021-07-03 20:40:06,0,0,0,0
2021-07-03 20:40:08,0,0,0,0
2021-07-03 20:40:09,2,1,2,5
2021-07-03 20:40:10,0,0,0,0
2021-07-03 20:40:17,0,0,0,0
2021-07-03 20:40:18,4,0,0,4
2021-07-03 20:40:19,2,0,0,2
2021-07-03 20:40:20,0,0,0,0
2021-07-03 20:40:23,0,0,0,0
2021-07-03 20:40:25,9,0,4,13
2021-07-03 20:40:26,1,0,0,1
2021-07-03 20:40:29,6,1,4,11
2021-07-03 20:40:32,6,0,0,6
2021-07-03 20:40:33,7,0,1,8
2021-07-03 20:40:34,1,2,0,3
2021-07-03 20:40:35,2,1,0,3
2021-07-03 20:40:36,0,0,0,0
2021-07-03 20:40:38,103,3,8,114
2021-07-03 20:40:41,0,0,0,0
2021-07-03 20:40:43,168,4,62,234
2021-07-03 20:40:44,0,4,0,4
2021-07-03 20:40:45,2,2,1,5
2021-07-03 20:40:46,0,0,0,0
2021-07-03 20:40:47,0,0,0,0
2021-07-03 20:40:53,4,0,3,7
2021-07-03 20:40:54,0,0,0,0
2021-07-03 20:40:57,8,1,4,13
2021-07-03 20:40:58,2,2,0,4
2021-07-03 20:40:59,6,1,2,9
2021-07-03 20:41:00,0,0,0,0
2021-07-03 20:41:01,0,1,0,1
2021-07-03 20:41:05,1,1,0,2
2021-07-03 20:41:07,0,0,0,0
2021-07-03 20:41:08,2,1,0,3
2021-07-03 20:41:09,0,0,0,0
2021-07-03 20:41:10,307,24,68,399
2021-07-03 20:41:11,0,0,0,0
2021-07-03 20:41:12,116,21,17,154
2021-07-03 20:41:14,22,2,6,30
2021-07-03 20:41:16,19,2,2,23
2021-07-03 20:41:19,1,0,0,1
2021-07-03 20:41:20,0,1,0,1
2021-07-03 20:41:21,0,0,0,0
2021-07-03 20:41:23,1,2,0,3
2021-07-03 20:41:32,0,0,0,0
2021-07-03 20:41:33,0,0,0,0
2021-07-03 20:41:34,0,1,0,1
2021-07-03 20:41:36,0,1,0,1
2021-07-03 20:41:38,6,2,0,8
2021-07-03 20:41:39,0,1,0,1
2021-07-03 20:41:41,321,15,100,436
2021-07-03 20:41:43,0,1,0,1
2021-07-03 20:41:45,0,1,0,1
2021-07-03 20:41:46,7,1,1,9
2021-07-03 20:41:48,1,0,0,1
2021-07-03 20:41:49,1,0,0,1
2021-07-03 20:41:52,2,0,0,2
2021-07-03 20:41:53,0,1,0,1
2021-07-03 20:41:54,0,0,0,0
2021-07-03 20:41:55,4,1,0,5
2021-07-03 20:41:56,2,1,0,3
2021-07-03 20:41:57,0,2,0,2
2021-07-03 20:41:58,0,1,0,1
2021-07-03 20:42:00,4,1,1,6
2021-07-03 20:42:04,108,4,19,131
2021-07-03 20:42:06,0,0,0,0
2021-07-03 20:42:08,0,0,0,0
2021-07-03 20:42:09,0,2,0,2
2021-07-03 20:42:11,0,1,0,1
2021-07-03 20:42:12,0,0,0,0
2021-07-03 20:42:13,2,4,0,6
2021-07-03 20:42:16,0,0,0,0
2021-07-03 20:42:18,0,1,0,1
2021-07-03 20:42:19,0,1,0,1
2021-07-03 20:42:21,2,0,1,3
2021-07-03 20:42:22,0,0,0,0
2021-07-03 20:42:25,0,0,0,0
2021-07-03 20:42:28,0,0,0,0
2021-07-03 20:42:29,32,1,6,39
2021-07-03 20:42:32,0,0,0,0
2021-07-03 20:42:33,100,3,20,123
2021-07-03 20:42:34,6,1,0,7
2021-07-03 20:42:35,0,0,0,0
2021-07-03 20:42:36,0,1,0,1
2021-07-03 20:42:38,44,1,4,49
2021-07-03 20:42:42,4,1,3,8
2021-07-03 20:42:43,0,0,0,0
2021-07-03 20:42:44,0,0,0,0
2021-07-03 20:42:45,4,1,1,6
2021-07-03 20:42:46,2,1,2,5
2021-07-03 20:42:49,93,3,22,118
2021-07-03 20:42:56,4,0,0,4
2021-07-03 20:42:58,2,0,0,2
2021-07-03 20:43:02,5,0,1,6
2021-07-03 20:43:05,1,0,0,1
2021-07-03 20:43:08,204,5,39,248
2021-07-03 20:43:12,0,0,0,0
2021-07-03 20:43:13,328,4,56,388
2021-07-03 20:43:15,0,0,0,0
2021-07-03 20:43:18,200,4,41,245
2021-07-03 20:43:20,1,0,0,1
2021-07-03 20:43:22,1,0,0,1
2021-07-03 20:43:23,1,0,0,1
2021-07-03 20:43:25,9,0,0,9
2021-07-03 20:43:27,1,1,0,2
2021-07-03 20:43:28,35,3,7,45
2021-07-03 20:43:31,0,0,0,0
2021-07-03 20:43:32,0,0,0,0
2021-07-03 20:43:35,0,0,0,0
2021-07-03 20:43:36,0,0,0,0
2021-07-03 20:43:37,0,1,0,1
2021-07-03 20:43:39,1,0,0,1
2021-07-03 20:43:40,32,0,3,35
2021-07-03 20:43:42,3,0,1,4
2021-07-03 20:43:45,0,0,0,0
2021-07-03 20:43:46,1,0,0,1
2021-07-03 20:43:47,24,0,2,26
2021-07-03 20:43:49,0,0,0,0
2021-07-03 20:43:50,1,0,0,1
2021-07-03 20:43:51,3,1,0,4
2021-07-03 20:43:52,0,0,0,0
2021-07-03 20:43:53,42,2,18,62
2021-07-03 20:43:54,16,4,1,21
2021-07-03 20:43:58,1,1,0,2
2021-07-03 20:43:59,0,0,0,0
2021-07-03 20:44:00,4,0,0,4
2021-07-03 20:44:04,0,0,0,0
2021-07-03 20:44:07,4,0,0,4
2021-07-03 20:44:10,8,1,4,13
2021-07-03 20:44:12,0,0,0,0
2021-07-03 20:44:13,1,0,0,1
2021-07-03 20:44:14,2,0,0,2
2021-07-03 20:44:15,1,0,0,1
2021-07-03 20:44:16,27,1,9,37
2021-07-03 20:44:17,4,0,0,4
2021-07-03 20:44:18,1,0,0,1
2021-07-03 20:44:19,1,0,0,1
2021-07-03 20:44:20,0,0,0,0
2021-07-03 20:44:22,6,1,1,8
2021-07-03 20:44:24,4,0,0,4
2021-07-03 20:44:25,4,1,1,6
2021-07-03 20:44:27,0,0,0,0
2021-07-03 20:44:28,0,0,0,0
2021-07-03 20:44:31,2,0,0,2
2021-07-03 20:44:32,63,2,8,73
2021-07-03 20:44:33,26,2,10,38
2021-07-03 20:44:36,1,0,0,1
2021-07-03 20:44:39,0,0,0,0
2021-07-03 20:44:41,1,1,0,2
2021-07-03 20:44:42,2,0,0,2
2021-07-03 20:44:43,2,0,0,2
2021-07-03 20:44:44,1,0,0,1
2021-07-03 20:44:48,2,0,0,2
2021-07-03 20:44:49,1,0,0,1
2021-07-03 20:44:50,12,0,2,14
2021-07-03 20:44:52,18,0,2,20
2021-07-03 20:44:53,2,0,0,2
2021-07-03 20:44:54,1,0,0,1
2021-07-03 20:44:59,1,0,0,1
2021-07-03 20:45:00,2951,733,604,4288
2021-07-03 20:45:01,2,0,0,2
2021-07-03 20:45:04,12,2,1,15
2021-07-03 20:45:07,0,0,0,0
2021-07-03 20:45:09,0,0,0,0
2021-07-03 20:45:10,2,0,0,2
2021-07-03 20:45:12,1,0,0,1
2021-07-03 20:45:13,11,1,1,13
2021-07-03 20:45:17,16,0,1,17
2021-07-03 20:45:19,6,0,2,8
2021-07-03 20:45:21,1,0,0,1
2021-07-03 20:45:24,1,0,0,1
2021-07-03 20:45:26,0,0,0,0
2021-07-03 20:45:30,9,1,1,11
2021-07-03 20:45:33,9,3,2,14
2021-07-03 20:45:35,3,0,3,6
2021-07-03 20:45:36,8,0,6,14
2021-07-03 20:45:38,1,0,0,1
2021-07-03 20:45:42,0,0,0,0
2021-07-03 20:45:45,3,0,0,3
2021-07-03 20:45:46,0,0,0,0
2021-07-03 20:45:47,1,0,0,1
2021-07-03 20:45:49,1,0,0,1
2021-07-03 20:45:51,0,0,0,0
2021-07-03 20:45:54,212,2,33,247
2021-07-03 20:45:56,4,2,0,6
2021-07-03 20:45:57,1,0,0,1
2021-07-03 20:46:00,542,16,168,726
2021-07-03 20:46:07,0,1,0,1
2021-07-03 20:46:11,0,0,0,0
2021-07-03 20:46:12,0,0,0,0
2021-07-03 20:46:13,19,0,0,19
2021-07-03 20:46:15,807,14,74,895
2021-07-03 20:46:18,0,0,0,0
2021-07-03 20:46:24,1,0,0,1
2021-07-03 20:46:26,0,0,1,1
2021-07-03 20:46:31,11,0,5,16
2021-07-03 20:46:40,17,0,5,22
2021-07-03 20:46:44,0,0,0,0
2021-07-03 20:46:45,0,0,0,0
2021-07-03 20:46:47,70,1,7,78
2021-07-03 20:46:49,0,0,0,0
2021-07-03 20:46:53,0,0,1,1
2021-07-03 20:46:54,2,0,0,2
2021-07-03 20:46:57,1,0,0,1
2021-07-03 20:47:02,2,0,2,4
2021-07-03 20:47:03,1,0,0,1
2021-07-03 20:47:04,24,0,12,36
2021-07-03 20:47:06,8,0,2,10
2021-07-03 20:47:07,24,0,4,28
2021-07-03 20:47:08,1,0,0,1
2021-07-03 20:47:09,2,0,0,2
2021-07-03 20:47:11,0,0,0,0
2021-07-03 20:47:12,0,0,0,0
2021-07-03 20:47:17,0,0,0,0
2021-07-03 20:47:19,1,0,0,1
2021-07-03 20:47:20,48,6,15,69
2021-07-03 20:47:21,0,0,0,0
2021-07-03 20:47:22,2,0,0,2
2021-07-03 20:47:26,2,1,0,3
2021-07-03 20:47:28,0,0,0,0
2021-07-03 20:47:33,0,0,0,0
2021-07-03 20:47:34,1,0,0,1
2021-07-03 20:47:35,0,0,0,0
2021-07-03 20:47:38,0,0,0,0
2021-07-03 20:47:42,1256,24,218,1498
2021-07-03 20:47:43,27,0,18,45
2021-07-03 20:47:45,0,0,0,0
2021-07-03 20:47:49,1,0,0,1
2021-07-03 20:47:52,18,1,1,20
2021-07-03 20:47:53,5,0,3,8
2021-07-03 20:47:59,1,0,0,1
2021-07-03 20:48:00,106,4,8,118
2021-07-03 20:48:04,154,9,36,199
2021-07-03 20:48:07,1,0,0,1
2021-07-03 20:48:10,1,0,0,1
2021-07-03 20:48:11,1,0,1,2
2021-07-03 20:48:15,0,0,0,0
2021-07-03 20:48:20,0,0,0,0
2021-07-03 20:48:21,0,0,0,0
2021-07-03 20:48:22,38,4,17,59
2021-07-03 20:48:24,26,1,7,34
2021-07-03 20:48:26,0,0,0,0
2021-07-03 20:48:28,18,0,4,22
2021-07-03 20:48:29,1,0,1,2
2021-07-03 20:48:31,3446,50,233,3729
2021-07-03 20:48:32,1,0,0,1
2021-07-03 20:48:33,3,0,0,3
2021-07-03 20:48:35,3,0,0,3
2021-07-03 20:48:36,0,0,0,0
2021-07-03 20:48:39,9,0,5,14
2021-07-03 20:48:41,5,0,0,5
2021-07-03 20:48:44,0,0,0,0
2021-07-03 20:48:46,19,3,1,23
2021-07-03 20:48:48,0,0,0,0
2021-07-03 20:48:51,45,0,5,50
2021-07-03 20:48:53,11,0,0,11
2021-07-03 20:48:54,1,0,0,1
2021-07-03 20:48:57,14,0,6,20
2021-07-03 20:49:04,1,0,0,1
2021-07-03 20:49:06,27,2,0,29
2021-07-03 20:49:09,0,0,0,0
2021-07-03 20:49:10,1,0,0,1
2021-07-03 20:49:13,0,0,0,0
2021-07-03 20:49:14,5,0,0,5
2021-07-03 20:49:16,0,0,0,0
2021-07-03 20:49:22,10,0,0,10
2021-07-03 20:49:23,0,0,0,0
2021-07-03 20:49:27,0,0,0,0
2021-07-03 20:49:28,0,0,0,0
2021-07-03 20:49:29,190,8,20,218
2021-07-03 20:49:30,18,0,2,20
2021-07-03 20:49:38,1,0,0,1
2021-07-03 20:49:40,0,0,0,0
2021-07-03 20:49:41,0,0,0,0
2021-07-03 20:49:45,1,0,0,1
2021-07-03 20:49:48,1,0,0,1
2021-07-03 20:49:50,0,0,0,0
2021-07-03 20:49:53,1,0,0,1
2021-07-03 20:49:55,1,0,0,1
2021-07-03 20:49:56,0,0,0,0
2021-07-03 20:49:57,0,0,0,0
2021-07-03 20:49:58,2,1,0,3
2021-07-03 20:49:59,0,0,0,0
2021-07-03 20:50:00,1016,46,185,1247
2021-07-03 20:50:06,2,0,1,3
2021-07-03 20:50:07,40,0,10,50
2021-07-03 20:50:09,1,0,1,2
2021-07-03 20:50:12,12,0,2,14
2021-07-03 20:50:16,1,0,0,1
2021-07-03 20:50:18,3,0,1,4
2021-07-03 20:50:21,0,0,0,0
2021-07-03 20:50:22,8,0,0,8
2021-07-03 20:50:24,0,0,0,0
2021-07-03 20:50:26,3,0,2,5
2021-07-03 20:50:27,4,0,1,5
2021-07-03 20:50:28,3,0,1,4
2021-07-03 20:50:29,0,0,0,0
2021-07-03 20:50:32,1,0,1,2
2021-07-03 20:50:34,1,0,1,2
2021-07-03 20:50:35,38,0,8,46
2021-07-03 20:50:39,14,1,8,23
2021-07-03 20:50:42,2,0,0,2
2021-07-03 20:50:47,3,1,2,6
2021-07-03 20:50:48,1,0,1,2
2021-07-03 20:50:50,12,0,1,13
2021-07-03 20:50:52,0,0,0,0
2021-07-03 20:50:53,18,0,1,19
2021-07-03 20:50:55,9,0,5,14
2021-07-03 20:50:58,0,0,0,0
2021-07-03 20:50:59,0,0,0,0
2021-07-03 20:51:01,4,0,1,5
2021-07-03 20:51:03,0,0,0,0
2021-07-03 20:51:08,13,0,2,15
2021-07-03 20:51:10,1,0,1,2
2021-07-03 20:51:13,0,0,0,0
2021-07-03 20:51:15,1,0,0,1
2021-07-03 20:51:16,0,0,0,0
2021-07-03 20:51:24,29,1,11,41
2021-07-03 20:51:25,67,2,14,83
2021-07-03 20:51:27,2,1,2,5
2021-07-03 20:51:28,0,0,0,0
2021-07-03 20:51:29,432,13,77,522
2021-07-03 20:51:34,9,0,0,9
2021-07-03 20:51:35,333,10,28,371
2021-07-03 20:51:36,1,0,0,1
2021-07-03 20:51:41,17,0,2,19
2021-07-03 20:51:47,13,0,1,14
2021-07-03 20:51:50,12,0,0,12
2021-07-03 20:51:51,6,0,3,9
2021-07-03 20:51:53,119,3,27,149
2021-07-03 20:51:54,3,0,1,4
2021-07-03 20:51:59,0,0,0,0
2021-07-03 20:52:01,0,0,0,0
2021-07-03 20:52:02,1,0,0,1
2021-07-03 20:52:03,0,0,0,0
2021-07-03 20:52:04,3,0,0,3
2021-07-03 20:52:05,5,2,0,7
2021-07-03 20:52:06,0,0,0,0
2021-07-03 20:52:07,1,0,0,1
2021-07-03 20:52:08,2,0,0,2
2021-07-03 20:52:10,1,0,0,1
2021-07-03 20:52:11,9,0,0,9
2021-07-03 20:52:14,1,0,1,2
2021-07-03 20:52:16,0,0,0,0
2021-07-03 20:52:20,0,0,0,0
2021-07-03 20:52:24,1,0,0,1
2021-07-03 20:52:26,0,0,0,0
2021-07-03 20:52:27,75,2,28,105
2021-07-03 20:52:29,2,0,0,2
2021-07-03 20:52:30,10,1,1,12
2021-07-03 20:52:32,0,0,0,0
2021-07-03 20:52:37,0,0,0,0
2021-07-03 20:52:38,0,0,0,0
2021-07-03 20:52:39,6,1,0,7
2021-07-03 20:52:40,34,0,18,52
2021-07-03 20:52:42,1,0,0,1
2021-07-03 20:52:43,0,0,0,0
2021-07-03 20:52:47,33,0,6,39
2021-07-03 20:52:48,1,0,0,1
2021-07-03 20:52:50,8,0,0,8
2021-07-03 20:52:53,34,0,6,40
2021-07-03 20:52:54,0,0,0,0
2021-07-03 20:53:01,229,0,49,278
2021-07-03 20:53:03,0,0,0,0
2021-07-03 20:53:04,1,0,0,1
2021-07-03 20:53:05,0,0,0,0
2021-07-03 20:53:06,18,0,0,18
2021-07-03 20:53:10,0,0,0,0
2021-07-03 20:53:11,0,0,0,0
2021-07-03 20:53:12,0,0,0,0
2021-07-03 20:53:14,10,0,0,10
2021-07-03 20:53:17,4,0,0,4
2021-07-03 20:53:22,0,0,0,0
2021-07-03 20:53:24,1,0,0,1
2021-07-03 20:53:25,5,0,1,6
2021-07-03 20:53:26,6,0,0,6
2021-07-03 20:53:27,64,7,19,90
2021-07-03 20:53:28,2,0,1,3
2021-07-03 20:53:31,26,0,1,27
2021-07-03 20:53:33,4,0,0,4
2021-07-03 20:53:34,4,0,0,4
2021-07-03 20:53:36,0,0,0,0
2021-07-03 20:53:38,1,0,0,1
2021-07-03 20:53:41,0,0,0,0
2021-07-03 20:53:43,35,1,0,36
2021-07-03 20:53:44,0,0,0,0
2021-07-03 20:53:45,1,0,0,1
2021-07-03 20:53:47,11,2,0,13
2021-07-03 20:53:49,1,0,0,1
2021-07-03 20:53:51,2,0,1,3
2021-07-03 20:53:54,2,0,0,2
2021-07-03 20:53:56,1,0,0,1
2021-07-03 20:53:57,1,0,0,1
2021-07-03 20:53:59,9,0,2,11
2021-07-03 20:54:02,1,0,0,1
2021-07-03 20:54:06,935,12,124,1071
2021-07-03 20:54:07,1,0,0,1
2021-07-03 20:54:08,0,0,0,0
2021-07-03 20:54:09,0,0,0,0
2021-07-03 20:54:12,0,0,0,0
2021-07-03 20:54:13,0,0,0,0
2021-07-03 20:54:14,16,0,12,28
2021-07-03 20:54:16,0,0,0,0
2021-07-03 20:54:17,0,0,0,0
2021-07-03 20:54:18,5,0,1,6
2021-07-03 20:54:23,6,0,0,6
2021-07-03 20:54:27,0,0,0,0
2021-07-03 20:54:29,3,0,1,4
2021-07-03 20:54:31,2,1,1,4
2021-07-03 20:54:32,31,0,6,37
2021-07-03 20:54:33,4,0,0,4
2021-07-03 20:54:38,3,0,0,3
2021-07-03 20:54:40,16,2,10,28
2021-07-03 20:54:43,2,0,0,2
2021-07-03 20:54:44,3,0,0,3
2021-07-03 20:54:45,1,0,0,1
2021-07-03 20:54:49,2,0,1,3
2021-07-03 20:54:50,0,0,0,0
2021-07-03 20:54:54,4,0,0,4
2021-07-03 20:54:57,0,0,0,0
2021-07-03 20:54:58,0,0,0,0
2021-07-03 20:55:00,2,0,0,2
2021-07-03 20:55:01,1503,46,195,1744
2021-07-03 20:55:02,345,0,46,391
2021-07-03 20:55:04,38,3,7,48
2021-07-03 20:55:06,16,8,5,29
2021-07-03 20:55:08,5,0,0,5
2021-07-03 20:55:09,0,0,0,0
2021-07-03 20:55:10,2,0,0,2
2021-07-03 20:55:18,12,0,3,15
2021-07-03 20:55:20,18,0,2,20
2021-07-03 20:55:21,1,0,0,1
2021-07-03 20:55:28,0,0,0,0
2021-07-03 20:55:34,0,0,0,0
2021-07-03 20:55:35,14,0,2,16
2021-07-03 20:55:36,2,0,0,2
2021-07-03 20:55:37,1,0,0,1
2021-07-03 20:55:38,2,0,0,2
2021-07-03 20:55:40,1,0,0,1
2021-07-03 20:55:45,5,0,0,5
2021-07-03 20:55:46,0,0,0,0
2021-07-03 20:55:48,1,1,0,2
2021-07-03 20:55:51,14,0,10,24
2021-07-03 20:55:53,0,0,0,0
2021-07-03 20:55:59,5,1,1,7
2021-07-03 20:56:00,2,1,0,3
2021-07-03 20:56:02,4,1,0,5
2021-07-03 20:56:03,0,1,0,1
2021-07-03 20:56:04,2,2,0,4
2021-07-03 20:56:07,64,4,8,76
2021-07-03 20:56:08,3,0,0,3
2021-07-03 20:56:09,5,2,0,7
2021-07-03 20:56:11,1,1,0,2
2021-07-03 20:56:12,1774,26,302,2102
2021-07-03 20:56:13,3,2,2,7
2021-07-03 20:56:18,115,1,7,123
2021-07-03 20:56:19,2,0,0,2
2021-07-03 20:56:21,60,0,22,82
2021-07-03 20:56:25,0,0,0,0
2021-07-03 20:56:29,0,0,0,0
2021-07-03 20:56:30,2,0,0,2
2021-07-03 20:56:32,45,4,7,56
2021-07-03 20:56:35,1,0,1,2
2021-07-03 20:56:36,2,0,0,2
2021-07-03 20:56:40,2,0,0,2
2021-07-03 20:56:42,1,0,0,1
2021-07-03 20:56:45,27,1,6,34
2021-07-03 20:56:46,0,0,0,0
2021-07-03 20:56:47,2,0,0,2
2021-07-03 20:56:48,0,0,0,0
2021-07-03 20:56:49,4,0,2,6
2021-07-03 20:56:51,1,0,0,1
2021-07-03 20:56:53,2,0,0,2
2021-07-03 20:56:54,8,0,0,8
2021-07-03 20:56:55,1,0,0,1
2021-07-03 20:56:57,6,0,0,6
2021-07-03 20:56:58,1,0,0,1
2021-07-03 20:57:01,16,1,4,21
2021-07-03 20:57:02,16,0,2,18
2021-07-03 20:57:03,0,0,0,0
2021-07-03 20:57:05,1,0,0,1
2021-07-03 20:57:07,0,0,0,0
2021-07-03 20:57:10,1,0,0,1
2021-07-03 20:57:11,1,1,0,2
2021-07-03 20:57:12,1,0,0,1
2021-07-03 20:57:13,1,0,0,1
2021-07-03 20:57:14,8,1,0,9
2021-07-03 20:57:16,1,0,0,1
2021-07-03 20:57:17,3,0,1,4
2021-07-03 20:57:18,8,0,2,10
2021-07-03 20:57:21,1,0,0,1
2021-07-03 20:57:22,5,0,0,5
2021-07-03 20:57:23,2,0,0,2
2021-07-03 20:57:25,99,1,42,142
2021-07-03 20:57:26,6,1,2,9
2021-07-03 20:57:27,9,0,2,11
2021-07-03 20:57:31,2,0,0,2
2021-07-03 20:57:32,5,0,0,5
2021-07-03 20:57:35,2,0,0,2
2021-07-03 20:57:36,0,0,0,0
2021-07-03 20:57:37,1,0,0,1
2021-07-03 20:57:40,1,0,0,1
2021-07-03 20:57:47,0,0,0,0
2021-07-03 20:57:52,154,6,48,208
2021-07-03 20:57:53,1,0,0,1
2021-07-03 20:57:54,2,0,0,2
2021-07-03 20:57:56,199,11,45,255
2021-07-03 20:57:57,1,0,0,1
2021-07-03 20:57:58,0,0,0,0
2021-07-03 20:58:01,2,0,1,3
2021-07-03 20:58:02,2,0,1,3
2021-07-03 20:58:06,0,0,0,0
2021-07-03 20:58:10,0,0,0,0
2021-07-03 20:58:15,1,0,0,1
2021-07-03 20:58:16,1,0,0,1
2021-07-03 20:58:18,0,0,0,0
2021-07-03 20:58:20,1,0,0,1
2021-07-03 20:58:25,0,0,0,0
2021-07-03 20:58:26,0,0,0,0
2021-07-03 20:58:27,0,0,0,0
2021-07-03 20:58:28,1,0,0,1
2021-07-03 20:58:30,0,0,0,0
2021-07-03 20:58:32,1,0,0,1
2021-07-03 20:58:35,3,1,0,4
2021-07-03 20:58:36,94,1,19,114
2021-07-03 20:58:37,6,0,2,8
2021-07-03 20:58:41,4,0,2,6
2021-07-03 20:58:45,1,0,0,1
2021-07-03 20:58:46,0,0,0,0
2021-07-03 20:58:47,11,0,0,11
2021-07-03 20:58:49,0,0,0,0
2021-07-03 20:58:50,0,0,0,0
2021-07-03 20:58:52,0,0,0,0
2021-07-03 20:58:53,0,0,0,0
2021-07-03 20:58:56,7,0,0,7
2021-07-03 20:59:00,0,0,0,0
2021-07-03 20:59:02,6,0,3,9
2021-07-03 20:59:04,0,0,0,0
2021-07-03 20:59:06,1,0,0,1
2021-07-03 20:59:07,0,0,0,0
2021-07-03 20:59:12,2,0,0,2
2021-07-03 20:59:15,1,0,0,1
2021-07-03 20:59:17,5,0,0,5
2021-07-03 20:59:21,0,0,0,0
2021-07-03 20:59:22,7,0,1,8
2021-07-03 20:59:24,4,0,1,5
2021-07-03 20:59:25,0,0,0,0
2021-07-03 20:59:26,3,0,0,3
2021-07-03 20:59:27,0,0,0,0
2021-07-03 20:59:32,1,0,0,1
2021-07-03 20:59:37,0,0,0,0
2021-07-03 20:59:38,6,0,0,6
2021-07-03 20:59:39,4,0,0,4
2021-07-03 20:59:42,0,0,0,0
2021-07-03 20:59:47,0,0,0,0
2021-07-03 20:59:51,722,13,156,891
2021-07-03 20:59:55,4,0,0,4
2021-07-03 21:00:00,1200,40,70,1310
2021-07-03 21:00:01,359,23,55,437
2021-07-03 21:00:03,3,0,1,4
2021-07-03 21:00:04,0,0,0,0
2021-07-03 21:00:07,29,1,11,41
2021-07-03 21:00:09,1,0,0,1
2021-07-03 21:00:10,312,9,40,361
2021-07-03 21:00:13,6,1,0,7
2021-07-03 21:00:14,3,0,0,3
2021-07-03 21:00:20,2,0,1,3
2021-07-03 21:00:27,1,0,0,1
2021-07-03 21:00:33,2,0,0,2
2021-07-03 21:00:35,1,0,0,1
2021-07-03 21:00:41,0,0,0,0
2021-07-03 21:00:44,6,0,0,6
2021-07-03 21:00:45,1,0,0,1
2021-07-03 21:00:46,2,0,0,2
2021-07-03 21:00:54,0,0,0,0
2021-07-03 21:01:07,0,0,0,0
2021-07-03 21:01:08,19,0,4,23
2021-07-03 21:01:12,64,1,14,79
2021-07-03 21:01:13,0,0,0,0
2021-07-03 21:01:17,2,0,0,2
2021-07-03 21:01:18,17,0,0,17
2021-07-03 21:01:19,0,0,0,0
2021-07-03 21:01:21,0,0,0,0
2021-07-03 21:01:23,3,0,0,3
2021-07-03 21:01:25,0,0,0,0
2021-07-03 21:01:26,0,0,0,0
2021-07-03 21:01:29,1,0,0,1
2021-07-03 21:01:30,2,0,0,2
2021-07-03 21:01:34,6,3,1,10
2021-07-03 21:01:35,2,0,0,2
2021-07-03 21:01:36,25,0,3,28
2021-07-03 21:01:37,0,0,0,0
2021-07-03 21:01:39,3,0,0,3
2021-07-03 21:01:40,0,0,0,0
2021-07-03 21:01:41,1,0,0,1
2021-07-03 21:01:43,1,0,0,1
2021-07-03 21:01:45,2,0,0,2
2021-07-03 21:01:47,0,0,0,0
2021-07-03 21:01:50,57,2,15,74
2021-07-03 21:02:02,1,1,1,3
2021-07-03 21:02:06,1,0,0,1
2021-07-03 21:02:07,1,0,0,1
2021-07-03 21:02:12,1,0,0,1
2021-07-03 21:02:14,6,1,0,7
2021-07-03 21:02:15,3,0,1,4
2021-07-03 21:02:17,11,0,0,11
2021-07-03 21:02:19,8,0,1,9
2021-07-03 21:02:22,44,4,6,54
2021-07-03 21:02:25,277,2,79,358
2021-07-03 21:02:30,2406,29,520,2955
2021-07-03 21:02:31,0,0,0,0
2021-07-03 21:02:37,1,0,1,2
2021-07-03 21:02:45,0,0,0,0
2021-07-03 21:02:46,12,0,4,16
2021-07-03 21:02:47,1,0,0,1
2021-07-03 21:02:50,4,0,2,6
2021-07-03 21:02:54,0,0,0,0
2021-07-03 21:02:55,0,0,0,0
2021-07-03 21:02:56,97,7,6,110
2021-07-03 21:02:59,0,0,0,0
2021-07-03 21:03:03,15,0,4,19
2021-07-03 21:03:04,0,0,0,0
2021-07-03 21:03:05,1,0,0,1
2021-07-03 21:03:06,17,0,3,20
2021-07-03 21:03:08,71,5,2,78
2021-07-03 21:03:09,0,0,0,0
2021-07-03 21:03:13,24,0,8,32
2021-07-03 21:03:14,67,1,7,75
2021-07-03 21:03:16,0,0,0,0
2021-07-03 21:03:18,2,0,1,3
2021-07-03 21:03:26,12,0,1,13
2021-07-03 21:03:27,0,0,0,0
2021-07-03 21:03:28,1,0,0,1
2021-07-03 21:03:33,2,0,0,2
2021-07-03 21:03:34,0,0,0,0
2021-07-03 21:03:36,2,0,0,2
2021-07-03 21:03:37,200,3,9,212
2021-07-03 21:03:41,34,0,7,41
2021-07-03 21:03:42,0,0,0,0
2021-07-03 21:03:43,0,0,0,0
2021-07-03 21:03:48,0,0,0,0
2021-07-03 21:03:51,5,1,0,6
2021-07-03 21:03:52,0,0,0,0
2021-07-03 21:03:53,0,0,0,0
2021-07-03 21:03:56,3,0,0,3
2021-07-03 21:03:57,1,1,0,2
2021-07-03 21:04:09,21,2,7,30
2021-07-03 21:04:23,1,0,0,1
2021-07-03 21:04:26,0,0,0,0
2021-07-03 21:04:31,2,0,0,2
2021-07-03 21:04:33,0,0,0,0
2021-07-03 21:04:37,0,0,0,0
2021-07-03 21:04:38,2,0,0,2
2021-07-03 21:04:42,5,0,1,6
2021-07-03 21:04:43,4,0,0,4
2021-07-03 21:04:45,18,0,2,20
2021-07-03 21:04:47,27,0,13,40
2021-07-03 21:04:50,2,0,0,2
2021-07-03 21:04:52,13,0,4,17
2021-07-03 21:04:55,30,0,8,38
2021-07-03 21:04:58,33,2,0,35
2021-07-03 21:04:59,0,0,0,0
2021-07-03 21:05:00,65,0,23,88
2021-07-03 21:05:06,5,0,0,5
2021-07-03 21:05:10,0,0,0,0
2021-07-03 21:05:11,0,0,0,0
2021-07-03 21:05:12,7,1,0,8
2021-07-03 21:05:13,2,0,0,2
2021-07-03 21:05:15,41,0,3,44
2021-07-03 21:05:22,0,0,0,0
2021-07-03 21:05:23,2,0,0,2
2021-07-03 21:05:25,165,5,63,233
2021-07-03 21:05:26,0,0,1,1
2021-07-03 21:05:28,0,0,0,0
2021-07-03 21:05:31,2,0,1,3
2021-07-03 21:05:32,0,0,0,0
2021-07-03 21:05:34,3,0,2,5
2021-07-03 21:05:35,0,0,0,0
2021-07-03 21:05:37,0,0,0,0
2021-07-03 21:05:38,24,1,11,36
2021-07-03 21:05:39,0,0,0,0
2021-07-03 21:05:47,4,0,0,4
2021-07-03 21:05:49,0,0,0,0
2021-07-03 21:05:51,8,0,0,8
2021-07-03 21:05:52,284,3,57,344
2021-07-03 21:05:58,0,0,0,0
2021-07-03 21:05:59,5,0,0,5
2021-07-03 21:06:00,0,0,0,0
2021-07-03 21:06:02,2,0,0,2
2021-07-03 21:06:03,0,0,0,0
2021-07-03 21:06:07,2,0,0,2
2021-07-03 21:06:09,0,0,0,0
2021-07-03 21:06:10,8,0,3,11
2021-07-03 21:06:12,506,18,36,560
2021-07-03 21:06:14,0,0,0,0
2021-07-03 21:06:15,4,0,3,7
2021-07-03 21:06:19,10,0,0,10
2021-07-03 21:06:20,0,0,0,0
2021-07-03 21:06:28,0,0,0,0
2021-07-03 21:06:29,8,2,2,12
2021-07-03 21:06:32,1,0,0,1
2021-07-03 21:06:33,1,0,0,1
2021-07-03 21:06:37,0,0,0,0
2021-07-03 21:06:41,126,3,24,153
2021-07-03 21:06:47,0,0,0,0
2021-07-03 21:06:49,175,5,12,192
2021-07-03 21:06:51,2,0,0,2
2021-07-03 21:06:52,5,0,0,5
2021-07-03 21:06:53,2,0,1,3
2021-07-03 21:06:55,11,1,2,14
2021-07-03 21:07:01,1,0,0,1
2021-07-03 21:07:04,1,0,0,1
2021-07-03 21:07:05,1,0,0,1
2021-07-03 21:07:13,75,2,13,90
2021-07-03 21:07:14,2,0,0,2
2021-07-03 21:07:15,114,6,1,121
2021-07-03 21:07:16,5,0,1,6
2021-07-03 21:07:17,0,0,0,0
2021-07-03 21:07:18,0,0,0,0
2021-07-03 21:07:20,0,0,0,0
2021-07-03 21:07:21,2,0,1,3
2021-07-03 21:07:23,0,0,0,0
2021-07-03 21:07:30,5,0,0,5
2021-07-03 21:07:32,94,2,18,114
2021-07-03 21:07:33,0,0,0,0
2021-07-03 21:07:39,51,0,10,61
2021-07-03 21:07:47,1,0,0,1
2021-07-03 21:07:48,2,0,0,2
2021-07-03 21:07:49,4,0,0,4
2021-07-03 21:07:58,0,0,0,0
2021-07-03 21:08:06,2,0,1,3
2021-07-03 21:08:07,1,0,0,1
2021-07-03 21:08:09,3,0,1,4
2021-07-03 21:08:15,1,0,0,1
2021-07-03 21:08:16,0,0,0,0
2021-07-03 21:08:20,104,2,2,108
2021-07-03 21:08:21,1,0,0,1
2021-07-03 21:08:25,2,0,0,2
2021-07-03 21:08:26,1,0,0,1
2021-07-03 21:08:27,0,0,0,0
2021-07-03 21:08:28,16,2,3,21
2021-07-03 21:08:29,13,0,3,16
2021-07-03 21:08:30,1,0,0,1
2021-07-03 21:08:31,4,1,2,7
2021-07-03 21:08:32,3,0,1,4
2021-07-03 21:08:35,10,1,2,13
2021-07-03 21:08:36,10,0,2,12
2021-07-03 21:08:39,1,0,0,1
2021-07-03 21:08:44,0,0,0,0
2021-07-03 21:08:46,0,0,0,0
2021-07-03 21:08:47,0,0,0,0
2021-07-03 21:08:48,0,0,0,0
2021-07-03 21:08:50,0,0,0,0
2021-07-03 21:08:52,3,0,0,3
2021-07-03 21:08:54,6,1,0,7
2021-07-03 21:08:56,2,0,0,2
2021-07-03 21:08:58,4,0,0,4
2021-07-03 21:08:59,7,0,0,7
2021-07-03 21:09:04,0,0,0,0
2021-07-03 21:09:06,5,0,0,5
2021-07-03 21:09:07,2,0,1,3
2021-07-03 21:09:08,10,0,1,11
2021-07-03 21:09:12,0,0,0,0
2021-07-03 21:09:15,0,0,0,0
2021-07-03 21:09:18,1,0,0,1
2021-07-03 21:09:22,11,0,0,11
2021-07-03 21:09:25,4,0,0,4
2021-07-03 21:09:29,0,0,0,0
2021-07-03 21:09:34,2,1,0,3
2021-07-03 21:09:36,4,0,1,5
2021-07-03 21:09:38,37,0,1,38
2021-07-03 21:09:41,8,1,0,9
2021-07-03 21:09:42,6072,95,951,7118
2021-07-03 21:09:43,0,1,0,1
2021-07-03 21:09:45,6,2,2,10
2021-07-03 21:09:46,4,1,2,7
2021-07-03 21:09:47,2,0,0,2
2021-07-03 21:09:49,13,0,6,19
2021-07-03 21:09:51,2,0,0,2
2021-07-03 21:09:52,0,0,0,0
2021-07-03 21:09:54,2,0,0,2
2021-07-03 21:09:56,242,2,48,292
2021-07-03 21:09:59,4,0,0,4
2021-07-03 21:10:00,283,12,76,371
2021-07-03 21:10:01,56,4,5,65
2021-07-03 21:10:02,8,0,0,8
2021-07-03 21:10:10,0,0,0,0
2021-07-03 21:10:13,8,0,0,8
2021-07-03 21:10:14,0,0,0,0
2021-07-03 21:10:16,3,1,0,4
2021-07-03 21:10:17,1,0,0,1
2021-07-03 21:10:20,6,0,0,6
2021-07-03 21:10:23,1,1,0,2
2021-07-03 21:10:24,0,0,0,0
2021-07-03 21:10:26,1,0,0,1
2021-07-03 21:10:29,2,0,0,2
2021-07-03 21:10:30,17,1,4,22
2021-07-03 21:10:31,1353,44,224,1621
2021-07-03 21:10:34,19,0,0,19
2021-07-03 21:10:38,3,1,1,5
2021-07-03 21:10:39,0,0,0,0
2021-07-03 21:10:42,1,0,0,1
2021-07-03 21:10:46,2,0,0,2
2021-07-03 21:10:47,35,0,2,37
2021-07-03 21:10:50,2,0,0,2
2021-07-03 21:10:53,1,0,0,1
2021-07-03 21:10:56,61,1,6,68
2021-07-03 21:10:59,2,0,0,2
2021-07-03 21:11:02,12,0,2,14
2021-07-03 21:11:03,10,1,1,12
2021-07-03 21:11:04,47,3,7,57
2021-07-03 21:11:06,5,0,2,7
2021-07-03 21:11:09,8,0,3,11
2021-07-03 21:11:10,5,0,0,5
2021-07-03 21:11:11,1,0,0,1
2021-07-03 21:11:12,619,39,75,733
2021-07-03 21:11:17,21,1,1,23
2021-07-03 21:11:23,1,0,0,1
2021-07-03 21:11:27,2,0,0,2
2021-07-03 21:11:29,2,0,0,2
2021-07-03 21:11:30,2,0,0,2
2021-07-03 21:11:34,2,0,0,2
2021-07-03 21:11:38,3,0,0,3
2021-07-03 21:11:39,5,1,1,7
2021-07-03 21:11:40,86,8,7,101
2021-07-03 21:11:42,3,0,0,3
2021-07-03 21:11:43,0,0,0,0
2021-07-03 21:11:44,2,0,0,2
2021-07-03 21:11:46,5,1,0,6
2021-07-03 21:11:51,1,0,0,1
2021-07-03 21:11:55,10,0,0,10
2021-07-03 21:11:56,7,1,1,9
2021-07-03 21:11:59,5,0,0,5
2021-07-03 21:12:00,5,0,0,5
2021-07-03 21:12:02,16,0,1,17
2021-07-03 21:12:05,4,1,0,5
2021-07-03 21:12:06,1,0,0,1
2021-07-03 21:12:10,2,0,0,2
2021-07-03 21:12:11,2,0,0,2
2021-07-03 21:12:12,0,0,0,0
2021-07-03 21:12:14,10,0,2,12
2021-07-03 21:12:16,2,0,0,2
2021-07-03 21:12:17,2,0,0,2
2021-07-03 21:12:18,12,0,0,12
2021-07-03 21:12:21,1,0,0,1
2021-07-03 21:12:23,6,1,3,10
2021-07-03 21:12:24,2,0,0,2
2021-07-03 21:12:29,1,0,0,1
2021-07-03 21:12:30,2,0,0,2
2021-07-03 21:12:31,3,0,0,3
2021-07-03 21:12:33,1,0,0,1
2021-07-03 21:12:35,0,0,0,0
2021-07-03 21:12:36,0,0,0,0
2021-07-03 21:12:38,2,0,1,3
2021-07-03 21:12:39,13,0,4,17
2021-07-03 21:12:41,0,0,0,0
2021-07-03 21:12:42,3,0,2,5
2021-07-03 21:12:43,14,0,11,25
2021-07-03 21:12:45,3,0,0,3
2021-07-03 21:12:49,2,0,0,2
2021-07-03 21:12:52,6,0,0,6
2021-07-03 21:12:53,1,0,1,2
2021-07-03 21:12:55,1,0,1,2
2021-07-03 21:12:59,0,1,0,1
2021-07-03 21:13:02,0,0,0,0
2021-07-03 21:13:03,0,0,0,0
2021-07-03 21:13:05,2,0,2,4
2021-07-03 21:13:07,230,6,36,272
2021-07-03 21:13:09,0,0,0,0
2021-07-03 21:13:10,0,0,1,1
2021-07-03 21:13:12,0,0,0,0
2021-07-03 21:13:17,1,0,0,1
2021-07-03 21:13:19,0,0,0,0
2021-07-03 21:13:21,8,0,0,8
2021-07-03 21:13:23,106,2,11,119
2021-07-03 21:13:24,2,0,0,2
2021-07-03 21:13:27,0,0,0,0
2021-07-03 21:13:28,0,0,0,0
2021-07-03 21:13:30,0,1,0,1
2021-07-03 21:13:32,4,1,3,8
2021-07-03 21:13:33,0,0,0,0
2021-07-03 21:13:37,1,0,0,1
2021-07-03 21:13:38,0,0,0,0
2021-07-03 21:13:39,0,1,0,1
2021-07-03 21:13:40,1,0,0,1
2021-07-03 21:13:42,4,0,1,5
2021-07-03 21:13:44,87,1,11,99
2021-07-03 21:13:45,290,4,10,304
2021-07-03 21:13:46,5,0,0,5
2021-07-03 21:13:50,1,0,0,1
2021-07-03 21:13:54,3,0,0,3
2021-07-03 21:13:55,1,0,0,1
2021-07-03 21:13:56,1,0,0,1
2021-07-03 21:13:57,1,0,0,1
2021-07-03 21:13:58,10,0,1,11
2021-07-03 21:14:00,0,0,0,0
2021-07-03 21:14:01,0,0,0,0
2021-07-03 21:14:04,4,0,0,4
2021-07-03 21:14:05,0,0,0,0
2021-07-03 21:14:07,0,0,0,0
2021-07-03 21:14:09,1,1,0,2
2021-07-03 21:14:11,0,0,0,0
2021-07-03 21:14:12,25,0,6,31
2021-07-03 21:14:14,1,0,0,1
2021-07-03 21:14:15,2,0,1,3
2021-07-03 21:14:18,2,0,0,2
2021-07-03 21:14:19,0,0,0,0
2021-07-03 21:14:22,6,0,0,6
2021-07-03 21:14:23,0,0,0,0
2021-07-03 21:14:26,2,1,3,6
2021-07-03 21:14:28,177,3,9,189
2021-07-03 21:14:32,2,2,1,5
2021-07-03 21:14:36,1,0,0,1
2021-07-03 21:14:37,1,0,0,1
2021-07-03 21:14:44,0,0,0,0
2021-07-03 21:14:45,0,0,0,0
2021-07-03 21:14:48,0,0,0,0
2021-07-03 21:14:51,0,0,0,0
2021-07-03 21:14:53,0,0,0,0
2021-07-03 21:14:56,3,0,0,3
2021-07-03 21:15:01,4,0,0,4
2021-07-03 21:15:05,4,1,0,5
2021-07-03 21:15:06,1,0,0,1
2021-07-03 21:15:08,59,2,1,62
2021-07-03 21:15:09,0,0,0,0
2021-07-03 21:15:10,2,0,0,2
2021-07-03 21:15:12,6,0,1,7
2021-07-03 21:15:13,6,0,1,7
2021-07-03 21:15:15,24,0,4,28
2021-07-03 21:15:16,0,0,0,0
2021-07-03 21:15:17,0,0,0,0
2021-07-03 21:15:19,0,0,0,0
2021-07-03 21:15:20,15,3,3,21
2021-07-03 21:15:22,0,1,0,1
2021-07-03 21:15:23,11,0,0,11
2021-07-03 21:15:26,26,1,2,29
2021-07-03 21:15:30,2,1,1,4
2021-07-03 21:15:31,5,2,0,7
2021-07-03 21:15:32,320,0,37,357
2021-07-03 21:15:35,1,1,0,2
2021-07-03 21:15:37,0,0,0,0
2021-07-03 21:15:38,7,0,0,7
2021-07-03 21:15:41,0,0,0,0
2021-07-03 21:15:42,41,0,13,54
2021-07-03 21:15:43,3,0,1,4
2021-07-03 21:15:45,1,0,0,1
2021-07-03 21:15:49,2,0,2,4
2021-07-03 21:15:51,2,0,0,2
2021-07-03 21:15:52,1,0,0,1
2021-07-03 21:15:53,4,0,1,5
2021-07-03 21:15:54,2,0,2,4
2021-07-03 21:15:55,0,0,0,0
2021-07-03 21:15:56,11,0,0,11
2021-07-03 21:15:58,21,0,11,32
2021-07-03 21:16:02,3,1,0,4
2021-07-03 21:16:03,12,0,2,14
2021-07-03 21:16:04,0,0,0,0
2021-07-03 21:16:08,0,0,0,0
2021-07-03 21:16:11,16,0,2,18
2021-07-03 21:16:32,3,0,0,3
2021-07-03 21:16:36,0,0,0,0
2021-07-03 21:16:43,0,0,0,0
2021-07-03 21:16:48,2,0,0,2
2021-07-03 21:16:51,0,0,0,0
2021-07-03 21:16:54,1,0,0,1
2021-07-03 21:16:57,0,0,0,0
2021-07-03 21:16:58,16,0,3,19
2021-07-03 21:17:10,1,0,1,2
2021-07-03 21:17:19,2,1,0,3
2021-07-03 21:17:20,16,0,6,22
2021-07-03 21:17:23,6,0,0,6
2021-07-03 21:17:25,17,0,7,24
2021-07-03 21:17:26,0,0,0,0
2021-07-03 21:17:29,4,0,1,5
2021-07-03 21:17:30,3,0,0,3
2021-07-03 21:17:31,0,0,0,0
2021-07-03 21:17:32,2,0,0,2
2021-07-03 21:17:33,2,0,0,2
2021-07-03 21:17:34,1,1,0,2
2021-07-03 21:17:35,0,0,0,0
2021-07-03 21:17:39,1,1,0,2
2021-07-03 21:17:42,9,1,1,11
2021-07-03 21:17:44,60,0,1,61
2021-07-03 21:17:46,1,0,0,1
2021-07-03 21:17:49,9,0,1,10
2021-07-03 21:17:51,10,1,1,12
2021-07-03 21:17:53,2,0,0,2
2021-07-03 21:17:59,3,0,0,3
2021-07-03 21:18:04,7,0,0,7
2021-07-03 21:18:14,7,0,0,7
2021-07-03 21:18:19,4,0,0,4
2021-07-03 21:18:21,5,0,0,5
2021-07-03 21:18:24,16,0,0,16
2021-07-03 21:18:28,13,1,2,16
2021-07-03 21:18:31,1,1,0,2
2021-07-03 21:18:35,4,0,0,4
2021-07-03 21:18:36,0,0,0,0
2021-07-03 21:18:39,2,0,0,2
2021-07-03 21:18:40,20,0,2,22
2021-07-03 21:18:42,2,0,0,2
2021-07-03 21:18:45,0,0,0,0
2021-07-03 21:18:58,3,0,1,4
2021-07-03 21:19:01,28,0,4,32
2021-07-03 21:19:03,1,0,0,1
2021-07-03 21:19:20,0,0,0,0
2021-07-03 21:19:21,10,1,9,20
2021-07-03 21:19:23,1,0,0,1
2021-07-03 21:19:25,1,0,0,1
2021-07-03 21:19:33,6,2,0,8
2021-07-03 21:19:36,2,0,0,2
2021-07-03 21:19:37,22,0,0,22
2021-07-03 21:19:40,39,2,15,56
2021-07-03 21:19:41,8,0,0,8
2021-07-03 21:19:44,0,0,0,0
2021-07-03 21:19:45,4,0,1,5
2021-07-03 21:19:47,1,0,0,1
2021-07-03 21:19:51,2,0,1,3
2021-07-03 21:19:53,62,0,18,80
2021-07-03 21:19:54,4,1,0,5
2021-07-03 21:19:57,1,0,1,2
2021-07-03 21:19:59,0,0,0,0
2021-07-03 21:20:00,288,17,79,384
2021-07-03 21:20:04,5,0,1,6
2021-07-03 21:20:06,2,0,0,2
2021-07-03 21:20:07,0,0,0,0
2021-07-03 21:20:16,5,0,0,5
2021-07-03 21:20:17,2,0,2,4
2021-07-03 21:20:23,0,0,0,0
2021-07-03 21:20:27,1,0,0,1
2021-07-03 21:20:32,3,0,1,4
2021-07-03 21:20:33,1,0,0,1
2021-07-03 21:20:34,2,0,0,2
2021-07-03 21:20:35,1,0,0,1
2021-07-03 21:20:40,15,0,2,17
2021-07-03 21:20:43,0,0,0,0
2021-07-03 21:20:45,19,2,0,21
2021-07-03 21:20:48,16,2,3,21
2021-07-03 21:20:50,22,0,0,22
2021-07-03 21:20:51,12,1,3,16
2021-07-03 21:20:58,0,0,0,0
2021-07-03 21:21:03,0,0,0,0
2021-07-03 21:21:06,1,0,0,1
2021-07-03 21:21:08,3,0,0,3
2021-07-03 21:21:10,0,0,0,0
2021-07-03 21:21:23,8,0,2,10
2021-07-03 21:21:29,246,3,32,281
2021-07-03 21:21:30,3,0,0,3
2021-07-03 21:21:32,4,0,1,5
2021-07-03 21:21:38,6,0,2,8
2021-07-03 21:21:39,7,0,0,7
2021-07-03 21:21:41,7,0,3,10
2021-07-03 21:21:44,0,0,0,0
2021-07-03 21:21:46,8,0,1,9
2021-07-03 21:21:52,6,0,1,7
2021-07-03 21:21:53,6,1,2,9
2021-07-03 21:22:01,8,0,0,8
2021-07-03 21:22:05,3,0,2,5
2021-07-03 21:22:11,0,0,0,0
2021-07-03 21:22:14,0,0,0,0
2021-07-03 21:22:16,0,0,0,0
2021-07-03 21:22:24,23,0,0,23
2021-07-03 21:22:27,0,0,0,0
2021-07-03 21:22:30,1,0,0,1
2021-07-03 21:22:35,2,0,0,2
2021-07-03 21:22:39,2,0,2,4
2021-07-03 21:22:40,70,1,8,79
2021-07-03 21:22:44,2,0,2,4
2021-07-03 21:22:48,1,0,0,1
2021-07-03 21:22:49,6,0,3,9
2021-07-03 21:22:55,2,0,2,4
2021-07-03 21:22:58,2,0,2,4
2021-07-03 21:23:02,1,0,0,1
2021-07-03 21:23:04,5,0,4,9
2021-07-03 21:23:11,11,0,2,13
2021-07-03 21:23:14,236,3,45,284
2021-07-03 21:23:15,12,0,1,13
2021-07-03 21:23:16,123,4,8,135
2021-07-03 21:23:17,3,0,1,4
2021-07-03 21:23:24,1,0,0,1
2021-07-03 21:23:27,4,0,2,6
2021-07-03 21:23:33,4,0,2,6
2021-07-03 21:23:45,296,8,120,424
2021-07-03 21:23:47,14,1,2,17
2021-07-03 21:23:48,3,0,0,3
2021-07-03 21:23:52,47,0,17,64
2021-07-03 21:23:53,0,0,0,0
2021-07-03 21:23:54,3,0,1,4
2021-07-03 21:23:55,0,0,0,0
2021-07-03 21:23:59,0,0,0,0
2021-07-03 21:24:01,1,0,1,2
2021-07-03 21:24:07,0,0,0,0
2021-07-03 21:24:08,3,0,0,3
2021-07-03 21:24:20,15,1,5,21
2021-07-03 21:24:21,2,0,0,2
2021-07-03 21:24:22,5,1,0,6
2021-07-03 21:24:24,37,1,12,50
2021-07-03 21:24:28,0,0,0,0
2021-07-03 21:24:33,10,0,2,12
2021-07-03 21:24:35,1,0,0,1
2021-07-03 21:24:42,1,0,0,1
2021-07-03 21:24:46,230,4,0,234
2021-07-03 21:24:47,0,0,0,0
2021-07-03 21:24:49,1,2,0,3
2021-07-03 21:24:50,0,0,0,0
2021-07-03 21:24:51,2,1,0,3
2021-07-03 21:24:54,52,4,11,67
2021-07-03 21:25:05,1,0,0,1
2021-07-03 21:25:06,0,0,0,0
2021-07-03 21:25:07,0,0,0,0
2021-07-03 21:25:09,0,0,0,0
2021-07-03 21:25:10,80,0,10,90
2021-07-03 21:25:16,15,2,1,18
2021-07-03 21:25:25,0,0,0,0
2021-07-03 21:25:26,0,0,0,0
2021-07-03 21:25:32,0,0,0,0
2021-07-03 21:25:35,2,0,0,2
2021-07-03 21:25:37,8,0,0,8
2021-07-03 21:25:39,7,1,3,11
2021-07-03 21:25:42,13,0,4,17
2021-07-03 21:25:50,1,1,0,2
2021-07-03 21:25:52,0,0,1,1
2021-07-03 21:25:55,1,0,1,2
2021-07-03 21:25:56,36,0,2,38
2021-07-03 21:26:02,2,0,0,2
2021-07-03 21:26:04,27,3,0,30
2021-07-03 21:26:05,1,0,0,1
2021-07-03 21:26:08,9,1,3,13
2021-07-03 21:26:12,33,1,11,45
2021-07-03 21:26:14,1,0,0,1
2021-07-03 21:26:28,52,2,8,62
2021-07-03 21:26:30,13,1,3,17
2021-07-03 21:26:32,703,41,55,799
2021-07-03 21:26:33,9,0,0,9
2021-07-03 21:26:37,1,0,0,1
2021-07-03 21:26:48,4,1,1,6
2021-07-03 21:26:50,0,0,0,0
2021-07-03 21:27:00,5,0,1,6
2021-07-03 21:27:02,1,0,0,1
2021-07-03 21:27:03,0,0,0,0
2021-07-03 21:27:07,0,0,0,0
2021-07-03 21:27:08,0,0,0,0
2021-07-03 21:27:12,13,1,1,15
2021-07-03 21:27:13,1,0,1,2
2021-07-03 21:27:14,10,0,4,14
2021-07-03 21:27:16,9,0,2,11
2021-07-03 21:27:21,0,0,0,0
2021-07-03 21:27:24,0,0,0,0
2021-07-03 21:27:27,1,0,0,1
2021-07-03 21:27:29,1,0,0,1
2021-07-03 21:27:30,1,0,0,1
2021-07-03 21:27:33,0,0,0,0
2021-07-03 21:27:34,51,2,7,60
2021-07-03 21:27:40,9,0,5,14
2021-07-03 21:27:47,0,0,0,0
2021-07-03 21:27:51,1,0,1,2
2021-07-03 21:27:58,2,0,0,2
2021-07-03 21:28:05,0,0,0,0
2021-07-03 21:28:09,1,0,1,2
2021-07-03 21:28:13,0,0,0,0
2021-07-03 21:28:18,0,0,0,0
2021-07-03 21:28:22,20,1,2,23
2021-07-03 21:28:24,0,0,0,0
2021-07-03 21:28:26,3,0,0,3
2021-07-03 21:28:28,7,0,1,8
2021-07-03 21:28:30,1,1,0,2
2021-07-03 21:28:31,27,0,9,36
2021-07-03 21:28:32,1,0,0,1
2021-07-03 21:28:33,1,0,0,1
2021-07-03 21:28:38,0,0,0,0
2021-07-03 21:28:39,0,0,0,0
2021-07-03 21:28:41,56,1,16,73
2021-07-03 21:28:42,10,2,1,13
2021-07-03 21:28:44,8,0,3,11
2021-07-03 21:28:46,0,1,0,1
2021-07-03 21:28:48,0,0,0,0
2021-07-03 21:28:51,18,0,1,19
2021-07-03 21:29:02,18,0,1,19
2021-07-03 21:29:06,3,0,1,4
2021-07-03 21:29:11,0,0,0,0
2021-07-03 21:29:13,20,1,1,22
2021-07-03 21:29:17,1,0,0,1
2021-07-03 21:29:32,0,0,0,0
2021-07-03 21:29:34,8,0,0,8
2021-07-03 21:29:35,0,0,0,0
2021-07-03 21:29:43,0,0,0,0
2021-07-03 21:29:45,14,0,5,19
2021-07-03 21:29:49,0,0,0,0
2021-07-03 21:29:53,2,0,0,2
2021-07-03 21:29:54,0,4,0,4
2021-07-03 21:29:55,25,1,1,27
2021-07-03 21:30:00,2318,35,325,2678
2021-07-03 21:30:03,2,0,1,3
2021-07-03 21:30:04,6,1,2,9
2021-07-03 21:30:05,2,1,0,3
2021-07-03 21:30:07,3,0,0,3
2021-07-03 21:30:08,1,0,0,1
2021-07-03 21:30:10,16,0,1,17
2021-07-03 21:30:13,0,0,0,0
2021-07-03 21:30:23,0,4,0,4
2021-07-03 21:30:25,2,0,0,2
2021-07-03 21:30:30,0,0,0,0
2021-07-03 21:30:35,0,0,0,0
2021-07-03 21:30:38,0,0,0,0
2021-07-03 21:30:40,2,0,1,3
2021-07-03 21:30:44,0,0,0,0
2021-07-03 21:30:48,18,0,6,24
2021-07-03 21:30:54,0,0,0,0
2021-07-03 21:30:58,237,30,38,305
2021-07-03 21:30:59,0,0,0,0
2021-07-03 21:31:02,0,0,0,0
2021-07-03 21:31:05,9,0,7,16
2021-07-03 21:31:07,2,0,1,3
2021-07-03 21:31:08,1,0,0,1
2021-07-03 21:31:09,0,0,0,0
2021-07-03 21:31:10,0,0,0,0
2021-07-03 21:31:14,0,0,0,0
2021-07-03 21:31:16,2,0,1,3
2021-07-03 21:31:18,1,0,1,2
2021-07-03 21:31:28,1,0,0,1
2021-07-03 21:31:30,0,0,0,0
2021-07-03 21:31:31,1,0,0,1
2021-07-03 21:31:38,3,0,0,3
2021-07-03 21:31:45,2,0,0,2
2021-07-03 21:31:47,0,0,0,0
2021-07-03 21:31:53,11,0,3,14
2021-07-03 21:31:54,3,0,2,5
2021-07-03 21:31:55,0,0,0,0
2021-07-03 21:31:57,0,0,0,0
2021-07-03 21:32:02,16,1,3,20
2021-07-03 21:32:09,0,1,0,1
2021-07-03 21:32:10,3,0,1,4
2021-07-03 21:32:12,0,0,0,0
2021-07-03 21:32:14,0,0,0,0
2021-07-03 21:32:15,0,0,0,0
2021-07-03 21:32:17,0,0,0,0
2021-07-03 21:32:19,11,0,4,15
2021-07-03 21:32:20,0,0,0,0
2021-07-03 21:32:23,14,2,6,22
2021-07-03 21:32:24,4,0,0,4
2021-07-03 21:32:27,2,0,0,2
2021-07-03 21:32:28,0,0,0,0
2021-07-03 21:32:31,0,0,0,0
2021-07-03 21:32:33,7,0,0,7
2021-07-03 21:32:50,0,0,0,0
2021-07-03 21:32:51,2,0,0,2
2021-07-03 21:32:52,1,0,0,1
2021-07-03 21:32:53,0,0,0,0
2021-07-03 21:32:55,0,0,1,1
2021-07-03 21:32:57,69,3,2,74
2021-07-03 21:33:01,2,0,0,2
2021-07-03 21:33:09,10,1,2,13
2021-07-03 21:33:10,1,1,0,2
2021-07-03 21:33:14,3,2,0,5
2021-07-03 21:33:15,0,0,0,0
2021-07-03 21:33:21,2,0,1,3
2021-07-03 21:33:22,3,0,1,4
2021-07-03 21:33:28,3,0,1,4
2021-07-03 21:33:34,32,1,2,35
2021-07-03 21:33:36,1,0,1,2
2021-07-03 21:33:38,1,0,0,1
2021-07-03 21:33:47,0,0,0,0
2021-07-03 21:33:52,0,0,0,0
2021-07-03 21:33:54,0,0,0,0
2021-07-03 21:33:58,0,0,0,0
2021-07-03 21:34:00,18,2,4,24
2021-07-03 21:34:01,14,0,8,22
2021-07-03 21:34:03,748,8,38,794
2021-07-03 21:34:05,3,0,0,3
2021-07-03 21:34:06,35,0,4,39
2021-07-03 21:34:07,29,0,6,35
2021-07-03 21:34:11,7,0,0,7
2021-07-03 21:34:12,0,0,0,0
2021-07-03 21:34:15,0,0,0,0
2021-07-03 21:34:18,1,0,1,2
2021-07-03 21:34:20,2,0,0,2
2021-07-03 21:34:27,6,0,0,6
2021-07-03 21:34:29,0,0,0,0
2021-07-03 21:34:33,4,1,1,6
2021-07-03 21:34:35,15,1,0,16
2021-07-03 21:34:41,1,0,0,1
2021-07-03 21:34:42,1,0,1,2
2021-07-03 21:34:44,0,0,0,0
2021-07-03 21:34:52,1,0,0,1
2021-07-03 21:34:54,1,0,1,2
2021-07-03 21:34:55,1,0,1,2
2021-07-03 21:35:07,1,0,0,1
2021-07-03 21:35:09,5,1,2,8
2021-07-03 21:35:11,0,1,0,1
2021-07-03 21:35:16,0,0,0,0
2021-07-03 21:35:19,0,0,0,0
2021-07-03 21:35:20,5,0,0,5
2021-07-03 21:35:21,0,0,0,0
2021-07-03 21:35:23,0,0,0,0
2021-07-03 21:35:29,1,0,1,2
2021-07-03 21:35:33,0,0,0,0
2021-07-03 21:35:35,0,0,0,0
2021-07-03 21:35:36,23,6,4,33
2021-07-03 21:35:49,145,5,40,190
2021-07-03 21:35:50,72,4,10,86
2021-07-03 21:35:51,52,6,18,76
2021-07-03 21:35:52,0,0,0,0
2021-07-03 21:36:02,392,6,100,498
2021-07-03 21:36:07,2,0,0,2
2021-07-03 21:36:09,14,1,1,16
2021-07-03 21:36:12,1,0,0,1
2021-07-03 21:36:13,2,0,1,3
2021-07-03 21:36:14,1,0,0,1
2021-07-03 21:36:17,2,0,0,2
2021-07-03 21:36:32,1,0,0,1
2021-07-03 21:36:36,2,0,0,2
2021-07-03 21:36:38,2,0,1,3
2021-07-03 21:36:41,7,0,1,8
2021-07-03 21:36:45,0,0,0,0
2021-07-03 21:36:46,0,0,0,0
2021-07-03 21:36:58,5,0,0,5
2021-07-03 21:36:59,1,0,0,1
2021-07-03 21:37:03,0,0,0,0
2021-07-03 21:37:04,0,1,0,1
2021-07-03 21:37:06,19,1,0,20
2021-07-03 21:37:14,2,0,0,2
2021-07-03 21:37:17,2,0,0,2
2021-07-03 21:37:23,19,0,4,23
2021-07-03 21:37:24,0,0,0,0
2021-07-03 21:37:27,0,0,0,0
2021-07-03 21:37:37,0,0,0,0
2021-07-03 21:37:44,1,0,0,1
2021-07-03 21:37:49,0,0,0,0
2021-07-03 21:38:09,5,0,0,5
2021-07-03 21:38:12,0,0,0,0
2021-07-03 21:38:20,10,0,3,13
2021-07-03 21:38:24,7,1,0,8
2021-07-03 21:38:38,1,0,0,1
2021-07-03 21:38:41,0,0,0,0
2021-07-03 21:38:43,0,0,0,0
2021-07-03 21:38:44,2,0,0,2
2021-07-03 21:38:49,0,0,0,0
2021-07-03 21:38:50,2,0,0,2
2021-07-03 21:38:57,1,0,0,1
2021-07-03 21:38:58,1,0,0,1
2021-07-03 21:39:03,0,0,0,0
2021-07-03 21:39:04,0,0,0,0
2021-07-03 21:39:06,0,0,0,0
2021-07-03 21:39:07,2,0,0,2
2021-07-03 21:39:12,0,0,0,0
2021-07-03 21:39:14,1,0,0,1
2021-07-03 21:39:15,4,0,1,5
2021-07-03 21:39:16,3,0,0,3
2021-07-03 21:39:18,1,0,0,1
2021-07-03 21:39:20,1,0,0,1
2021-07-03 21:39:22,0,0,0,0
2021-07-03 21:39:25,0,0,0,0
2021-07-03 21:39:32,3,0,0,3
2021-07-03 21:39:34,7,0,1,8
2021-07-03 21:39:37,1,0,0,1
2021-07-03 21:39:39,0,0,0,0
2021-07-03 21:39:44,9,1,2,12
2021-07-03 21:39:48,1,0,0,1
2021-07-03 21:39:50,4,1,0,5
2021-07-03 21:39:52,5,1,0,6
2021-07-03 21:39:56,87,2,28,117
2021-07-03 21:40:02,1,0,0,1
2021-07-03 21:40:06,0,0,0,0
2021-07-03 21:40:12,0,0,0,0
2021-07-03 21:40:13,0,0,0,0
2021-07-03 21:40:20,2,0,0,2
2021-07-03 21:40:28,1,0,0,1
2021-07-03 21:40:34,0,0,0,0
2021-07-03 21:40:43,1,0,0,1
2021-07-03 21:40:47,4,2,0,6
2021-07-03 21:40:48,1,0,0,1
2021-07-03 21:40:49,2,0,0,2
2021-07-03 21:40:52,0,0,0,0
2021-07-03 21:40:53,1,0,0,1
2021-07-03 21:40:56,1,0,0,1
2021-07-03 21:41:00,50,0,18,68
2021-07-03 21:41:01,2,0,0,2
2021-07-03 21:41:03,24,0,9,33
2021-07-03 21:41:09,1,0,0,1
2021-07-03 21:41:14,1,0,0,1
2021-07-03 21:41:15,94,4,10,108
2021-07-03 21:41:18,28,0,4,32
2021-07-03 21:41:19,3,1,1,5
2021-07-03 21:41:20,4,1,1,6
2021-07-03 21:41:21,5,0,1,6
2021-07-03 21:41:25,4,0,0,4
2021-07-03 21:41:28,5,2,0,7
2021-07-03 21:41:30,0,0,0,0
2021-07-03 21:41:35,1,0,0,1
2021-07-03 21:41:37,2,0,0,2
2021-07-03 21:41:42,1,0,0,1
2021-07-03 21:41:45,2,0,0,2
2021-07-03 21:41:46,322,55,71,448
2021-07-03 21:41:48,1,0,0,1
2021-07-03 21:41:52,4,0,1,5
2021-07-03 21:41:54,0,0,0,0
2021-07-03 21:42:01,0,0,0,0
2021-07-03 21:42:02,1,0,0,1
2021-07-03 21:42:04,4,0,0,4
2021-07-03 21:42:05,9,0,1,10
2021-07-03 21:42:08,1,0,1,2
2021-07-03 21:42:10,0,0,0,0
2021-07-03 21:42:15,0,0,0,0
2021-07-03 21:42:18,1,2,0,3
2021-07-03 21:42:21,0,1,0,1
2021-07-03 21:42:22,2,0,0,2
2021-07-03 21:42:23,4,0,0,4
2021-07-03 21:42:25,2,1,0,3
2021-07-03 21:42:28,1,0,0,1
2021-07-03 21:42:32,1,0,0,1
2021-07-03 21:42:37,1,0,0,1
2021-07-03 21:42:46,0,0,0,0
2021-07-03 21:42:47,1,0,0,1
2021-07-03 21:42:48,2,0,0,2
2021-07-03 21:42:49,1,1,0,2
2021-07-03 21:42:51,0,0,0,0
2021-07-03 21:42:57,1,0,0,1
2021-07-03 21:42:59,1,0,0,1
2021-07-03 21:43:00,4,0,0,4
2021-07-03 21:43:04,0,0,0,0
2021-07-03 21:43:07,3,0,2,5
2021-07-03 21:43:15,12,0,3,15
2021-07-03 21:43:19,41,0,3,44
2021-07-03 21:43:22,0,0,0,0
2021-07-03 21:43:29,0,0,0,0
2021-07-03 21:43:31,5,0,1,6
2021-07-03 21:43:32,0,0,0,0
2021-07-03 21:43:34,4,0,0,4
2021-07-03 21:43:35,1,0,0,1
2021-07-03 21:43:36,0,0,0,0
2021-07-03 21:43:39,10,2,0,12
2021-07-03 21:43:40,0,0,0,0
2021-07-03 21:43:44,0,0,0,0
2021-07-03 21:43:46,2,1,0,3
2021-07-03 21:43:48,0,1,0,1
2021-07-03 21:43:51,3,0,0,3
2021-07-03 21:43:52,4,2,0,6
2021-07-03 21:43:55,1,1,0,2
2021-07-03 21:43:57,1,0,0,1
2021-07-03 21:43:59,0,0,0,0
2021-07-03 21:44:02,0,0,0,0
2021-07-03 21:44:06,0,0,0,0
2021-07-03 21:44:07,0,0,0,0
2021-07-03 21:44:08,1,0,1,2
2021-07-03 21:44:10,1,0,0,1
2021-07-03 21:44:12,5,0,1,6
2021-07-03 21:44:14,0,0,0,0
2021-07-03 21:44:21,0,0,0,0
2021-07-03 21:44:22,0,0,0,0
2021-07-03 21:44:25,0,0,0,0
2021-07-03 21:44:27,0,0,0,0
2021-07-03 21:44:29,0,0,0,0
2021-07-03 21:44:31,0,0,0,0
2021-07-03 21:44:42,28,0,10,38
2021-07-03 21:44:43,16,0,3,19
2021-07-03 21:44:51,0,0,0,0
2021-07-03 21:44:52,5,1,1,7
2021-07-03 21:44:58,0,1,0,1
2021-07-03 21:44:59,1,0,0,1
2021-07-03 21:45:04,4,0,0,4
2021-07-03 21:45:05,0,0,0,0
2021-07-03 21:45:08,48,2,1,51
2021-07-03 21:45:13,0,0,0,0
2021-07-03 21:45:14,16,1,0,17
2021-07-03 21:45:19,0,0,0,0
2021-07-03 21:45:21,3,1,1,5
2021-07-03 21:45:24,2,1,2,5
2021-07-03 21:45:26,91,2,19,112
2021-07-03 21:45:28,3,1,0,4
2021-07-03 21:45:35,0,0,0,0
2021-07-03 21:45:37,5,1,0,6
2021-07-03 21:45:38,0,0,0,0
2021-07-03 21:45:43,1,0,0,1
2021-07-03 21:45:48,4,0,2,6
2021-07-03 21:45:49,0,0,0,0
2021-07-03 21:45:55,25,1,5,31
2021-07-03 21:45:56,17,2,7,26
2021-07-03 21:46:05,0,0,0,0
2021-07-03 21:46:09,0,0,0,0
2021-07-03 21:46:10,0,0,0,0
2021-07-03 21:46:13,19,0,1,20
2021-07-03 21:46:14,0,0,0,0
2021-07-03 21:46:21,74,0,32,106
2021-07-03 21:46:23,0,0,0,0
2021-07-03 21:46:26,3,0,2,5
2021-07-03 21:46:28,13,0,7,20
2021-07-03 21:46:29,0,0,0,0
2021-07-03 21:46:33,0,0,0,0
2021-07-03 21:46:36,79,2,1,82
2021-07-03 21:46:37,8,0,3,11
2021-07-03 21:46:39,2,0,1,3
2021-07-03 21:46:46,1,0,0,1
2021-07-03 21:46:48,5,0,0,5
2021-07-03 21:46:53,1,0,0,1
2021-07-03 21:46:56,0,0,0,0
2021-07-03 21:47:00,7,0,0,7
2021-07-03 21:47:03,51,1,15,67
2021-07-03 21:47:10,0,0,0,0
2021-07-03 21:47:14,1,0,0,1
2021-07-03 21:47:15,2,0,1,3
2021-07-03 21:47:16,2,0,1,3
2021-07-03 21:47:19,5,0,1,6
2021-07-03 21:47:32,1,0,0,1
2021-07-03 21:47:39,7,0,1,8
2021-07-03 21:47:40,0,0,0,0
2021-07-03 21:47:45,1,0,0,1
2021-07-03 21:47:51,1,0,0,1
2021-07-03 21:47:56,0,0,0,0
2021-07-03 21:48:01,0,0,0,0
2021-07-03 21:48:04,0,0,0,0
2021-07-03 21:48:05,0,0,0,0
2021-07-03 21:48:06,1,0,0,1
2021-07-03 21:48:09,0,0,0,0
2021-07-03 21:48:10,0,0,0,0
2021-07-03 21:48:12,2,0,0,2
2021-07-03 21:48:17,17,0,4,21
2021-07-03 21:48:24,0,0,0,0
2021-07-03 21:48:28,0,0,0,0
2021-07-03 21:48:32,1,0,0,1
2021-07-03 21:48:35,0,1,0,1
2021-07-03 21:48:38,0,0,0,0
2021-07-03 21:48:39,76,1,12,89
2021-07-03 21:48:46,1,0,0,1
2021-07-03 21:48:53,2,0,0,2
2021-07-03 21:48:55,0,0,0,0
2021-07-03 21:49:03,2,0,1,3
2021-07-03 21:49:05,2,1,0,3
2021-07-03 21:49:08,2,0,1,3
2021-07-03 21:49:16,0,0,1,1
2021-07-03 21:49:20,9,0,1,10
2021-07-03 21:49:28,2,1,0,3
2021-07-03 21:49:35,4,0,0,4
2021-07-03 21:49:37,7,1,2,10
2021-07-03 21:49:53,3,0,0,3
2021-07-03 21:49:56,11,0,0,11
2021-07-03 21:49:57,1,0,0,1
2021-07-03 21:50:00,0,0,0,0
2021-07-03 21:50:03,0,0,0,0
2021-07-03 21:50:04,2,1,0,3
2021-07-03 21:50:09,1,0,1,2
2021-07-03 21:50:15,44,45,1,90
2021-07-03 21:50:18,2,2,0,4
2021-07-03 21:50:23,0,1,0,1
2021-07-03 21:50:26,0,0,0,0
2021-07-03 21:50:28,0,1,0,1
2021-07-03 21:50:29,0,0,0,0
2021-07-03 21:50:32,7,2,2,11
2021-07-03 21:50:33,0,0,0,0
2021-07-03 21:50:35,1,0,0,1
2021-07-03 21:50:36,82,5,21,108
2021-07-03 21:50:41,19,0,4,23
2021-07-03 21:50:45,5,0,0,5
2021-07-03 21:50:47,0,0,0,0
2021-07-03 21:50:50,2,0,1,3
2021-07-03 21:51:00,0,0,0,0
2021-07-03 21:51:04,4,0,0,4
2021-07-03 21:51:06,0,0,0,0
2021-07-03 21:51:11,5,2,0,7
2021-07-03 21:51:15,2,0,2,4
2021-07-03 21:51:16,0,0,0,0
2021-07-03 21:51:21,0,1,0,1
2021-07-03 21:51:29,0,0,0,0
2021-07-03 21:51:31,1,0,0,1
2021-07-03 21:51:34,1,0,0,1
2021-07-03 21:51:35,2,1,0,3
2021-07-03 21:51:40,414,4,97,515
2021-07-03 21:51:42,0,0,0,0
2021-07-03 21:51:48,24,0,3,27
2021-07-03 21:51:53,9,2,8,19
2021-07-03 21:51:56,2,0,0,2
2021-07-03 21:51:57,3,1,1,5
2021-07-03 21:51:59,576,11,33,620
2021-07-03 21:52:00,430,5,1,436
2021-07-03 21:52:02,2,0,0,2
2021-07-03 21:52:18,6,1,3,10
2021-07-03 21:52:21,0,0,0,0
2021-07-03 21:52:29,1,0,1,2
2021-07-03 21:52:39,30,1,0,31
2021-07-03 21:52:40,11,0,0,11
2021-07-03 21:52:42,10,0,0,10
2021-07-03 21:52:47,0,0,0,0
2021-07-03 21:52:50,2,0,0,2
2021-07-03 21:52:53,2,0,0,2
2021-07-03 21:52:54,88,0,18,106
2021-07-03 21:52:56,52,0,1,53
2021-07-03 21:52:57,1,0,0,1
2021-07-03 21:52:58,0,0,0,0
2021-07-03 21:52:59,0,0,0,0
2021-07-03 21:53:04,0,0,0,0
2021-07-03 21:53:08,3,0,0,3
2021-07-03 21:53:10,3056,62,668,3786
2021-07-03 21:53:11,0,0,0,0
2021-07-03 21:53:12,0,0,0,0
2021-07-03 21:53:22,0,0,0,0
2021-07-03 21:53:26,0,0,0,0
2021-07-03 21:53:32,0,0,0,0
2021-07-03 21:53:40,10,0,0,10
2021-07-03 21:53:45,2,0,0,2
2021-07-03 21:53:46,1,0,0,1
2021-07-03 21:53:51,0,0,0,0
2021-07-03 21:53:53,1,0,0,1
2021-07-03 21:53:57,4,0,0,4
2021-07-03 21:54:05,5,0,2,7
2021-07-03 21:54:07,2,0,0,2
2021-07-03 21:54:10,3,0,1,4
2021-07-03 21:54:12,5,0,2,7
2021-07-03 21:54:16,22,0,8,30
2021-07-03 21:54:31,5,0,1,6
2021-07-03 21:54:35,207,1,15,223
2021-07-03 21:54:40,1,0,2,3
2021-07-03 21:54:45,1,0,0,1
2021-07-03 21:54:47,0,0,0,0
2021-07-03 21:54:52,56,0,18,74
2021-07-03 21:54:56,4,0,1,5
2021-07-03 21:54:57,4,0,1,5
2021-07-03 21:54:58,1,0,0,1
2021-07-03 21:55:00,3,0,2,5
2021-07-03 21:55:08,1,0,1,2
2021-07-03 21:55:11,4,0,2,6
2021-07-03 21:55:14,0,0,0,0
2021-07-03 21:55:17,2,0,1,3
2021-07-03 21:55:21,40,4,6,50
2021-07-03 21:55:22,16,2,7,25
2021-07-03 21:55:31,2,0,2,4
2021-07-03 21:55:34,1,0,1,2
2021-07-03 21:55:36,1,0,1,2
2021-07-03 21:55:38,0,0,0,0
2021-07-03 21:55:45,0,0,0,0
2021-07-03 21:55:50,0,0,0,0
2021-07-03 21:55:53,0,0,0,0
2021-07-03 21:55:54,33,0,4,37
2021-07-03 21:55:57,2,0,1,3
2021-07-03 21:56:00,13,0,2,15
2021-07-03 21:56:01,39,2,8,49
2021-07-03 21:56:03,7,2,2,11
2021-07-03 21:56:08,3,0,0,3
2021-07-03 21:56:09,0,0,0,0
2021-07-03 21:56:10,0,0,0,0
2021-07-03 21:56:17,0,1,0,1
2021-07-03 21:56:18,10,1,4,15
2021-07-03 21:56:29,0,0,0,0
2021-07-03 21:56:30,1,1,0,2
2021-07-03 21:56:32,0,0,0,0
2021-07-03 21:56:34,0,0,0,0
2021-07-03 21:56:40,0,0,0,0
2021-07-03 21:56:41,0,0,0,0
2021-07-03 21:56:46,18,2,1,21
2021-07-03 21:56:47,22,1,1,24
2021-07-03 21:56:48,1,0,1,2
2021-07-03 21:56:49,39,2,11,52
2021-07-03 21:56:59,2,0,1,3
2021-07-03 21:57:08,0,0,0,0
2021-07-03 21:57:12,17,0,3,20
2021-07-03 21:57:13,0,0,0,0
2021-07-03 21:57:15,1,0,0,1
2021-07-03 21:57:20,0,0,0,0
2021-07-03 21:57:27,15,0,1,16
2021-07-03 21:57:30,0,0,0,0
2021-07-03 21:57:33,3,0,0,3
2021-07-03 21:57:35,3,0,0,3
2021-07-03 21:57:40,0,0,0,0
2021-07-03 21:57:43,2,0,0,2
2021-07-03 21:57:48,4,0,0,4
2021-07-03 21:57:50,0,0,0,0
2021-07-03 21:57:54,1,0,0,1
2021-07-03 21:57:59,0,0,0,0
2021-07-03 21:58:04,1,0,0,1
2021-07-03 21:58:07,421,8,108,537
2021-07-03 21:58:08,1,0,0,1
2021-07-03 21:58:09,0,0,0,0
2021-07-03 21:58:11,33,0,6,39
2021-07-03 21:58:14,0,0,0,0
2021-07-03 21:58:16,4,1,0,5
2021-07-03 21:58:22,434,7,88,529
2021-07-03 21:58:23,0,1,0,1
2021-07-03 21:58:26,1,0,0,1
2021-07-03 21:58:33,1,0,0,1
2021-07-03 21:58:36,2,0,0,2
2021-07-03 21:58:40,3,0,0,3
2021-07-03 21:58:44,7,0,0,7
2021-07-03 21:58:45,11,0,2,13
2021-07-03 21:58:50,0,0,0,0
2021-07-03 21:58:55,2,0,1,3
2021-07-03 21:58:58,0,0,0,0
2021-07-03 21:58:59,0,0,0,0
2021-07-03 21:59:00,39,0,11,50
2021-07-03 21:59:01,0,0,0,0
2021-07-03 21:59:03,0,0,0,0
2021-07-03 21:59:06,0,0,0,0
2021-07-03 21:59:07,2,0,0,2
2021-07-03 21:59:10,0,0,0,0
2021-07-03 21:59:13,5,0,4,9
2021-07-03 21:59:22,0,1,0,1
2021-07-03 21:59:23,1,0,0,1
2021-07-03 21:59:27,0,0,0,0
2021-07-03 21:59:28,4,0,0,4
2021-07-03 21:59:37,3,0,1,4
2021-07-03 21:59:53,3,0,1,4
2021-07-03 22:00:00,1478,42,194,1714
2021-07-03 22:00:02,1,0,0,1
2021-07-03 22:00:05,5,0,1,6
2021-07-03 22:00:15,2,0,0,2
2021-07-03 22:00:19,0,0,0,0
2021-07-03 22:00:26,5,0,0,5
2021-07-03 22:00:27,0,0,0,0
2021-07-03 22:00:29,2,0,0,2
2021-07-03 22:00:33,10,1,0,11
2021-07-03 22:00:36,0,0,0,0
2021-07-03 22:00:49,0,0,1,1
2021-07-03 22:00:50,5,0,0,5
2021-07-03 22:00:52,0,0,0,0
2021-07-03 22:00:54,74,8,4,86
2021-07-03 22:00:59,0,6,0,6
2021-07-03 22:01:04,4,0,2,6
2021-07-03 22:01:08,10,1,5,16
2021-07-03 22:01:17,2,1,0,3
2021-07-03 22:01:20,1,0,1,2
2021-07-03 22:01:22,21,4,0,25
2021-07-03 22:01:23,0,0,0,0
2021-07-03 22:01:31,1,0,0,1
2021-07-03 22:01:36,0,0,0,0
2021-07-03 22:01:38,1,0,0,1
2021-07-03 22:01:40,14,1,0,15
2021-07-03 22:01:50,0,0,0,0
2021-07-03 22:01:52,0,0,0,0
2021-07-03 22:01:56,5,0,1,6
2021-07-03 22:01:59,20,0,2,22
2021-07-03 22:02:11,6,1,1,8
2021-07-03 22:02:14,6,0,4,10
2021-07-03 22:02:15,14,0,6,20
2021-07-03 22:02:20,0,0,0,0
2021-07-03 22:02:26,0,1,0,1
2021-07-03 22:02:29,10,0,0,10
2021-07-03 22:02:31,2,0,0,2
2021-07-03 22:02:37,111,6,22,139
2021-07-03 22:02:38,3,0,1,4
2021-07-03 22:02:48,2,0,0,2
2021-07-03 22:02:52,1,0,0,1
2021-07-03 22:02:56,0,0,0,0
2021-07-03 22:02:59,4,2,0,6
2021-07-03 22:03:01,1,0,0,1
2021-07-03 22:03:08,1,0,0,1
2021-07-03 22:03:14,0,0,0,0
2021-07-03 22:03:16,0,0,0,0
2021-07-03 22:03:24,0,0,0,0
2021-07-03 22:03:26,2,0,0,2
2021-07-03 22:03:27,1,0,0,1
2021-07-03 22:03:33,1,0,0,1
2021-07-03 22:03:34,2,0,0,2
2021-07-03 22:03:41,4,0,3,7
2021-07-03 22:03:51,4,0,1,5
2021-07-03 22:03:54,0,0,0,0
2021-07-03 22:03:56,5,0,0,5
2021-07-03 22:04:08,5,0,1,6
2021-07-03 22:04:11,5,0,0,5
2021-07-03 22:04:18,5,0,0,5
2021-07-03 22:04:19,8,1,7,16
2021-07-03 22:04:31,0,0,0,0
2021-07-03 22:04:36,1,0,0,1
2021-07-03 22:04:42,34,2,8,44
2021-07-03 22:04:44,0,0,0,0
2021-07-03 22:04:49,1,0,0,1
2021-07-03 22:04:59,0,0,0,0
2021-07-03 22:05:01,21,1,6,28
2021-07-03 22:05:06,0,0,0,0
2021-07-03 22:05:09,8,0,2,10
2021-07-03 22:05:10,3,0,0,3
2021-07-03 22:05:11,5,0,1,6
2021-07-03 22:05:13,1,0,0,1
2021-07-03 22:05:24,1,0,0,1
2021-07-03 22:05:25,3,0,1,4
2021-07-03 22:05:27,4,0,0,4
2021-07-03 22:05:40,4,0,2,6
2021-07-03 22:05:48,1,0,0,1
2021-07-03 22:05:49,4,0,0,4
2021-07-03 22:05:53,0,0,0,0
2021-07-03 22:05:54,5,0,1,6
2021-07-03 22:06:14,0,0,0,0
2021-07-03 22:06:19,10,0,0,10
2021-07-03 22:06:21,1,0,0,1
2021-07-03 22:06:29,0,0,0,0
2021-07-03 22:06:30,219,1,23,243
2021-07-03 22:06:32,2,0,0,2
2021-07-03 22:06:37,3,1,0,4
2021-07-03 22:06:45,14,0,1,15
2021-07-03 22:06:47,26,0,11,37
2021-07-03 22:06:49,1,0,0,1
2021-07-03 22:06:51,4,0,3,7
2021-07-03 22:06:54,0,0,0,0
2021-07-03 22:06:56,1,0,0,1
2021-07-03 22:06:57,4,0,0,4
2021-07-03 22:06:58,3,0,0,3
2021-07-03 22:07:00,0,0,0,0
2021-07-03 22:07:02,0,0,0,0
2021-07-03 22:07:03,0,0,0,0
2021-07-03 22:07:17,30,0,2,32
2021-07-03 22:07:18,2,0,1,3
2021-07-03 22:07:19,0,0,0,0
2021-07-03 22:07:23,11,1,6,18
2021-07-03 22:07:25,21,0,4,25
2021-07-03 22:07:30,0,0,0,0
2021-07-03 22:07:31,2,1,0,3
2021-07-03 22:07:34,0,0,0,0
2021-07-03 22:07:36,6,3,1,10
2021-07-03 22:07:40,4,0,0,4
2021-07-03 22:07:48,12,0,4,16
2021-07-03 22:07:55,0,0,0,0
2021-07-03 22:07:59,0,0,0,0
2021-07-03 22:08:03,3,0,1,4
2021-07-03 22:08:04,0,0,0,0
2021-07-03 22:08:10,0,0,0,0
2021-07-03 22:08:24,4,0,1,5
2021-07-03 22:08:29,4,1,1,6
2021-07-03 22:08:30,13,2,5,20
2021-07-03 22:08:46,1,0,0,1
2021-07-03 22:08:56,2,0,1,3
2021-07-03 22:09:00,22,0,5,27
2021-07-03 22:09:01,2,0,0,2
2021-07-03 22:09:05,1,0,0,1
2021-07-03 22:09:06,0,0,0,0
2021-07-03 22:09:27,0,0,0,0
2021-07-03 22:09:28,3,0,0,3
2021-07-03 22:09:32,13,0,1,14
2021-07-03 22:09:36,0,0,0,0
2021-07-03 22:09:38,2,0,0,2
2021-07-03 22:09:40,1,0,0,1
2021-07-03 22:09:41,2,0,0,2
2021-07-03 22:09:42,0,0,0,0
2021-07-03 22:09:47,2,0,0,2
2021-07-03 22:09:49,1,0,0,1
2021-07-03 22:09:50,0,0,0,0
2021-07-03 22:09:56,10,1,3,14
2021-07-03 22:09:58,20,0,7,27
2021-07-03 22:10:00,48,1,7,56
2021-07-03 22:10:13,0,0,0,0
2021-07-03 22:10:27,0,0,0,0
2021-07-03 22:10:28,2,0,0,2
2021-07-03 22:10:33,0,0,0,0
2021-07-03 22:10:37,3,0,0,3
2021-07-03 22:10:38,5,0,2,7
2021-07-03 22:10:40,0,0,0,0
2021-07-03 22:10:44,0,0,0,0
2021-07-03 22:10:49,3,0,0,3
2021-07-03 22:10:50,4,1,2,7
2021-07-03 22:11:07,0,0,0,0
2021-07-03 22:11:12,0,0,0,0
2021-07-03 22:11:15,162,3,20,185
2021-07-03 22:11:25,0,0,0,0
2021-07-03 22:11:26,1,0,0,1
2021-07-03 22:11:27,0,0,0,0
2021-07-03 22:11:29,1228,24,250,1502
2021-07-03 22:11:33,5,0,0,5
2021-07-03 22:11:34,8,0,0,8
2021-07-03 22:11:36,4,0,1,5
2021-07-03 22:11:39,0,0,0,0
2021-07-03 22:11:41,0,0,0,0
2021-07-03 22:11:48,13,0,3,16
2021-07-03 22:12:02,1,0,0,1
2021-07-03 22:12:08,14,0,0,14
2021-07-03 22:12:13,26,3,10,39
2021-07-03 22:12:17,1,0,0,1
2021-07-03 22:12:18,0,0,0,0
2021-07-03 22:12:19,1,0,1,2
2021-07-03 22:12:23,0,1,0,1
2021-07-03 22:12:25,3,0,0,3
2021-07-03 22:12:26,0,0,0,0
2021-07-03 22:12:31,0,0,0,0
2021-07-03 22:12:34,0,0,0,0
2021-07-03 22:12:52,3,0,0,3
2021-07-03 22:13:06,1,0,0,1
2021-07-03 22:13:09,1,1,0,2
2021-07-03 22:13:18,15,0,1,16
2021-07-03 22:13:19,0,0,0,0
2021-07-03 22:13:22,0,0,0,0
2021-07-03 22:13:23,0,0,0,0
2021-07-03 22:13:24,9,0,2,11
2021-07-03 22:13:25,0,0,0,0
2021-07-03 22:13:28,0,0,0,0
2021-07-03 22:13:35,0,0,0,0
2021-07-03 22:13:36,0,0,0,0
2021-07-03 22:13:39,3,0,1,4
2021-07-03 22:13:44,2,0,0,2
2021-07-03 22:13:45,23,2,4,29
2021-07-03 22:13:46,0,0,0,0
2021-07-03 22:13:47,0,1,0,1
2021-07-03 22:13:59,141,5,38,184
2021-07-03 22:14:05,4,0,0,4
2021-07-03 22:14:11,14,0,3,17
2021-07-03 22:14:12,3,0,0,3
2021-07-03 22:14:36,39,0,3,42
2021-07-03 22:14:39,1,1,0,2
2021-07-03 22:14:41,4,2,0,6
2021-07-03 22:14:47,1,0,0,1
2021-07-03 22:14:48,0,0,0,0
2021-07-03 22:14:55,34,2,4,40
2021-07-03 22:14:56,3,1,0,4
2021-07-03 22:14:57,0,0,0,0
2021-07-03 22:14:58,6,0,0,6
2021-07-03 22:15:01,3,1,1,5
2021-07-03 22:15:09,21,0,0,21
2021-07-03 22:15:11,7,0,0,7
2021-07-03 22:15:12,0,0,0,0
2021-07-03 22:15:15,1,0,0,1
2021-07-03 22:15:26,4,1,0,5
2021-07-03 22:15:30,0,0,0,0
2021-07-03 22:15:33,19,0,1,20
2021-07-03 22:15:38,4,1,2,7
2021-07-03 22:15:40,0,0,0,0
2021-07-03 22:15:43,70,0,20,90
2021-07-03 22:15:44,3,0,0,3
2021-07-03 22:15:48,1,0,0,1
2021-07-03 22:15:50,0,0,0,0
2021-07-03 22:15:54,0,0,0,0
2021-07-03 22:15:55,1,0,0,1
2021-07-03 22:16:02,20,1,3,24
2021-07-03 22:16:04,0,0,0,0
2021-07-03 22:16:15,2,0,2,4
2021-07-03 22:16:18,1,0,0,1
2021-07-03 22:16:23,213,5,97,315
2021-07-03 22:16:26,0,0,0,0
2021-07-03 22:16:30,4,0,0,4
2021-07-03 22:16:33,2,0,1,3
2021-07-03 22:16:35,0,0,0,0
2021-07-03 22:16:46,0,0,0,0
2021-07-03 22:16:52,1,0,0,1
2021-07-03 22:16:53,2,0,0,2
2021-07-03 22:17:02,0,0,0,0
2021-07-03 22:17:05,0,0,0,0
2021-07-03 22:17:08,0,0,0,0
2021-07-03 22:17:19,5,0,2,7
2021-07-03 22:17:27,6279,27,338,6644
2021-07-03 22:17:36,1,0,0,1
2021-07-03 22:17:40,0,0,0,0
2021-07-03 22:17:44,15,1,1,17
2021-07-03 22:17:45,0,0,0,0
2021-07-03 22:17:50,2,0,0,2
2021-07-03 22:17:53,30,1,2,33
2021-07-03 22:17:56,4,0,1,5
2021-07-03 22:17:57,0,0,0,0
2021-07-03 22:18:02,259,11,70,340
2021-07-03 22:18:03,0,0,0,0
2021-07-03 22:18:07,4,0,1,5
2021-07-03 22:18:13,1,0,0,1
2021-07-03 22:18:15,5,0,0,5
2021-07-03 22:18:24,7,0,0,7
2021-07-03 22:18:27,2,0,0,2
2021-07-03 22:18:38,0,0,0,0
2021-07-03 22:18:48,0,0,0,0
2021-07-03 22:18:52,0,0,0,0
2021-07-03 22:18:57,4,0,0,4
2021-07-03 22:19:02,14,0,1,15
2021-07-03 22:19:03,0,0,0,0
2021-07-03 22:19:08,1,0,0,1
2021-07-03 22:19:19,1,0,0,1
2021-07-03 22:19:24,2,0,1,3
2021-07-03 22:19:27,0,0,0,0
2021-07-03 22:19:34,625,12,96,733
2021-07-03 22:19:37,1,0,0,1
2021-07-03 22:19:38,4,0,0,4
2021-07-03 22:19:44,0,0,0,0
2021-07-03 22:19:46,4,0,0,4
2021-07-03 22:19:50,4,2,0,6
2021-07-03 22:19:52,2,0,0,2
2021-07-03 22:19:55,0,0,0,0
2021-07-03 22:19:56,1,0,0,1
2021-07-03 22:20:00,0,0,0,0
2021-07-03 22:20:08,0,0,0,0
2021-07-03 22:20:19,5,1,0,6
2021-07-03 22:20:23,1,0,0,1
2021-07-03 22:20:25,1,0,0,1
2021-07-03 22:20:27,1,0,0,1
2021-07-03 22:20:34,1,0,0,1
2021-07-03 22:20:45,2,0,0,2
2021-07-03 22:20:46,0,0,1,1
2021-07-03 22:20:47,14,0,3,17
2021-07-03 22:20:59,1,0,1,2
2021-07-03 22:21:02,0,0,0,0
2021-07-03 22:21:08,0,0,0,0
2021-07-03 22:21:09,12,0,8,20
2021-07-03 22:21:19,1,0,0,1
2021-07-03 22:21:23,0,0,0,0
2021-07-03 22:21:30,0,0,0,0
2021-07-03 22:21:45,32,0,9,41
2021-07-03 22:21:46,1,0,0,1
2021-07-03 22:21:52,0,0,0,0
2021-07-03 22:21:58,3,1,1,5
2021-07-03 22:21:59,0,0,0,0
2021-07-03 22:22:08,42,1,4,47
2021-07-03 22:22:11,0,0,0,0
2021-07-03 22:22:19,7,1,0,8
2021-07-03 22:22:23,23,0,10,33
2021-07-03 22:22:28,0,0,0,0
2021-07-03 22:22:37,0,0,0,0
2021-07-03 22:22:48,11,0,1,12
2021-07-03 22:22:51,32,2,5,39
2021-07-03 22:22:52,2,0,0,2
2021-07-03 22:22:57,1,0,1,2
2021-07-03 22:23:01,3460,36,528,4024
2021-07-03 22:23:02,2,0,0,2
2021-07-03 22:23:03,184,2,34,220
2021-07-03 22:23:04,219,2,52,273
2021-07-03 22:23:05,92,1,18,111
2021-07-03 22:23:07,1,0,0,1
2021-07-03 22:23:10,3,0,0,3
2021-07-03 22:23:12,842,8,105,955
2021-07-03 22:23:17,55,1,9,65
2021-07-03 22:23:20,991,17,148,1156
2021-07-03 22:23:40,0,0,0,0
2021-07-03 22:23:47,20,0,6,26
2021-07-03 22:23:52,31,1,8,40
2021-07-03 22:23:58,1,0,0,1
2021-07-03 22:24:12,0,0,0,0
2021-07-03 22:24:33,0,0,0,0
2021-07-03 22:24:34,6,0,3,9
2021-07-03 22:24:40,11,0,0,11
2021-07-03 22:24:42,0,1,0,1
2021-07-03 22:24:56,1,0,2,3
2021-07-03 22:24:58,2,0,0,2
2021-07-03 22:24:59,6,0,0,6
2021-07-03 22:25:09,0,0,0,0
2021-07-03 22:25:16,0,0,0,0
2021-07-03 22:25:18,0,0,0,0
2021-07-03 22:25:19,10,0,2,12
2021-07-03 22:25:21,3,1,0,4
2021-07-03 22:25:22,0,0,0,0
2021-07-03 22:25:23,30,1,5,36
2021-07-03 22:25:31,2,0,0,2
2021-07-03 22:25:39,0,0,0,0
2021-07-03 22:25:41,285,17,74,376
2021-07-03 22:25:57,0,0,0,0
2021-07-03 22:26:02,1,0,0,1
2021-07-03 22:26:05,1,0,0,1
2021-07-03 22:26:13,57,0,6,63
2021-07-03 22:26:14,3,0,0,3
2021-07-03 22:26:24,139,2,35,176
2021-07-03 22:26:27,16,0,1,17
2021-07-03 22:26:29,0,0,0,0
2021-07-03 22:26:34,2,0,0,2
2021-07-03 22:26:42,33,5,4,42
2021-07-03 22:26:45,58,5,17,80
2021-07-03 22:26:50,7,0,1,8
2021-07-03 22:26:57,9,1,2,12
2021-07-03 22:27:01,1,0,0,1
2021-07-03 22:27:02,7,1,0,8
2021-07-03 22:27:07,34,0,0,34
2021-07-03 22:27:13,1,0,0,1
2021-07-03 22:27:21,13,0,1,14
2021-07-03 22:27:22,2,0,0,2
2021-07-03 22:27:27,6,0,1,7
2021-07-03 22:27:29,27,5,6,38
2021-07-03 22:27:31,2,0,2,4
2021-07-03 22:27:48,1,0,0,1
2021-07-03 22:27:52,26,0,5,31
2021-07-03 22:27:54,3,0,0,3
2021-07-03 22:27:58,3,0,1,4
2021-07-03 22:28:02,0,0,0,0
2021-07-03 22:28:20,0,0,0,0
2021-07-03 22:28:21,4,0,0,4
2021-07-03 22:28:27,0,0,0,0
2021-07-03 22:28:29,2,0,0,2
2021-07-03 22:28:31,0,0,0,0
2021-07-03 22:28:37,0,0,0,0
2021-07-03 22:28:40,0,1,0,1
2021-07-03 22:28:47,1,1,0,2
2021-07-03 22:28:49,0,0,0,0
2021-07-03 22:28:52,1,0,1,2
2021-07-03 22:28:59,0,0,0,0
2021-07-03 22:29:10,0,0,0,0
2021-07-03 22:29:15,226,26,16,268
2021-07-03 22:29:17,6,0,3,9
2021-07-03 22:29:19,1,0,0,1
2021-07-03 22:29:20,0,0,0,0
2021-07-03 22:29:23,0,0,0,0
2021-07-03 22:29:26,0,0,0,0
2021-07-03 22:29:30,9,0,0,9
2021-07-03 22:29:38,0,0,0,0
2021-07-03 22:30:00,507,53,96,656
2021-07-03 22:30:03,1,0,0,1
2021-07-03 22:30:08,12,1,2,15
2021-07-03 22:30:11,2,1,0,3
2021-07-03 22:30:17,1,0,0,1
2021-07-03 22:30:18,21,5,3,29
2021-07-03 22:30:21,15,0,7,22
2021-07-03 22:30:25,0,0,0,0
2021-07-03 22:30:31,1,0,0,1
2021-07-03 22:30:42,1,0,0,1
2021-07-03 22:30:58,1,0,0,1
2021-07-03 22:31:02,0,0,0,0
2021-07-03 22:31:04,0,0,0,0
2021-07-03 22:31:10,686,6,84,776
2021-07-03 22:31:14,1,0,0,1
2021-07-03 22:31:19,0,0,0,0
2021-07-03 22:31:25,4,0,0,4
2021-07-03 22:31:28,55,0,9,64
2021-07-03 22:31:34,0,0,0,0
2021-07-03 22:31:35,5,0,0,5
2021-07-03 22:31:36,0,0,0,0
2021-07-03 22:31:37,12,0,0,12
2021-07-03 22:31:45,0,0,0,0
2021-07-03 22:31:47,0,0,1,1
2021-07-03 22:31:53,0,0,0,0
2021-07-03 22:31:55,190,3,36,229
2021-07-03 22:31:58,7,1,0,8
2021-07-03 22:31:59,0,0,0,0
2021-07-03 22:32:09,2,0,0,2
2021-07-03 22:32:12,4,0,0,4
2021-07-03 22:32:14,0,0,0,0
2021-07-03 22:32:21,105,5,16,126
2021-07-03 22:32:23,5,0,1,6
2021-07-03 22:32:27,21,0,4,25
2021-07-03 22:32:30,41,1,1,43
2021-07-03 22:32:49,0,0,0,0
2021-07-03 22:32:51,0,0,0,0
2021-07-03 22:32:53,7,0,1,8
2021-07-03 22:32:54,26,1,0,27
2021-07-03 22:32:59,2,0,1,3
2021-07-03 22:33:05,7,0,2,9
2021-07-03 22:33:08,0,0,0,0
2021-07-03 22:33:22,0,0,1,1
2021-07-03 22:33:24,18,0,0,18
2021-07-03 22:33:25,4,1,0,5
2021-07-03 22:33:26,0,0,0,0
2021-07-03 22:33:36,1,0,0,1
2021-07-03 22:33:37,0,0,0,0
2021-07-03 22:33:45,8,1,2,11
2021-07-03 22:33:50,3,0,1,4
2021-07-03 22:33:55,0,0,0,0
2021-07-03 22:33:56,0,0,0,0
2021-07-03 22:34:06,1,0,0,1
2021-07-03 22:34:08,4,0,0,4
2021-07-03 22:34:10,1,0,0,1
2021-07-03 22:34:21,8,0,2,10
2021-07-03 22:34:26,1,0,0,1
2021-07-03 22:34:27,24,1,3,28
2021-07-03 22:34:33,64,2,1,67
2021-07-03 22:34:40,0,0,0,0
2021-07-03 22:34:43,0,0,0,0
2021-07-03 22:34:49,2,0,0,2
2021-07-03 22:34:53,3,0,0,3
2021-07-03 22:34:57,1,0,0,1
2021-07-03 22:35:16,1,0,0,1
2021-07-03 22:35:22,52,2,14,68
2021-07-03 22:35:23,0,0,0,0
2021-07-03 22:35:25,0,0,0,0
2021-07-03 22:35:28,0,0,0,0
2021-07-03 22:35:29,0,0,0,0
2021-07-03 22:35:39,0,0,0,0
2021-07-03 22:35:45,0,0,0,0
2021-07-03 22:35:52,0,0,0,0
2021-07-03 22:36:04,3,0,0,3
2021-07-03 22:36:05,16,0,2,18
2021-07-03 22:36:06,0,0,0,0
2021-07-03 22:36:08,0,0,0,0
2021-07-03 22:36:09,7,0,0,7
2021-07-03 22:36:10,44,0,12,56
2021-07-03 22:36:11,150,0,38,188
2021-07-03 22:36:12,2,0,2,4
2021-07-03 22:36:13,0,0,0,0
2021-07-03 22:36:14,0,0,0,0
2021-07-03 22:36:15,0,0,0,0
2021-07-03 22:36:24,9,0,0,9
2021-07-03 22:36:25,19,1,1,21
2021-07-03 22:36:26,2,0,0,2
2021-07-03 22:36:35,17,0,2,19
2021-07-03 22:36:41,2,0,1,3
2021-07-03 22:36:46,13,2,2,17
2021-07-03 22:36:51,2,0,1,3
2021-07-03 22:36:52,0,0,0,0
2021-07-03 22:36:56,10,2,2,14
2021-07-03 22:37:01,8,0,6,14
2021-07-03 22:37:07,4,0,1,5
2021-07-03 22:37:08,1,0,1,2
2021-07-03 22:37:17,2,0,1,3
2021-07-03 22:37:21,6,0,1,7
2021-07-03 22:37:23,63,2,19,84
2021-07-03 22:37:42,0,0,0,0
2021-07-03 22:37:45,207,1,25,233
2021-07-03 22:37:46,1,0,0,1
2021-07-03 22:37:48,4,0,3,7
2021-07-03 22:38:00,150,0,6,156
2021-07-03 22:38:03,0,0,0,0
2021-07-03 22:38:06,0,0,0,0
2021-07-03 22:38:10,0,0,0,0
2021-07-03 22:38:20,1,0,0,1
2021-07-03 22:38:23,2,0,1,3
2021-07-03 22:38:24,0,0,0,0
2021-07-03 22:38:26,0,0,0,0
2021-07-03 22:38:35,68,2,5,75
2021-07-03 22:38:43,0,0,0,0
2021-07-03 22:38:44,149,3,15,167
2021-07-03 22:38:49,2,0,1,3
2021-07-03 22:38:58,0,0,0,0
2021-07-03 22:39:09,9,0,2,11
2021-07-03 22:39:11,1,0,0,1
2021-07-03 22:39:17,3,1,0,4
2021-07-03 22:39:18,0,0,0,0
2021-07-03 22:39:25,0,0,0,0
2021-07-03 22:39:31,4,0,1,5
2021-07-03 22:39:34,0,0,0,0
2021-07-03 22:39:42,0,0,0,0
2021-07-03 22:39:44,0,0,0,0
2021-07-03 22:39:56,24,0,6,30
2021-07-03 22:39:57,1,1,1,3
2021-07-03 22:40:03,1,0,0,1
2021-07-03 22:40:08,0,0,0,0
2021-07-03 22:40:17,0,0,0,0
2021-07-03 22:40:18,2,0,1,3
2021-07-03 22:40:20,1,0,0,1
2021-07-03 22:40:22,52,0,2,54
2021-07-03 22:40:23,2,0,0,2
2021-07-03 22:40:25,1,0,0,1
2021-07-03 22:40:38,2,0,0,2
2021-07-03 22:40:39,3,1,0,4
2021-07-03 22:40:43,2,0,0,2
2021-07-03 22:40:52,6,0,0,6
2021-07-03 22:40:59,0,0,0,0
2021-07-03 22:41:04,426,1,43,470
2021-07-03 22:41:05,2,0,0,2
2021-07-03 22:41:06,2,1,0,3
2021-07-03 22:41:10,2,1,0,3
2021-07-03 22:41:12,8,2,0,10
2021-07-03 22:41:17,43,0,26,69
2021-07-03 22:41:19,1,0,0,1
2021-07-03 22:41:23,0,0,0,0
2021-07-03 22:41:24,1,0,0,1
2021-07-03 22:41:26,1254,60,296,1610
2021-07-03 22:41:27,0,0,0,0
2021-07-03 22:41:36,0,0,0,0
2021-07-03 22:41:40,0,0,0,0
2021-07-03 22:41:41,0,0,0,0
2021-07-03 22:41:43,9,1,4,14
2021-07-03 22:41:45,84,3,18,105
2021-07-03 22:41:54,0,0,0,0
2021-07-03 22:42:08,3,0,0,3
2021-07-03 22:42:09,0,0,0,0
2021-07-03 22:42:14,16,0,0,16
2021-07-03 22:42:29,0,0,0,0
2021-07-03 22:42:30,0,0,0,0
2021-07-03 22:42:31,1,0,0,1
2021-07-03 22:42:32,0,0,0,0
2021-07-03 22:42:33,0,0,0,0
2021-07-03 22:42:54,3,0,1,4
2021-07-03 22:42:55,2,0,0,2
2021-07-03 22:42:59,0,0,0,0
2021-07-03 22:43:01,0,0,0,0
2021-07-03 22:43:18,1,0,0,1
2021-07-03 22:43:20,0,0,0,0
2021-07-03 22:43:22,0,0,0,0
2021-07-03 22:43:30,1,0,0,1
2021-07-03 22:43:41,0,0,0,0
2021-07-03 22:43:44,10,1,3,14
2021-07-03 22:43:47,2,0,2,4
2021-07-03 22:43:51,1,0,0,1
2021-07-03 22:43:59,0,0,0,0
2021-07-03 22:44:03,2,0,0,2
2021-07-03 22:44:04,0,0,0,0
2021-07-03 22:44:10,0,0,1,1
2021-07-03 22:44:11,2,0,2,4
2021-07-03 22:44:14,2,0,1,3
2021-07-03 22:44:37,1,0,1,2
2021-07-03 22:44:48,1,1,0,2
2021-07-03 22:44:49,2,0,0,2
2021-07-03 22:44:51,0,0,0,0
2021-07-03 22:44:56,17,0,1,18
2021-07-03 22:44:58,0,0,0,0
2021-07-03 22:45:06,3,0,0,3
2021-07-03 22:45:07,1,0,1,2
2021-07-03 22:45:09,11,1,8,20
2021-07-03 22:45:13,67,4,6,77
2021-07-03 22:45:20,1,0,0,1
2021-07-03 22:45:26,8,0,0,8
2021-07-03 22:45:28,1,0,0,1
2021-07-03 22:45:31,1,0,0,1
2021-07-03 22:45:34,1,0,0,1
2021-07-03 22:45:40,0,0,0,0
2021-07-03 22:45:45,0,0,0,0
2021-07-03 22:45:50,3,0,1,4
2021-07-03 22:46:05,1,0,0,1
2021-07-03 22:46:17,5,0,1,6
2021-07-03 22:46:19,0,0,0,0
2021-07-03 22:46:22,1,0,1,2
2021-07-03 22:46:27,3,0,1,4
2021-07-03 22:46:34,21,0,4,25
2021-07-03 22:46:37,1,0,0,1
2021-07-03 22:46:39,279,6,36,321
2021-07-03 22:46:43,0,0,0,0
2021-07-03 22:46:52,1,0,0,1
2021-07-03 22:46:54,1,0,0,1
2021-07-03 22:46:55,189,12,64,265
2021-07-03 22:46:57,30,2,10,42
2021-07-03 22:47:01,5,1,0,6
2021-07-03 22:47:15,0,2,0,2
2021-07-03 22:47:26,3,0,0,3
2021-07-03 22:47:38,0,0,0,0
2021-07-03 22:48:00,0,0,0,0
2021-07-03 22:48:10,27,2,7,36
2021-07-03 22:48:16,0,0,0,0
2021-07-03 22:48:22,12,0,2,14
2021-07-03 22:48:25,23,0,0,23
2021-07-03 22:48:35,1,0,1,2
2021-07-03 22:48:36,1,0,0,1
2021-07-03 22:48:50,0,0,0,0
2021-07-03 22:48:55,0,0,0,0
2021-07-03 22:48:57,1,0,1,2
2021-07-03 22:49:03,0,0,0,0
2021-07-03 22:49:19,3,0,0,3
2021-07-03 22:49:20,206,4,16,226
2021-07-03 22:49:28,0,0,0,0
2021-07-03 22:49:32,0,0,0,0
2021-07-03 22:49:47,1,1,0,2
2021-07-03 22:49:52,8,0,1,9
2021-07-03 22:50:01,6,3,2,11
2021-07-03 22:50:04,36,2,7,45
2021-07-03 22:50:09,1,0,0,1
2021-07-03 22:50:21,0,0,0,0
2021-07-03 22:50:23,1,0,0,1
2021-07-03 22:50:25,3,0,1,4
2021-07-03 22:50:29,0,0,0,0
2021-07-03 22:50:45,1,0,0,1
2021-07-03 22:50:48,5,0,0,5
2021-07-03 22:50:53,3,0,0,3
2021-07-03 22:51:10,0,0,0,0
2021-07-03 22:51:11,1,0,0,1
2021-07-03 22:51:18,0,2,0,2
2021-07-03 22:51:19,0,0,0,0
2021-07-03 22:51:24,2,0,0,2
2021-07-03 22:51:31,48,0,10,58
2021-07-03 22:51:36,10,1,2,13
2021-07-03 22:51:49,10,0,2,12
2021-07-03 22:51:57,7,0,4,11
2021-07-03 22:51:59,2,0,2,4
2021-07-03 22:52:07,0,0,0,0
2021-07-03 22:52:08,63,1,22,86
2021-07-03 22:52:20,9,1,1,11
2021-07-03 22:52:22,1,0,0,1
2021-07-03 22:52:25,3,0,0,3
2021-07-03 22:52:28,63,1,2,66
2021-07-03 22:52:29,1,0,0,1
2021-07-03 22:52:32,6,0,0,6
2021-07-03 22:52:35,2,0,0,2
2021-07-03 22:52:40,3,0,0,3
2021-07-03 22:52:41,2,0,0,2
2021-07-03 22:52:44,4,1,1,6
2021-07-03 22:52:49,6,2,6,14
2021-07-03 22:53:03,0,0,0,0
2021-07-03 22:53:21,6,3,0,9
2021-07-03 22:53:34,4,1,3,8
2021-07-03 22:53:35,1898,21,266,2185
2021-07-03 22:53:37,84,4,20,108
2021-07-03 22:53:39,110,4,34,148
2021-07-03 22:53:42,60,2,19,81
2021-07-03 22:53:48,101,5,16,122
2021-07-03 22:53:50,576,10,92,678
2021-07-03 22:54:01,738,12,148,898
2021-07-03 22:54:21,0,0,0,0
2021-07-03 22:54:26,1,0,0,1
2021-07-03 22:54:29,1,0,0,1
2021-07-03 22:54:36,0,0,0,0
2021-07-03 22:54:37,0,0,0,0
2021-07-03 22:54:39,59,0,8,67
2021-07-03 22:54:41,6,1,2,9
2021-07-03 22:54:48,10,0,1,11
2021-07-03 22:54:49,0,0,0,0
2021-07-03 22:54:54,4,0,0,4
2021-07-03 22:55:11,4,1,0,5
2021-07-03 22:55:15,4,2,2,8
2021-07-03 22:55:18,3,0,0,3
2021-07-03 22:55:20,1,1,0,2
2021-07-03 22:55:26,0,0,0,0
2021-07-03 22:55:30,5,0,1,6
2021-07-03 22:55:33,4,0,2,6
2021-07-03 22:55:37,0,0,0,0
2021-07-03 22:55:43,2,0,0,2
2021-07-03 22:55:49,0,0,0,0
2021-07-03 22:55:51,0,0,0,0
2021-07-03 22:55:54,5,0,2,7
2021-07-03 22:55:56,0,0,0,0
2021-07-03 22:56:13,1,0,0,1
2021-07-03 22:56:39,1,0,0,1
2021-07-03 22:56:43,2,0,4,6
2021-07-03 22:56:54,12,1,1,14
2021-07-03 22:56:57,8,0,1,9
2021-07-03 22:57:02,2,1,0,3
2021-07-03 22:57:04,3,0,0,3
2021-07-03 22:57:06,5,0,0,5
2021-07-03 22:57:08,25,0,2,27
2021-07-03 22:57:09,2,0,0,2
2021-07-03 22:57:20,16,0,2,18
2021-07-03 22:57:21,0,0,0,0
2021-07-03 22:57:24,6,0,4,10
2021-07-03 22:57:26,0,0,0,0
2021-07-03 22:57:28,120,12,36,168
2021-07-03 22:57:32,0,0,0,0
2021-07-03 22:57:33,0,0,0,0
2021-07-03 22:57:36,0,0,0,0
2021-07-03 22:58:00,24,0,0,24
2021-07-03 22:58:02,4,1,2,7
2021-07-03 22:58:07,6,1,1,8
2021-07-03 22:58:22,2,0,1,3
2021-07-03 22:58:26,42,0,12,54
2021-07-03 22:58:39,0,0,0,0
2021-07-03 22:58:41,1,0,0,1
2021-07-03 22:58:50,0,0,0,0
2021-07-03 22:58:55,1,0,0,1
2021-07-03 22:58:58,3,1,0,4
2021-07-03 22:58:59,4,0,1,5
2021-07-03 22:59:01,1,0,0,1
2021-07-03 22:59:06,0,0,0,0
2021-07-03 22:59:08,48,4,12,64
2021-07-03 22:59:14,6,0,0,6
2021-07-03 22:59:15,4,0,0,4
2021-07-03 22:59:17,2,0,0,2
2021-07-03 22:59:24,1,0,0,1
2021-07-03 22:59:25,1,0,0,1
2021-07-03 22:59:32,6,0,0,6
2021-07-03 22:59:35,3,0,1,4
2021-07-03 22:59:36,3,0,1,4
2021-07-03 22:59:44,4,0,0,4
2021-07-03 22:59:46,64,2,11,77
2021-07-03 22:59:49,12,1,4,17
2021-07-03 23:00:00,279,2,58,339
2021-07-03 23:00:16,2,0,0,2
2021-07-03 23:00:22,7,0,0,7
2021-07-03 23:00:23,0,0,0,0
2021-07-03 23:00:32,0,0,0,0
2021-07-03 23:00:35,0,0,0,0
2021-07-03 23:00:36,52,1,8,61
2021-07-03 23:00:43,9327,86,410,9823
2021-07-03 23:00:48,1,0,0,1
2021-07-03 23:00:55,2,0,0,2
2021-07-03 23:00:56,6,0,0,6
2021-07-03 23:00:57,10,2,1,13
2021-07-03 23:01:04,10,0,2,12
2021-07-03 23:01:17,0,0,0,0
2021-07-03 23:01:20,0,0,0,0
2021-07-03 23:01:22,3,0,0,3
2021-07-03 23:01:31,5,0,1,6
2021-07-03 23:01:35,25,1,1,27
2021-07-03 23:01:38,1,0,0,1
2021-07-03 23:01:57,0,0,0,0
2021-07-03 23:02:04,0,0,0,0
2021-07-03 23:02:06,109,1,34,144
2021-07-03 23:02:10,2,2,0,4
2021-07-03 23:02:11,40,1,17,58
2021-07-03 23:02:14,0,0,0,0
2021-07-03 23:02:18,0,0,0,0
2021-07-03 23:02:19,0,0,0,0
2021-07-03 23:02:20,0,0,0,0
2021-07-03 23:02:21,3,0,0,3
2021-07-03 23:02:25,1,0,0,1
2021-07-03 23:02:26,0,1,0,1
2021-07-03 23:02:28,0,0,0,0
2021-07-03 23:02:29,21,2,4,27
2021-07-03 23:02:33,0,0,0,0
2021-07-03 23:02:37,0,0,0,0
2021-07-03 23:02:40,0,0,0,0
2021-07-03 23:02:44,0,0,0,0
2021-07-03 23:02:48,0,0,0,0
2021-07-03 23:02:49,0,0,0,0
2021-07-03 23:02:51,0,0,0,0
2021-07-03 23:02:53,0,0,0,0
2021-07-03 23:02:55,0,0,0,0
2021-07-03 23:02:58,0,0,0,0
2021-07-03 23:03:01,0,0,0,0
2021-07-03 23:03:02,3,1,0,4
2021-07-03 23:03:04,0,0,0,0
2021-07-03 23:03:06,1,0,0,1
2021-07-03 23:03:08,1,0,1,2
2021-07-03 23:03:09,1,0,0,1
2021-07-03 23:03:11,10,0,2,12
2021-07-03 23:03:15,0,0,0,0
2021-07-03 23:03:18,1,0,0,1
2021-07-03 23:03:21,0,0,0,0
2021-07-03 23:03:25,6,1,1,8
2021-07-03 23:03:38,0,0,0,0
2021-07-03 23:03:50,0,0,0,0
2021-07-03 23:03:54,504,16,168,688
2021-07-03 23:03:57,1,0,1,2
2021-07-03 23:04:00,0,0,0,0
2021-07-03 23:04:09,1,0,0,1
2021-07-03 23:04:10,0,0,0,0
2021-07-03 23:04:14,563,4,135,702
2021-07-03 23:04:17,1,0,0,1
2021-07-03 23:04:19,4,0,2,6
2021-07-03 23:04:29,0,0,0,0
2021-07-03 23:04:45,0,0,0,0
2021-07-03 23:04:54,4,0,0,4
2021-07-03 23:04:58,0,0,0,0
2021-07-03 23:05:07,8,0,1,9
2021-07-03 23:05:18,2,0,0,2
2021-07-03 23:05:19,1,0,0,1
2021-07-03 23:05:22,15,1,4,20
2021-07-03 23:05:30,0,0,0,0
2021-07-03 23:05:31,0,0,0,0
2021-07-03 23:05:33,2,0,0,2
2021-07-03 23:05:41,0,0,0,0
2021-07-03 23:05:58,0,0,0,0
2021-07-03 23:06:03,0,0,0,0
2021-07-03 23:06:07,0,0,0,0
2021-07-03 23:06:14,0,0,0,0
2021-07-03 23:06:24,2,0,0,2
2021-07-03 23:06:26,5,1,2,8
2021-07-03 23:06:31,2,0,0,2
2021-07-03 23:06:38,0,0,0,0
2021-07-03 23:06:39,14,0,2,16
2021-07-03 23:06:46,5,0,1,6
2021-07-03 23:06:58,64,1,14,79
2021-07-03 23:07:08,0,0,0,0
2021-07-03 23:07:22,212,5,18,235
2021-07-03 23:07:34,0,0,0,0
2021-07-03 23:07:36,0,0,0,0
2021-07-03 23:07:38,6,1,1,8
2021-07-03 23:07:43,60,0,4,64
2021-07-03 23:07:47,0,0,0,0
2021-07-03 23:07:52,0,0,0,0
2021-07-03 23:07:53,2,2,2,6
2021-07-03 23:07:54,2,0,0,2
2021-07-03 23:08:01,0,0,0,0
2021-07-03 23:08:05,0,0,0,0
2021-07-03 23:08:09,1,0,0,1
2021-07-03 23:08:11,10,0,1,11
2021-07-03 23:08:12,650,13,55,718
2021-07-03 23:08:28,0,1,0,1
2021-07-03 23:08:41,0,0,0,0
2021-07-03 23:09:10,0,0,0,0
2021-07-03 23:09:17,0,0,0,0
2021-07-03 23:09:30,1,0,0,1
2021-07-03 23:09:34,0,0,0,0
2021-07-03 23:09:35,612,0,104,716
2021-07-03 23:09:44,1,0,0,1
2021-07-03 23:09:47,1,0,0,1
2021-07-03 23:09:59,10,2,0,12
2021-07-03 23:10:08,2,0,0,2
2021-07-03 23:10:12,1,0,0,1
2021-07-03 23:10:13,4,0,0,4
2021-07-03 23:10:19,0,0,0,0
2021-07-03 23:10:23,1,0,0,1
2021-07-03 23:10:36,0,0,0,0
2021-07-03 23:10:38,2,0,1,3
2021-07-03 23:10:42,0,0,0,0
2021-07-03 23:11:04,677,3,83,763
2021-07-03 23:11:06,4,0,0,4
2021-07-03 23:11:28,0,0,0,0
2021-07-03 23:11:42,1,0,1,2
2021-07-03 23:11:49,34,1,3,38
2021-07-03 23:11:57,4,0,1,5
2021-07-03 23:12:10,3,0,0,3
2021-07-03 23:12:12,2,2,0,4
2021-07-03 23:12:18,4,0,3,7
2021-07-03 23:12:22,0,0,0,0
2021-07-03 23:12:25,1,1,0,2
2021-07-03 23:12:27,0,0,0,0
2021-07-03 23:12:31,0,0,0,0
2021-07-03 23:12:40,5,1,0,6
2021-07-03 23:12:42,0,0,0,0
2021-07-03 23:12:44,0,0,0,0
2021-07-03 23:12:45,2,0,0,2
2021-07-03 23:12:49,0,0,0,0
2021-07-03 23:12:57,0,0,0,0
2021-07-03 23:13:12,4,0,0,4
2021-07-03 23:13:23,1,0,0,1
2021-07-03 23:13:24,0,0,0,0
2021-07-03 23:13:42,2,0,0,2
2021-07-03 23:13:45,0,0,0,0
2021-07-03 23:13:47,29,4,27,60
2021-07-03 23:13:48,0,0,0,0
2021-07-03 23:13:53,14,0,1,15
2021-07-03 23:14:01,1,0,0,1
2021-07-03 23:14:02,48,0,8,56
2021-07-03 23:14:06,1,0,0,1
2021-07-03 23:14:13,11,1,1,13
2021-07-03 23:14:25,0,0,0,0
2021-07-03 23:14:35,34,0,6,40
2021-07-03 23:14:41,0,0,0,0
2021-07-03 23:14:53,0,0,0,0
2021-07-03 23:14:54,3,0,1,4
2021-07-03 23:15:02,1,0,2,3
2021-07-03 23:15:23,4,0,0,4
2021-07-03 23:15:40,1,0,0,1
2021-07-03 23:15:42,0,0,0,0
2021-07-03 23:15:50,0,0,0,0
2021-07-03 23:15:52,1,0,1,2
2021-07-03 23:16:00,0,0,0,0
2021-07-03 23:16:21,7,2,3,12
2021-07-03 23:16:24,133,18,9,160
2021-07-03 23:16:25,2,0,0,2
2021-07-03 23:16:42,0,0,0,0
2021-07-03 23:16:50,0,0,0,0
2021-07-03 23:16:57,10,1,4,15
2021-07-03 23:17:06,7,1,1,9
2021-07-03 23:17:33,1,0,0,1
2021-07-03 23:17:42,953,27,250,1230
2021-07-03 23:17:47,0,0,0,0
2021-07-03 23:17:49,5,1,7,13
2021-07-03 23:17:50,0,0,0,0
2021-07-03 23:17:52,0,0,0,0
2021-07-03 23:17:59,1,0,0,1
2021-07-03 23:18:02,8,1,1,10
2021-07-03 23:18:03,10,1,0,11
2021-07-03 23:18:10,0,0,0,0
2021-07-03 23:18:15,1,0,0,1
2021-07-03 23:18:16,0,0,0,0
2021-07-03 23:18:20,1,0,1,2
2021-07-03 23:18:36,1,0,0,1
2021-07-03 23:18:38,0,0,0,0
2021-07-03 23:18:41,2,0,0,2
2021-07-03 23:18:43,0,0,0,0
2021-07-03 23:19:06,0,0,0,0
2021-07-03 23:19:08,1,0,0,1
2021-07-03 23:19:09,68,2,12,82
2021-07-03 23:19:16,0,0,0,0
2021-07-03 23:19:18,33,0,14,47
2021-07-03 23:19:27,0,0,0,0
2021-07-03 23:19:41,0,0,0,0
2021-07-03 23:19:43,1,0,0,1
2021-07-03 23:19:47,0,0,0,0
2021-07-03 23:19:51,0,0,0,0
2021-07-03 23:19:59,0,0,0,0
2021-07-03 23:20:01,15,1,1,17
2021-07-03 23:20:03,0,0,0,0
2021-07-03 23:20:06,3,0,2,5
2021-07-03 23:20:07,0,0,0,0
2021-07-03 23:20:13,3,0,0,3
2021-07-03 23:20:20,1,0,1,2
2021-07-03 23:20:21,0,0,0,0
2021-07-03 23:20:25,4,0,0,4
2021-07-03 23:20:27,0,0,0,0
2021-07-03 23:20:28,1,0,0,1
2021-07-03 23:20:29,0,0,0,0
2021-07-03 23:20:34,3,0,1,4
2021-07-03 23:20:36,0,0,0,0
2021-07-03 23:20:53,2,0,0,2
2021-07-03 23:20:54,23,1,2,26
2021-07-03 23:20:57,25,2,0,27
2021-07-03 23:21:00,1,0,0,1
2021-07-03 23:21:05,0,0,0,0
2021-07-03 23:21:12,1,0,0,1
2021-07-03 23:21:17,0,0,0,0
2021-07-03 23:21:27,0,1,0,1
2021-07-03 23:21:28,5,6,3,14
2021-07-03 23:21:29,0,0,0,0
2021-07-03 23:21:47,1,0,1,2
2021-07-03 23:21:49,21,0,9,30
2021-07-03 23:21:58,1,0,0,1
2021-07-03 23:22:02,5,2,2,9
2021-07-03 23:22:05,0,0,0,0
2021-07-03 23:22:08,0,0,0,0
2021-07-03 23:22:21,0,0,0,0
2021-07-03 23:22:30,1,0,0,1
2021-07-03 23:22:34,1,0,1,2
2021-07-03 23:22:46,2,0,0,2
2021-07-03 23:22:52,0,0,0,0
2021-07-03 23:22:54,0,0,0,0
2021-07-03 23:22:58,69,1,8,78
2021-07-03 23:23:00,1,0,0,1
2021-07-03 23:23:17,4,0,0,4
2021-07-03 23:23:18,2,0,0,2
2021-07-03 23:23:24,0,0,0,0
2021-07-03 23:23:31,1,0,0,1
2021-07-03 23:23:47,0,0,0,0
2021-07-03 23:23:51,0,0,0,0
2021-07-03 23:24:03,1097,14,125,1236
2021-07-03 23:24:31,0,0,0,0
2021-07-03 23:24:32,23,1,0,24
2021-07-03 23:24:37,0,0,0,0
2021-07-03 23:24:44,0,0,0,0
2021-07-03 23:24:45,2,0,2,4
2021-07-03 23:24:48,0,0,0,0
2021-07-03 23:25:17,1,0,0,1
2021-07-03 23:25:18,3,0,3,6
2021-07-03 23:25:24,0,0,0,0
2021-07-03 23:25:32,0,0,0,0
2021-07-03 23:25:35,3,0,2,5
2021-07-03 23:25:51,0,0,0,0
2021-07-03 23:25:57,0,0,0,0
2021-07-03 23:26:09,2,0,0,2
2021-07-03 23:26:11,1,0,0,1
2021-07-03 23:26:20,0,0,0,0
2021-07-03 23:26:31,0,0,0,0
2021-07-03 23:26:33,7,0,8,15
2021-07-03 23:26:42,1,0,0,1
2021-07-03 23:26:44,2,0,1,3
2021-07-03 23:26:49,47,1,3,51
2021-07-03 23:26:52,2,0,1,3
2021-07-03 23:26:55,2,1,0,3
2021-07-03 23:27:08,2,0,0,2
2021-07-03 23:27:09,0,0,0,0
2021-07-03 23:27:10,2,0,1,3
2021-07-03 23:27:12,1,1,0,2
2021-07-03 23:27:14,39,0,2,41
2021-07-03 23:27:21,0,0,0,0
2021-07-03 23:27:25,15,1,2,18
2021-07-03 23:27:27,5,0,0,5
2021-07-03 23:27:40,3,0,0,3
2021-07-03 23:27:41,11,0,0,11
2021-07-03 23:27:44,1,0,0,1
2021-07-03 23:27:50,2,0,0,2
2021-07-03 23:28:03,21,0,0,21
2021-07-03 23:28:32,4,2,0,6
2021-07-03 23:28:33,0,0,0,0
2021-07-03 23:28:40,3,0,0,3
2021-07-03 23:28:41,0,0,0,0
2021-07-03 23:28:48,125,2,19,146
2021-07-03 23:28:51,6,0,0,6
2021-07-03 23:28:53,0,0,0,0
2021-07-03 23:28:57,0,0,0,0
2021-07-03 23:28:59,1,0,0,1
2021-07-03 23:29:00,1,0,1,2
2021-07-03 23:29:09,1,0,0,1
2021-07-03 23:29:12,1,0,0,1
2021-07-03 23:29:13,1,0,0,1
2021-07-03 23:29:40,1,0,0,1
2021-07-03 23:29:41,1,0,0,1
2021-07-03 23:29:42,0,0,0,0
2021-07-03 23:29:54,1,0,0,1
2021-07-03 23:30:06,0,0,0,0
2021-07-03 23:30:11,1,0,0,1
2021-07-03 23:30:38,37,1,5,43
2021-07-03 23:30:41,1,0,0,1
2021-07-03 23:30:42,0,0,0,0
2021-07-03 23:30:45,0,0,0,0
2021-07-03 23:30:51,0,0,0,0
2021-07-03 23:30:58,0,0,0,0
2021-07-03 23:31:01,2,0,0,2
2021-07-03 23:31:12,0,0,0,0
2021-07-03 23:31:15,0,0,0,0
2021-07-03 23:31:17,0,0,0,0
2021-07-03 23:31:18,2,0,1,3
2021-07-03 23:31:19,1,0,0,1
2021-07-03 23:31:27,2,0,0,2
2021-07-03 23:31:31,9,1,0,10
2021-07-03 23:31:32,0,0,0,0
2021-07-03 23:31:38,0,0,0,0
2021-07-03 23:31:42,1,0,0,1
2021-07-03 23:31:53,3,0,1,4
2021-07-03 23:31:59,2,0,0,2
2021-07-03 23:32:03,1,1,0,2
2021-07-03 23:32:05,4,0,0,4
2021-07-03 23:32:09,0,0,0,0
2021-07-03 23:32:20,0,0,0,0
2021-07-03 23:32:21,2,0,0,2
2021-07-03 23:32:22,3,0,0,3
2021-07-03 23:32:45,2,0,0,2
2021-07-03 23:32:59,0,0,0,0
2021-07-03 23:33:04,300,22,51,373
2021-07-03 23:33:05,4,0,1,5
2021-07-03 23:33:15,1,0,0,1
2021-07-03 23:33:16,0,0,0,0
2021-07-03 23:33:38,0,0,0,0
2021-07-03 23:33:46,11,0,4,15
2021-07-03 23:33:49,3,0,1,4
2021-07-03 23:33:56,2,0,0,2
2021-07-03 23:33:58,0,0,0,0
2021-07-03 23:34:05,0,0,0,0
2021-07-03 23:34:09,0,0,0,0
2021-07-03 23:34:12,0,0,0,0
2021-07-03 23:34:15,23,0,6,29
2021-07-03 23:34:17,0,0,0,0
2021-07-03 23:34:19,1,0,1,2
2021-07-03 23:34:24,0,0,1,1
2021-07-03 23:34:28,2,0,0,2
2021-07-03 23:34:31,0,0,0,0
2021-07-03 23:34:33,0,0,0,0
2021-07-03 23:34:34,1,0,0,1
2021-07-03 23:34:35,0,0,0,0
2021-07-03 23:34:36,0,0,0,0
2021-07-03 23:34:50,0,0,0,0
2021-07-03 23:34:55,0,0,0,0
2021-07-03 23:35:05,3,1,1,5
2021-07-03 23:35:07,5,0,3,8
2021-07-03 23:35:08,1,0,1,2
2021-07-03 23:35:09,4,0,2,6
2021-07-03 23:35:11,3,0,0,3
2021-07-03 23:35:12,191,4,3,198
2021-07-03 23:35:23,1,0,0,1
2021-07-03 23:35:28,1,0,0,1
2021-07-03 23:35:30,1,0,0,1
2021-07-03 23:35:38,7,0,2,9
2021-07-03 23:35:46,5,0,0,5
2021-07-03 23:35:56,19,0,10,29
2021-07-03 23:36:02,0,0,0,0
2021-07-03 23:36:10,0,0,0,0
2021-07-03 23:36:13,0,0,0,0
2021-07-03 23:36:15,4,0,0,4
2021-07-03 23:36:18,1,0,0,1
2021-07-03 23:36:25,3,0,0,3
2021-07-03 23:36:27,0,0,0,0
2021-07-03 23:36:44,0,0,0,0
2021-07-03 23:36:45,1,0,0,1
2021-07-03 23:37:01,14,0,3,17
2021-07-03 23:37:02,1,0,0,1
2021-07-03 23:37:03,2,0,0,2
2021-07-03 23:37:09,0,0,0,0
2021-07-03 23:37:14,9,1,2,12
2021-07-03 23:37:15,3,1,0,4
2021-07-03 23:37:17,2,1,0,3
2021-07-03 23:37:18,8,1,3,12
2021-07-03 23:37:20,6,0,3,9
2021-07-03 23:37:26,2,0,0,2
2021-07-03 23:37:27,39,0,1,40
2021-07-03 23:37:37,1,0,0,1
2021-07-03 23:37:40,154,5,20,179
2021-07-03 23:37:43,4,0,2,6
2021-07-03 23:37:44,1,0,0,1
2021-07-03 23:37:45,62,0,4,66
2021-07-03 23:37:48,30,0,12,42
2021-07-03 23:37:51,0,0,0,0
2021-07-03 23:38:01,91,1,14,106
2021-07-03 23:38:02,1,0,0,1
2021-07-03 23:38:03,1,0,0,1
2021-07-03 23:38:06,4,0,0,4
2021-07-03 23:38:11,1,0,0,1
2021-07-03 23:38:15,9,3,4,16
2021-07-03 23:38:16,38,0,2,40
2021-07-03 23:38:19,1,0,0,1
2021-07-03 23:38:20,634,12,189,835
2021-07-03 23:38:30,1,0,0,1
2021-07-03 23:38:33,13,0,0,13
2021-07-03 23:38:34,0,0,0,0
2021-07-03 23:38:39,1,0,0,1
2021-07-03 23:38:43,1,0,0,1
2021-07-03 23:38:47,1,0,0,1
2021-07-03 23:38:51,18,1,4,23
2021-07-03 23:38:57,1,0,0,1
2021-07-03 23:39:03,1,0,0,1
2021-07-03 23:39:28,0,0,0,0
2021-07-03 23:39:31,1,0,0,1
2021-07-03 23:39:33,1,0,0,1
2021-07-03 23:39:34,0,0,0,0
2021-07-03 23:39:36,0,0,0,0
2021-07-03 23:39:42,0,0,0,0
2021-07-03 23:39:48,0,0,0,0
2021-07-03 23:39:49,14,1,3,18
2021-07-03 23:39:54,1,1,0,2
2021-07-03 23:39:58,2,0,1,3
2021-07-03 23:39:59,0,0,0,0
2021-07-03 23:40:00,0,0,0,0
2021-07-03 23:40:03,2,0,2,4
2021-07-03 23:40:10,1,0,0,1
2021-07-03 23:40:24,0,0,0,0
2021-07-03 23:40:32,17,0,1,18
2021-07-03 23:40:51,0,0,0,0
2021-07-03 23:40:58,0,0,0,0
2021-07-03 23:41:02,1,0,0,1
2021-07-03 23:41:18,1,0,0,1
2021-07-03 23:41:23,2,0,0,2
2021-07-03 23:41:28,0,0,0,0
2021-07-03 23:41:50,1,0,0,1
2021-07-03 23:41:52,2,0,0,2
2021-07-03 23:41:56,2,0,0,2
2021-07-03 23:41:57,0,0,0,0
2021-07-03 23:41:59,4,0,1,5
2021-07-03 23:42:12,0,0,0,0
2021-07-03 23:42:16,9,0,3,12
2021-07-03 23:42:23,1,0,0,1
2021-07-03 23:42:24,0,0,0,0
2021-07-03 23:42:27,0,0,0,0
2021-07-03 23:42:41,0,0,0,0
2021-07-03 23:42:44,0,0,0,0
2021-07-03 23:42:48,0,0,0,0
2021-07-03 23:42:56,0,0,0,0
2021-07-03 23:42:58,0,0,0,0
2021-07-03 23:43:17,0,0,0,0
2021-07-03 23:43:25,0,0,0,0
2021-07-03 23:43:33,0,0,0,0
2021-07-03 23:43:34,1,1,0,2
2021-07-03 23:43:35,7,1,0,8
2021-07-03 23:43:36,2,1,0,3
2021-07-03 23:43:49,0,1,0,1
2021-07-03 23:44:03,0,0,0,0
2021-07-03 23:44:06,0,0,0,0
2021-07-03 23:44:11,157,0,26,183
2021-07-03 23:44:17,0,2,0,2
2021-07-03 23:44:24,0,0,0,0
2021-07-03 23:44:29,0,0,0,0
2021-07-03 23:44:33,9,0,2,11
2021-07-03 23:44:34,1,0,0,1
2021-07-03 23:44:38,2,0,0,2
2021-07-03 23:44:43,0,0,0,0
2021-07-03 23:44:59,19,1,1,21
2021-07-03 23:45:05,0,0,0,0
2021-07-03 23:45:08,0,0,0,0
2021-07-03 23:45:12,0,0,0,0
2021-07-03 23:45:33,0,0,0,0
2021-07-03 23:45:37,1,0,0,1
2021-07-03 23:45:41,0,0,0,0
2021-07-03 23:45:46,1,0,0,1
2021-07-03 23:45:49,0,0,0,0
2021-07-03 23:45:56,0,0,0,0
2021-07-03 23:46:02,0,0,0,0
2021-07-03 23:46:08,11,0,1,12
2021-07-03 23:46:16,0,1,0,1
2021-07-03 23:46:19,2,0,0,2
2021-07-03 23:46:21,1,1,0,2
2021-07-03 23:46:42,0,0,0,0
2021-07-03 23:46:43,0,0,0,0
2021-07-03 23:46:58,1,0,0,1
2021-07-03 23:47:04,0,0,0,0
2021-07-03 23:47:06,0,0,0,0
2021-07-03 23:47:33,0,0,0,0
2021-07-03 23:47:49,1,0,0,1
2021-07-03 23:47:53,1,0,0,1
2021-07-03 23:47:55,1,0,0,1
2021-07-03 23:48:14,7,0,0,7
2021-07-03 23:48:19,0,0,0,0
2021-07-03 23:48:25,10,0,1,11
2021-07-03 23:48:39,0,0,0,0
2021-07-03 23:48:40,2,0,1,3
2021-07-03 23:48:46,50,0,8,58
2021-07-03 23:48:49,95,1,10,106
2021-07-03 23:49:01,0,0,0,0
2021-07-03 23:49:15,44,2,18,64
2021-07-03 23:49:19,0,0,0,0
2021-07-03 23:49:25,0,0,0,0
2021-07-03 23:49:27,7,0,3,10
2021-07-03 23:49:29,2,0,1,3
2021-07-03 23:49:31,5,0,0,5
2021-07-03 23:49:41,0,0,0,0
2021-07-03 23:49:52,25,1,1,27
2021-07-03 23:49:58,2,0,0,2
2021-07-03 23:49:59,9,0,4,13
2021-07-03 23:50:06,2,0,2,4
2021-07-03 23:50:13,1,0,0,1
2021-07-03 23:50:18,0,0,0,0
2021-07-03 23:50:25,16,0,5,21
2021-07-03 23:50:32,37,0,8,45
2021-07-03 23:50:43,0,0,0,0
2021-07-03 23:50:55,3,0,1,4
2021-07-03 23:51:08,1,0,0,1
2021-07-03 23:51:17,27,0,8,35
2021-07-03 23:51:22,0,0,0,0
2021-07-03 23:51:23,21,2,2,25
2021-07-03 23:51:29,3,0,0,3
2021-07-03 23:51:32,9,1,0,10
2021-07-03 23:51:34,0,2,0,2
2021-07-03 23:51:46,1,0,0,1
2021-07-03 23:51:55,1,0,0,1
2021-07-03 23:52:11,1,0,0,1
2021-07-03 23:52:24,0,0,0,0
2021-07-03 23:52:33,1,0,0,1
2021-07-03 23:52:35,1,0,0,1
2021-07-03 23:52:43,3,0,0,3
2021-07-03 23:52:46,6,0,0,6
2021-07-03 23:52:50,0,0,0,0
2021-07-03 23:52:56,0,0,0,0
2021-07-03 23:52:57,1,1,0,2
2021-07-03 23:53:25,2,0,1,3
2021-07-03 23:53:27,0,0,0,0
2021-07-03 23:53:28,0,0,0,0
2021-07-03 23:53:32,0,0,0,0
2021-07-03 23:53:33,0,0,0,0
2021-07-03 23:53:38,6,0,2,8
2021-07-03 23:53:39,4,0,1,5
2021-07-03 23:53:43,3,0,1,4
2021-07-03 23:53:48,2,0,0,2
2021-07-03 23:53:50,0,0,0,0
2021-07-03 23:53:55,3,0,2,5
2021-07-03 23:53:58,8,1,0,9
2021-07-03 23:54:09,42,0,12,54
2021-07-03 23:54:35,3,0,0,3
2021-07-03 23:54:40,518,6,48,572
2021-07-03 23:54:52,1,0,0,1
2021-07-03 23:54:55,0,0,0,0
2021-07-03 23:55:08,4,0,1,5
2021-07-03 23:55:17,0,0,0,0
2021-07-03 23:55:22,0,0,0,0
2021-07-03 23:55:26,1,0,1,2
2021-07-03 23:55:29,2,0,2,4
2021-07-03 23:55:36,4,0,0,4
2021-07-03 23:55:50,0,0,0,0
2021-07-03 23:55:53,0,0,0,0
2021-07-03 23:55:59,1,0,1,2
2021-07-03 23:56:00,3,1,1,5
2021-07-03 23:56:28,5,0,3,8
2021-07-03 23:56:31,0,1,0,1
2021-07-03 23:56:33,1,0,0,1
2021-07-03 23:56:49,4,1,0,5
2021-07-03 23:56:50,3,0,1,4
2021-07-03 23:56:51,0,0,0,0
2021-07-03 23:56:55,34,1,4,39
2021-07-03 23:56:56,5,0,2,7
2021-07-03 23:57:05,4,0,0,4
2021-07-03 23:57:16,25,1,0,26
2021-07-03 23:57:27,16,0,0,16
2021-07-03 23:57:31,1,0,0,1
2021-07-03 23:58:00,0,0,0,0
2021-07-03 23:58:12,1,0,0,1
2021-07-03 23:58:37,0,0,0,0
2021-07-03 23:59:00,687,15,74,776
2021-07-03 23:59:12,11,0,1,12
2021-07-03 23:59:21,0,0,0,0
2021-07-03 23:59:44,2,0,1,3
2021-07-03 23:59:52,2,0,1,3
2021-07-04 00:00:00,18,0,4,22
2021-07-04 00:00:03,3,0,0,3
2021-07-04 00:00:16,1,0,0,1
2021-07-04 00:00:22,1,0,1,2
2021-07-04 00:00:24,0,0,0,0
2021-07-04 00:00:39,0,0,0,0
2021-07-04 00:00:55,0,0,0,0
2021-07-04 00:01:04,1,0,0,1
2021-07-04 00:01:16,6,0,2,8
2021-07-04 00:01:21,0,0,0,0
2021-07-04 00:01:28,119,1,18,138
2021-07-04 00:01:39,0,0,0,0
2021-07-04 00:01:59,0,0,0,0
2021-07-04 00:02:00,1,0,1,2
2021-07-04 00:02:13,1,0,0,1
2021-07-04 00:02:16,30,0,5,35
2021-07-04 00:02:39,0,0,0,0
2021-07-04 00:02:58,0,0,0,0
2021-07-04 00:03:02,0,0,0,0
2021-07-04 00:03:07,0,0,0,0
2021-07-04 00:03:09,0,0,0,0
2021-07-04 00:03:40,0,0,0,0
2021-07-04 00:04:03,3,0,1,4
2021-07-04 00:04:06,7,0,1,8
2021-07-04 00:04:22,11,1,0,12
2021-07-04 00:04:32,2,0,0,2
2021-07-04 00:04:42,550,10,34,594
2021-07-04 00:04:46,0,0,0,0
2021-07-04 00:04:49,7,0,3,10
2021-07-04 00:04:55,0,0,0,0
2021-07-04 00:04:58,22,0,1,23
2021-07-04 00:05:02,0,0,0,0
2021-07-04 00:05:12,5,0,0,5
2021-07-04 00:05:31,0,0,0,0
2021-07-04 00:05:37,0,0,0,0
2021-07-04 00:05:44,0,0,0,0
2021-07-04 00:05:54,0,0,0,0
2021-07-04 00:05:57,1,0,0,1
2021-07-04 00:06:07,2,0,0,2
2021-07-04 00:06:15,1,1,0,2
2021-07-04 00:06:47,2,1,0,3
2021-07-04 00:06:57,0,1,0,1
2021-07-04 00:07:01,2,0,0,2
2021-07-04 00:07:05,0,0,0,0
2021-07-04 00:07:26,0,0,0,0
2021-07-04 00:07:29,9,0,0,9
2021-07-04 00:07:52,0,1,0,1
2021-07-04 00:07:55,0,0,0,0
2021-07-04 00:08:02,0,0,0,0
2021-07-04 00:08:05,3,0,1,4
2021-07-04 00:08:13,69,2,27,98
2021-07-04 00:08:23,1,0,0,1
2021-07-04 00:08:28,3,0,0,3
2021-07-04 00:08:41,0,1,0,1
2021-07-04 00:08:44,43,1,6,50
2021-07-04 00:09:06,0,0,0,0
2021-07-04 00:09:18,0,0,0,0
2021-07-04 00:09:19,2,0,0,2
2021-07-04 00:09:29,10,0,5,15
2021-07-04 00:09:33,0,0,0,0
2021-07-04 00:09:34,33,0,15,48
2021-07-04 00:09:40,1,0,0,1
2021-07-04 00:10:02,4,0,0,4
2021-07-04 00:10:06,0,0,0,0
2021-07-04 00:10:12,4,0,0,4
2021-07-04 00:10:25,0,0,0,0
2021-07-04 00:10:36,1,0,0,1
2021-07-04 00:10:38,0,0,0,0
2021-07-04 00:10:50,681,8,37,726
2021-07-04 00:10:51,0,1,0,1
2021-07-04 00:11:21,0,0,0,0
2021-07-04 00:11:33,1,0,0,1
2021-07-04 00:11:44,0,0,0,0
2021-07-04 00:11:51,0,0,0,0
2021-07-04 00:12:04,1,0,0,1
2021-07-04 00:12:06,1,0,0,1
2021-07-04 00:12:08,1,1,0,2
2021-07-04 00:12:14,0,0,0,0
2021-07-04 00:12:15,30,0,4,34
2021-07-04 00:12:16,2,0,2,4
2021-07-04 00:12:37,0,0,0,0
2021-07-04 00:12:43,1,1,0,2
2021-07-04 00:12:44,0,0,0,0
2021-07-04 00:12:56,0,0,0,0
2021-07-04 00:13:00,0,0,0,0
2021-07-04 00:13:17,455,13,22,490
2021-07-04 00:13:18,9,0,1,10
2021-07-04 00:13:21,0,0,0,0
2021-07-04 00:13:33,1,0,0,1
2021-07-04 00:13:35,0,0,0,0
2021-07-04 00:13:57,0,0,0,0
2021-07-04 00:14:02,0,0,0,0
2021-07-04 00:14:05,0,0,0,0
2021-07-04 00:14:12,3,1,0,4
2021-07-04 00:14:18,1,0,0,1
2021-07-04 00:14:24,0,0,0,0
2021-07-04 00:14:35,1,0,0,1
2021-07-04 00:15:05,0,0,0,0
2021-07-04 00:15:12,1,0,0,1
2021-07-04 00:15:14,9,0,1,10
2021-07-04 00:15:32,1,0,0,1
2021-07-04 00:15:37,0,0,0,0
2021-07-04 00:15:58,0,0,0,0
2021-07-04 00:16:05,6,0,0,6
2021-07-04 00:16:26,10,0,0,10
2021-07-04 00:16:29,0,0,0,0
2021-07-04 00:16:41,0,0,0,0
2021-07-04 00:16:47,1,0,0,1
2021-07-04 00:16:48,31,2,17,50
2021-07-04 00:17:10,0,0,0,0
2021-07-04 00:17:33,4,0,0,4
2021-07-04 00:17:36,5,0,0,5
2021-07-04 00:17:37,4,0,0,4
2021-07-04 00:17:43,3,0,0,3
2021-07-04 00:17:44,0,0,0,0
2021-07-04 00:18:17,6,0,2,8
2021-07-04 00:18:19,8,0,0,8
2021-07-04 00:18:24,0,0,0,0
2021-07-04 00:18:28,181,4,11,196
2021-07-04 00:18:29,0,0,0,0
2021-07-04 00:18:31,1,1,0,2
2021-07-04 00:18:34,1,0,0,1
2021-07-04 00:18:54,0,0,0,0
2021-07-04 00:18:58,0,0,0,0
2021-07-04 00:19:13,2,0,0,2
2021-07-04 00:19:27,2,1,0,3
2021-07-04 00:19:41,0,0,0,0
2021-07-04 00:19:42,2,0,0,2
2021-07-04 00:19:55,4,0,0,4
2021-07-04 00:20:00,32,1,8,41
2021-07-04 00:20:01,0,0,0,0
2021-07-04 00:20:05,7,0,1,8
2021-07-04 00:20:07,7,0,0,7
2021-07-04 00:20:29,0,0,0,0
2021-07-04 00:20:55,356,9,71,436
2021-07-04 00:21:02,26,0,2,28
2021-07-04 00:21:07,1,0,0,1
2021-07-04 00:21:21,0,0,0,0
2021-07-04 00:21:32,1,0,0,1
2021-07-04 00:21:44,3,0,0,3
2021-07-04 00:21:45,10,0,0,10
2021-07-04 00:22:09,2,0,0,2
2021-07-04 00:22:16,7,0,0,7
2021-07-04 00:22:26,0,0,0,0
2021-07-04 00:22:32,0,0,0,0
2021-07-04 00:22:36,1,0,0,1
2021-07-04 00:22:41,8,0,0,8
2021-07-04 00:22:53,16,2,2,20
2021-07-04 00:22:55,1,0,0,1
2021-07-04 00:23:04,4,0,0,4
2021-07-04 00:23:09,0,0,0,0
2021-07-04 00:23:21,1,0,0,1
2021-07-04 00:23:29,8,0,0,8
2021-07-04 00:23:34,4,0,0,4
2021-07-04 00:23:48,0,0,0,0
2021-07-04 00:23:51,0,0,0,0
2021-07-04 00:23:53,416,12,42,470
2021-07-04 00:23:55,14,0,0,14
2021-07-04 00:23:56,4,0,0,4
2021-07-04 00:24:07,0,0,0,0
2021-07-04 00:24:17,1,0,0,1
2021-07-04 00:24:28,0,0,0,0
2021-07-04 00:24:35,4,0,0,4
2021-07-04 00:24:52,0,0,0,0
2021-07-04 00:24:53,5,0,0,5
2021-07-04 00:25:16,3,0,0,3
2021-07-04 00:25:32,3,0,0,3
2021-07-04 00:25:39,0,0,0,0
2021-07-04 00:25:46,1,0,0,1
2021-07-04 00:26:00,4,0,0,4
2021-07-04 00:26:08,0,0,0,0
2021-07-04 00:26:10,4,1,0,5
2021-07-04 00:26:14,3,0,0,3
2021-07-04 00:26:19,0,0,0,0
2021-07-04 00:26:20,6,0,1,7
2021-07-04 00:26:31,5,0,0,5
2021-07-04 00:26:34,8,0,0,8
2021-07-04 00:26:35,0,0,0,0
2021-07-04 00:27:15,2,0,0,2
2021-07-04 00:27:25,1,0,0,1
2021-07-04 00:27:29,0,0,0,0
2021-07-04 00:27:43,0,0,0,0
2021-07-04 00:27:44,1,0,0,1
2021-07-04 00:27:46,0,0,0,0
2021-07-04 00:27:49,0,0,0,0
2021-07-04 00:27:52,2,0,1,3
2021-07-04 00:27:59,3,0,1,4
2021-07-04 00:28:03,0,0,0,0
2021-07-04 00:28:58,0,0,0,0
2021-07-04 00:29:26,2,0,0,2
2021-07-04 00:29:52,1,0,0,1
2021-07-04 00:30:48,18,0,0,18
2021-07-04 00:30:51,3,0,0,3
2021-07-04 00:30:52,25,1,1,27
2021-07-04 00:30:55,0,0,0,0
2021-07-04 00:30:59,3,1,1,5
2021-07-04 00:31:10,6,0,3,9
2021-07-04 00:31:41,0,0,0,0
2021-07-04 00:31:45,0,0,0,0
2021-07-04 00:31:52,0,0,0,0
2021-07-04 00:31:58,16,0,3,19
2021-07-04 00:32:28,10,0,0,10
2021-07-04 00:32:31,1,0,0,1
2021-07-04 00:32:35,0,0,0,0
2021-07-04 00:32:53,2,0,1,3
2021-07-04 00:33:11,0,0,0,0
2021-07-04 00:33:26,0,0,0,0
2021-07-04 00:33:28,1,0,0,1
2021-07-04 00:33:50,1,0,0,1
2021-07-04 00:34:01,1,0,0,1
2021-07-04 00:34:06,0,0,0,0
2021-07-04 00:34:12,11,3,2,16
2021-07-04 00:34:24,1,1,0,2
2021-07-04 00:34:25,0,0,0,0
2021-07-04 00:34:28,1,0,0,1
2021-07-04 00:34:32,3,0,0,3
2021-07-04 00:34:33,19,0,7,26
2021-07-04 00:34:43,0,0,0,0
2021-07-04 00:35:10,0,0,0,0
2021-07-04 00:35:21,2,0,0,2
2021-07-04 00:35:39,0,0,0,0
2021-07-04 00:36:59,0,0,0,0
2021-07-04 00:37:28,0,0,0,0
2021-07-04 00:37:33,0,0,1,1
2021-07-04 00:37:39,4,0,0,4
2021-07-04 00:37:58,68,0,14,82
2021-07-04 00:38:14,1,0,0,1
2021-07-04 00:38:18,28,2,2,32
2021-07-04 00:38:47,42,3,22,67
2021-07-04 00:38:51,1,0,0,1
2021-07-04 00:39:20,8,0,2,10
2021-07-04 00:39:30,0,0,0,0
2021-07-04 00:39:47,0,0,0,0
2021-07-04 00:39:58,8,0,2,10
2021-07-04 00:40:00,13,0,3,16
2021-07-04 00:40:07,0,0,0,0
2021-07-04 00:40:33,0,0,0,0
2021-07-04 00:40:36,1,0,0,1
2021-07-04 00:40:46,0,0,0,0
2021-07-04 00:41:57,1,0,0,1
2021-07-04 00:42:44,0,0,0,0
2021-07-04 00:42:47,1,0,0,1
2021-07-04 00:42:55,0,0,0,0
2021-07-04 00:43:00,7,0,3,10
2021-07-04 00:43:20,1,0,0,1
2021-07-04 00:43:21,0,0,0,0
2021-07-04 00:43:22,0,0,0,0
2021-07-04 00:43:25,4,0,0,4
2021-07-04 00:44:11,0,0,0,0
2021-07-04 00:44:26,2,0,0,2
2021-07-04 00:44:30,1,0,0,1
2021-07-04 00:44:43,0,0,0,0
2021-07-04 00:45:03,1717,66,280,2063
2021-07-04 00:45:05,1,0,0,1
2021-07-04 00:45:13,0,0,0,0
2021-07-04 00:45:46,1,0,0,1
2021-07-04 00:45:52,0,0,0,0
2021-07-04 00:45:56,1,0,0,1
2021-07-04 00:46:36,4,0,2,6
2021-07-04 00:46:40,0,0,0,0
2021-07-04 00:47:05,10,0,3,13
2021-07-04 00:47:14,1,0,0,1
2021-07-04 00:48:19,1,0,0,1
2021-07-04 00:49:01,0,0,0,0
2021-07-04 00:49:07,1,1,0,2
2021-07-04 00:49:25,3,0,0,3
2021-07-04 00:49:30,0,0,0,0
2021-07-04 00:49:47,0,0,0,0
2021-07-04 00:50:11,0,0,0,0
2021-07-04 00:50:24,0,0,0,0
2021-07-04 00:50:47,7,0,1,8
2021-07-04 00:51:04,4,0,0,4
2021-07-04 00:51:28,1,0,0,1
2021-07-04 00:51:46,0,0,0,0
2021-07-04 00:52:33,12,0,0,12
2021-07-04 00:52:48,0,0,0,0
2021-07-04 00:53:45,2,0,0,2
2021-07-04 00:54:22,0,0,0,0
2021-07-04 00:54:25,0,0,0,0
2021-07-04 00:54:44,1,0,0,1
2021-07-04 00:55:33,30,4,0,34
2021-07-04 00:55:42,2,0,1,3
2021-07-04 00:55:44,4,0,0,4
2021-07-04 00:55:50,176,4,31,211
2021-07-04 00:56:47,2,0,0,2
2021-07-04 00:57:02,1,0,1,2
2021-07-04 00:58:36,1,0,0,1
2021-07-04 00:59:49,1,0,0,1
2021-07-04 01:00:00,22,0,11,33
2021-07-04 01:00:20,0,0,0,0
2021-07-04 01:00:53,0,0,0,0
2021-07-04 01:01:03,3,0,0,3
2021-07-04 01:01:52,0,0,0,0
2021-07-04 01:02:25,1,0,0,1
2021-07-04 01:02:35,1,0,0,1
2021-07-04 01:02:44,0,0,0,0
2021-07-04 01:03:14,24,2,0,26
2021-07-04 01:03:19,20,0,0,20
2021-07-04 01:03:27,1,0,0,1
2021-07-04 01:03:32,9,0,2,11
2021-07-04 01:04:09,0,0,0,0
2021-07-04 01:04:11,9,0,0,9
2021-07-04 01:04:14,0,0,0,0
2021-07-04 01:04:15,0,0,0,0
2021-07-04 01:04:46,1,0,1,2
2021-07-04 01:05:08,0,0,0,0
2021-07-04 01:05:26,4,0,0,4
2021-07-04 01:05:27,0,0,0,0
2021-07-04 01:06:22,0,1,0,1
2021-07-04 01:06:27,2,0,0,2
2021-07-04 01:06:30,0,0,0,0
2021-07-04 01:06:34,0,0,0,0
2021-07-04 01:07:18,0,0,0,0
2021-07-04 01:07:20,3,0,1,4
2021-07-04 01:07:55,0,0,0,0
2021-07-04 01:08:49,925,25,197,1147
2021-07-04 01:09:19,0,0,0,0
2021-07-04 01:09:21,0,0,0,0
2021-07-04 01:09:24,11,0,0,11
2021-07-04 01:10:01,0,0,0,0
2021-07-04 01:10:12,5,0,1,6
2021-07-04 01:10:29,1,0,0,1
2021-07-04 01:11:03,27,1,2,30
2021-07-04 01:11:48,13,0,2,15
2021-07-04 01:11:50,0,0,0,0
2021-07-04 01:12:09,0,0,0,0
2021-07-04 01:12:48,5,0,1,6
2021-07-04 01:13:05,0,0,0,0
2021-07-04 01:13:23,0,0,0,0
2021-07-04 01:13:39,2,0,0,2
2021-07-04 01:14:37,0,0,0,0
2021-07-04 01:14:54,8,0,1,9
2021-07-04 01:15:07,0,0,0,0
2021-07-04 01:15:16,19,0,7,26
2021-07-04 01:15:51,0,0,0,0
2021-07-04 01:16:13,3,0,0,3
2021-07-04 01:16:45,0,0,0,0
2021-07-04 01:17:10,5,1,0,6
2021-07-04 01:17:21,0,0,0,0
2021-07-04 01:17:28,64,0,10,74
2021-07-04 01:17:38,9,0,2,11
2021-07-04 01:17:43,0,0,0,0
2021-07-04 01:17:45,0,0,0,0
2021-07-04 01:17:50,337,2,32,371
2021-07-04 01:18:29,16,1,0,17
2021-07-04 01:18:40,0,0,0,0
2021-07-04 01:19:10,25,2,7,34
2021-07-04 01:19:20,1,0,0,1
2021-07-04 01:19:22,1,0,0,1
2021-07-04 01:19:25,1,0,0,1
2021-07-04 01:19:30,1,0,0,1
2021-07-04 01:19:49,1,0,0,1
2021-07-04 01:19:58,36,2,0,38
2021-07-04 01:20:00,8,0,2,10
2021-07-04 01:20:05,0,0,0,0
2021-07-04 01:20:56,1,0,0,1
2021-07-04 01:21:39,1,0,0,1
2021-07-04 01:22:01,0,0,0,0
2021-07-04 01:22:44,0,0,0,0
2021-07-04 01:22:58,0,0,0,0
2021-07-04 01:23:01,10,0,0,10
2021-07-04 01:23:11,1,0,0,1
2021-07-04 01:23:17,0,0,0,0
2021-07-04 01:23:20,0,0,0,0
2021-07-04 01:23:30,0,0,0,0
2021-07-04 01:23:33,0,0,0,0
2021-07-04 01:23:40,1,0,0,1
2021-07-04 01:23:57,2,0,2,4
2021-07-04 01:23:58,0,0,0,0
2021-07-04 01:24:17,4,0,1,5
2021-07-04 01:24:36,0,0,0,0
2021-07-04 01:24:41,0,0,0,0
2021-07-04 01:25:03,2,0,0,2
2021-07-04 01:25:06,0,0,1,1
2021-07-04 01:25:30,0,0,0,0
2021-07-04 01:26:44,0,0,0,0
2021-07-04 01:27:14,1,0,0,1
2021-07-04 01:27:27,138,4,14,156
2021-07-04 01:27:28,0,0,0,0
2021-07-04 01:27:45,36,3,3,42
2021-07-04 01:28:08,1,0,0,1
2021-07-04 01:28:25,2,2,0,4
2021-07-04 01:28:46,6,0,0,6
2021-07-04 01:29:18,0,1,0,1
2021-07-04 01:29:29,5,0,0,5
2021-07-04 01:29:30,2,0,1,3
2021-07-04 01:29:34,1,0,0,1
2021-07-04 01:29:43,0,0,0,0
2021-07-04 01:29:57,99,1,10,110
2021-07-04 01:29:58,1,0,0,1
2021-07-04 01:30:30,1,0,1,2
2021-07-04 01:30:36,1,0,0,1
2021-07-04 01:30:52,1,0,0,1
2021-07-04 01:31:13,13,0,2,15
2021-07-04 01:31:26,4,0,0,4
2021-07-04 01:31:40,0,0,0,0
2021-07-04 01:31:42,2,2,0,4
2021-07-04 01:32:14,2,0,2,4
2021-07-04 01:32:26,8,0,0,8
2021-07-04 01:32:30,1,0,0,1
2021-07-04 01:32:54,2,0,0,2
2021-07-04 01:33:10,2,3,0,5
2021-07-04 01:33:48,2,0,0,2
2021-07-04 01:33:59,2,2,0,4
2021-07-04 01:34:07,794,9,49,852
2021-07-04 01:34:29,2,1,0,3
2021-07-04 01:34:34,2,0,0,2
2021-07-04 01:34:43,2,0,0,2
2021-07-04 01:35:03,1,0,0,1
2021-07-04 01:35:39,2,1,0,3
2021-07-04 01:36:16,0,1,0,1
2021-07-04 01:36:20,1,0,0,1
2021-07-04 01:36:23,0,0,0,0
2021-07-04 01:36:51,0,0,0,0
2021-07-04 01:36:58,17,3,5,25
2021-07-04 01:37:02,2,2,0,4
2021-07-04 01:37:07,1,0,0,1
2021-07-04 01:37:13,4,0,0,4
2021-07-04 01:37:41,7,0,4,11
2021-07-04 01:37:59,0,0,0,0
2021-07-04 01:38:02,1,0,0,1
2021-07-04 01:38:26,3,0,1,4
2021-07-04 01:38:29,2,0,0,2
2021-07-04 01:38:51,6,1,1,8
2021-07-04 01:39:04,3,0,0,3
2021-07-04 01:39:25,2,3,0,5
2021-07-04 01:39:57,2,3,0,5
2021-07-04 01:40:02,415,21,79,515
2021-07-04 01:40:45,44,3,3,50
2021-07-04 01:40:50,2,0,0,2
2021-07-04 01:41:24,1,0,0,1
2021-07-04 01:41:49,1,0,0,1
2021-07-04 01:42:39,1,0,0,1
2021-07-04 01:43:01,3,0,0,3
2021-07-04 01:43:15,0,0,0,0
2021-07-04 01:43:17,2,0,0,2
2021-07-04 01:43:19,0,0,0,0
2021-07-04 01:43:22,0,0,0,0
2021-07-04 01:43:25,0,0,0,0
2021-07-04 01:43:26,0,0,0,0
2021-07-04 01:43:31,1,0,1,2
2021-07-04 01:43:35,0,0,0,0
2021-07-04 01:43:39,0,0,0,0
2021-07-04 01:43:42,0,0,0,0
2021-07-04 01:43:46,2,4,0,6
2021-07-04 01:43:49,0,0,0,0
2021-07-04 01:44:05,1,0,0,1
2021-07-04 01:44:31,0,0,0,0
2021-07-04 01:45:16,0,0,0,0
2021-07-04 01:46:01,1,0,0,1
2021-07-04 01:47:33,2,0,0,2
2021-07-04 01:47:57,2,0,1,3
2021-07-04 01:48:07,0,0,0,0
2021-07-04 01:51:08,1,0,0,1
2021-07-04 01:52:00,0,0,0,0
2021-07-04 01:52:02,0,0,0,0
2021-07-04 01:52:25,1,0,0,1
2021-07-04 01:52:52,3,0,1,4
2021-07-04 01:52:58,1,0,0,1
2021-07-04 01:53:15,0,0,0,0
2021-07-04 01:53:19,2,0,2,4
2021-07-04 01:53:22,0,0,0,0
2021-07-04 01:53:23,0,0,0,0
2021-07-04 01:53:26,0,0,0,0
2021-07-04 01:53:29,0,0,0,0
2021-07-04 01:53:33,0,0,0,0
2021-07-04 01:53:36,0,0,0,0
2021-07-04 01:53:55,0,0,0,0
2021-07-04 01:54:09,4,0,2,6
2021-07-04 01:55:14,1,0,0,1
2021-07-04 01:55:21,12,1,5,18
2021-07-04 01:55:34,0,0,0,0
2021-07-04 01:55:55,6,0,0,6
2021-07-04 01:55:57,1,0,0,1
2021-07-04 01:56:40,4,0,0,4
2021-07-04 01:58:26,9,0,0,9
2021-07-04 01:58:47,9,0,2,11
2021-07-04 01:59:47,0,0,0,0
2021-07-04 02:00:04,1,0,1,2
2021-07-04 02:00:34,1,0,0,1
2021-07-04 02:00:49,21,2,4,27
2021-07-04 02:01:28,5,1,2,8
2021-07-04 02:02:03,8,0,0,8
2021-07-04 02:03:27,3,0,0,3
2021-07-04 02:05:34,1,0,0,1
2021-07-04 02:05:42,2,0,1,3
2021-07-04 02:08:34,1,0,0,1
2021-07-04 02:08:44,0,0,2,2
2021-07-04 02:08:51,1,0,0,1
2021-07-04 02:09:48,2,0,0,2
2021-07-04 02:10:31,1,0,0,1
2021-07-04 02:10:49,0,0,0,0
2021-07-04 02:10:59,0,0,0,0
2021-07-04 02:12:05,0,0,0,0
2021-07-04 02:13:16,0,1,0,1
2021-07-04 02:13:43,4,0,0,4
2021-07-04 02:15:40,12,0,5,17
2021-07-04 02:16:29,1,0,0,1
2021-07-04 02:16:49,1,0,0,1
2021-07-04 02:17:00,2,0,1,3
2021-07-04 02:17:46,1,0,1,2
2021-07-04 02:17:52,0,0,0,0
2021-07-04 02:18:15,6,0,2,8
2021-07-04 02:18:38,0,0,0,0
2021-07-04 02:18:54,0,0,0,0
2021-07-04 02:19:07,4,0,0,4
2021-07-04 02:19:13,2,0,0,2
2021-07-04 02:19:16,8,0,4,12
2021-07-04 02:19:31,0,0,0,0
2021-07-04 02:19:43,1,0,0,1
2021-07-04 02:19:55,5,0,1,6
2021-07-04 02:20:03,0,0,0,0
2021-07-04 02:20:39,1,0,1,2
2021-07-04 02:21:30,0,0,0,0
2021-07-04 02:21:39,1,0,1,2
2021-07-04 02:22:24,0,0,0,0
2021-07-04 02:23:00,0,0,0,0
2021-07-04 02:23:03,1,0,0,1
2021-07-04 02:23:36,0,0,0,0
2021-07-04 02:23:45,2,0,0,2
2021-07-04 02:24:01,5,0,1,6
2021-07-04 02:24:07,0,0,0,0
2021-07-04 02:24:32,1,0,0,1
2021-07-04 02:25:28,0,0,0,0
2021-07-04 02:25:55,14,0,5,19
2021-07-04 02:26:17,0,0,0,0
2021-07-04 02:27:43,0,0,0,0
2021-07-04 02:27:56,0,0,0,0
2021-07-04 02:28:12,0,0,0,0
2021-07-04 02:28:34,3,0,1,4
2021-07-04 02:28:52,0,0,0,0
2021-07-04 02:29:53,1,0,0,1
2021-07-04 02:30:47,2,0,3,5
2021-07-04 02:30:58,0,0,0,0
2021-07-04 02:31:05,2,0,1,3
2021-07-04 02:34:50,5,0,0,5
2021-07-04 02:35:06,0,0,0,0
2021-07-04 02:35:36,3,0,0,3
2021-07-04 02:36:08,5,0,2,7
2021-07-04 02:36:20,0,0,0,0
2021-07-04 02:38:26,0,0,0,0
2021-07-04 02:40:08,0,0,0,0
2021-07-04 02:41:23,0,0,0,0
2021-07-04 02:43:35,1,0,1,2
2021-07-04 02:46:52,0,0,0,0
2021-07-04 02:49:07,72,1,3,76
2021-07-04 02:50:09,5,0,1,6
2021-07-04 02:50:26,3,1,1,5
2021-07-04 02:50:46,0,0,0,0
2021-07-04 02:57:03,5,0,3,8
2021-07-04 02:58:30,3,1,0,4
2021-07-04 03:01:00,1,0,0,1
2021-07-04 03:01:20,0,0,0,0
2021-07-04 03:02:40,2,0,1,3
2021-07-04 03:03:27,0,0,0,0
2021-07-04 03:04:24,0,0,0,0
2021-07-04 03:04:31,4,0,1,5
2021-07-04 03:09:34,0,0,0,0
2021-07-04 03:09:47,1,0,0,1
2021-07-04 03:11:27,0,0,0,0
2021-07-04 03:12:09,3,0,0,3
2021-07-04 03:17:22,0,0,0,0
2021-07-04 03:18:25,0,0,0,0
2021-07-04 03:18:53,0,0,0,0
2021-07-04 03:19:19,0,0,0,0
2021-07-04 03:19:48,2,1,0,3
2021-07-04 03:19:49,2,0,0,2
2021-07-04 03:24:38,0,0,0,0
2021-07-04 03:29:42,2,0,0,2
2021-07-04 03:30:25,3,0,0,3
2021-07-04 03:31:37,1,0,0,1
2021-07-04 03:31:57,3,0,1,4
2021-07-04 03:34:22,0,0,0,0
2021-07-04 03:38:49,4,0,1,5
2021-07-04 03:40:33,18,0,4,22
2021-07-04 03:41:29,2,0,0,2
2021-07-04 03:42:41,2,0,0,2
2021-07-04 03:44:19,11,1,3,15
2021-07-04 03:44:44,6,0,1,7
2021-07-04 03:44:47,1,0,0,1
2021-07-04 03:45:06,0,0,2,2
2021-07-04 03:45:23,6,0,1,7
2021-07-04 03:46:00,1,0,0,1
2021-07-04 03:46:20,1,0,0,1
2021-07-04 03:46:40,0,0,0,0
2021-07-04 03:46:41,2,0,0,2
2021-07-04 03:46:58,1,0,0,1
2021-07-04 03:47:15,1,0,0,1
2021-07-04 03:47:45,1,0,0,1
2021-07-04 03:48:04,4,0,0,4
2021-07-04 03:48:34,3,0,1,4
2021-07-04 03:48:53,3,0,0,3
2021-07-04 03:49:08,4,0,0,4
2021-07-04 03:49:12,0,0,0,0
2021-07-04 03:50:02,2,0,0,2
2021-07-04 03:50:19,18,1,13,32
2021-07-04 03:51:01,2,0,0,2
2021-07-04 03:52:03,1,0,0,1
2021-07-04 03:52:08,0,0,0,0
2021-07-04 03:52:41,4,0,0,4
2021-07-04 03:52:52,1,0,0,1
2021-07-04 03:53:35,1,0,0,1
2021-07-04 03:54:47,0,0,0,0
2021-07-04 03:54:51,0,0,0,0
2021-07-04 03:54:52,1,0,1,2
2021-07-04 03:54:59,0,0,0,0
2021-07-04 03:55:26,0,0,0,0
2021-07-04 03:55:55,0,0,0,0
2021-07-04 03:55:56,2,0,2,4
2021-07-04 03:57:54,15,1,8,24
2021-07-04 03:58:46,1,0,2,3
2021-07-04 03:59:09,1,0,0,1
2021-07-04 04:00:22,0,0,0,0
2021-07-04 04:01:43,0,0,0,0
2021-07-04 04:05:00,5,0,1,6
2021-07-04 04:05:20,0,0,0,0
2021-07-04 04:05:21,0,0,0,0
2021-07-04 04:07:01,0,0,0,0
2021-07-04 04:07:09,0,0,0,0
2021-07-04 04:07:27,0,0,0,0
2021-07-04 04:07:57,0,0,0,0
2021-07-04 04:08:13,0,0,0,0
2021-07-04 04:08:28,0,0,0,0
2021-07-04 04:08:56,0,0,0,0
2021-07-04 04:09:24,0,0,0,0
2021-07-04 04:09:29,7,0,1,8
2021-07-04 04:10:32,3,0,1,4
2021-07-04 04:11:02,0,0,0,0
2021-07-04 04:11:53,1,0,1,2
2021-07-04 04:14:15,0,0,0,0
2021-07-04 04:14:26,0,0,0,0
2021-07-04 04:16:55,0,0,0,0
2021-07-04 04:17:13,0,0,0,0
2021-07-04 04:19:11,0,0,0,0
2021-07-04 04:21:03,20,0,2,22
2021-07-04 04:23:03,0,0,0,0
2021-07-04 04:23:13,0,0,0,0
2021-07-04 04:24:31,0,0,0,0
2021-07-04 04:26:04,0,0,0,0
2021-07-04 04:26:07,0,0,0,0
2021-07-04 04:27:19,1,0,0,1
2021-07-04 04:27:23,2,0,0,2
2021-07-04 04:27:31,0,0,1,1
2021-07-04 04:28:41,0,0,0,0
2021-07-04 04:28:49,2,0,0,2
2021-07-04 04:29:22,2,0,0,2
2021-07-04 04:30:32,0,0,0,0
2021-07-04 04:30:54,3,0,1,4
2021-07-04 04:30:59,1,0,0,1
2021-07-04 04:31:30,0,0,1,1
2021-07-04 04:31:31,6,0,1,7
2021-07-04 04:31:32,2,0,0,2
2021-07-04 04:32:31,0,0,0,0
2021-07-04 04:33:03,2,0,1,3
2021-07-04 04:34:13,0,0,0,0
2021-07-04 04:34:31,9,0,0,9
2021-07-04 04:35:01,0,1,1,2
2021-07-04 04:35:06,0,0,0,0
2021-07-04 04:35:10,0,0,0,0
2021-07-04 04:35:14,1,0,0,1
2021-07-04 04:35:18,1,0,0,1
2021-07-04 04:35:22,2,0,0,2
2021-07-04 04:35:26,1,0,0,1
2021-07-04 04:35:30,16,0,5,21
2021-07-04 04:35:35,4,0,2,6
2021-07-04 04:35:38,1,0,0,1
2021-07-04 04:37:23,0,0,0,0
2021-07-04 04:37:26,0,0,0,0
2021-07-04 04:37:43,1,0,1,2
2021-07-04 04:48:10,4,0,0,4
2021-07-04 04:50:15,0,0,0,0
2021-07-04 04:51:21,0,0,0,0
2021-07-04 04:52:14,0,0,0,0
2021-07-04 04:53:09,0,0,0,0
2021-07-04 04:54:03,0,0,0,0
2021-07-04 04:54:17,0,0,0,0
2021-07-04 04:54:41,0,0,1,1
2021-07-04 04:55:18,0,0,0,0
2021-07-04 04:58:59,0,0,0,0
2021-07-04 04:59:18,29,4,5,38
2021-07-04 04:59:40,0,0,0,0
2021-07-04 05:03:05,0,0,0,0
2021-07-04 05:05:45,11,1,0,12
2021-07-04 05:06:10,0,0,0,0
2021-07-04 05:07:08,0,0,0,0
2021-07-04 05:09:13,0,0,0,0
2021-07-04 05:10:23,0,0,0,0
2021-07-04 05:13:27,0,0,0,0
2021-07-04 05:15:31,2,0,0,2
2021-07-04 05:18:25,0,0,0,0
2021-07-04 05:19:49,0,0,0,0
2021-07-04 05:24:01,0,0,0,0
2021-07-04 05:26:02,4,0,2,6
2021-07-04 05:27:29,16,1,6,23
2021-07-04 05:27:55,1,0,0,1
2021-07-04 05:30:45,0,0,0,0
2021-07-04 05:33:29,2,0,0,2
2021-07-04 05:35:21,0,0,0,0
2021-07-04 05:35:26,1,0,1,2
2021-07-04 05:35:31,0,0,0,0
2021-07-04 05:35:37,0,0,0,0
2021-07-04 05:35:43,0,0,0,0
2021-07-04 05:35:48,0,0,0,0
2021-07-04 05:35:53,0,1,0,1
2021-07-04 05:35:59,0,0,0,0
2021-07-04 05:36:05,0,0,0,0
2021-07-04 05:36:10,0,0,0,0
2021-07-04 05:38:29,0,0,0,0
2021-07-04 05:38:47,1,0,0,1
2021-07-04 05:39:31,2,0,0,2
2021-07-04 05:40:33,1,0,1,2
2021-07-04 05:42:24,1,0,1,2
2021-07-04 05:44:55,0,0,0,0
2021-07-04 05:45:01,0,0,0,0
2021-07-04 05:45:10,0,0,0,0
2021-07-04 05:47:49,0,0,0,0
2021-07-04 05:47:56,1,0,0,1
2021-07-04 05:49:05,0,0,0,0
2021-07-04 05:49:42,2,0,0,2
2021-07-04 05:50:38,1,0,0,1
2021-07-04 05:51:19,0,0,0,0
2021-07-04 05:51:40,3,0,1,4
2021-07-04 05:52:50,1,0,0,1
2021-07-04 05:53:02,2,0,0,2
2021-07-04 05:53:45,1,0,1,2
2021-07-04 05:54:16,0,0,0,0
2021-07-04 05:55:24,0,0,0,0
2021-07-04 05:55:25,0,0,0,0
2021-07-04 05:56:03,0,0,0,0
2021-07-04 05:57:53,0,0,0,0
2021-07-04 05:58:16,0,0,0,0
2021-07-04 06:01:18,0,0,0,0
2021-07-04 06:03:54,0,0,0,0
2021-07-04 06:04:05,3,1,0,4
2021-07-04 06:05:44,1,0,0,1
2021-07-04 06:06:13,1,0,0,1
2021-07-04 06:06:50,0,0,0,0
2021-07-04 06:07:38,0,0,0,0
2021-07-04 06:08:25,3,0,0,3
2021-07-04 06:08:49,0,1,0,1
2021-07-04 06:12:09,3,1,1,5
2021-07-04 06:12:34,2,0,0,2
2021-07-04 06:12:46,4,0,2,6
2021-07-04 06:12:55,25,1,0,26
2021-07-04 06:13:16,5,0,2,7
2021-07-04 06:15:47,8,0,2,10
2021-07-04 06:16:04,2,0,0,2
2021-07-04 06:16:28,1,0,0,1
2021-07-04 06:16:47,1,0,0,1
2021-07-04 06:16:54,4,0,1,5
2021-07-04 06:16:57,1,0,0,1
2021-07-04 06:17:53,1,0,0,1
2021-07-04 06:22:30,11,1,1,13
2021-07-04 06:23:29,7,2,1,10
2021-07-04 06:23:50,1,0,0,1
2021-07-04 06:28:51,1,0,0,1
2021-07-04 06:30:04,3,1,0,4
2021-07-04 06:30:39,5,0,1,6
2021-07-04 06:32:22,2,0,0,2
2021-07-04 06:33:31,3,1,1,5
2021-07-04 06:34:01,3,0,1,4
2021-07-04 06:39:24,1,0,0,1
2021-07-04 06:39:31,0,0,0,0
2021-07-04 06:40:12,0,0,0,0
2021-07-04 06:40:54,0,0,0,0
2021-07-04 06:42:32,5,0,1,6
2021-07-04 06:43:10,1,0,4,5
2021-07-04 06:43:25,1,0,0,1
2021-07-04 06:43:52,0,0,0,0
2021-07-04 06:44:02,1,0,0,1
2021-07-04 06:44:27,1,0,0,1
2021-07-04 06:45:45,1,0,0,1
2021-07-04 06:46:34,0,1,0,1
2021-07-04 06:47:01,0,0,0,0
2021-07-04 06:47:03,2,0,0,2
2021-07-04 06:47:26,0,0,0,0
2021-07-04 06:47:47,1,0,1,2
2021-07-04 06:48:41,5,0,2,7
2021-07-04 06:49:05,0,0,0,0
2021-07-04 06:49:27,0,1,0,1
2021-07-04 06:49:38,0,0,0,0
2021-07-04 06:50:03,0,0,0,0
2021-07-04 06:51:39,1,0,0,1
2021-07-04 06:51:53,7,0,3,10
2021-07-04 06:53:06,1,0,0,1
2021-07-04 06:55:40,1,0,0,1
2021-07-04 06:55:53,0,0,0,0
2021-07-04 06:56:00,1,0,0,1
2021-07-04 06:57:43,0,1,0,1
2021-07-04 06:58:48,0,0,1,1
2021-07-04 07:02:11,0,0,0,0
2021-07-04 07:04:44,0,0,0,0
2021-07-04 07:05:52,1,0,0,1
2021-07-04 07:05:55,2,0,0,2
2021-07-04 07:06:00,1,0,1,2
2021-07-04 07:07:00,1,0,0,1
2021-07-04 07:07:16,0,0,0,0
2021-07-04 07:07:24,2,0,0,2
2021-07-04 07:08:24,2,0,0,2
2021-07-04 07:08:36,0,0,0,0
2021-07-04 07:08:51,5,0,1,6
2021-07-04 07:09:51,8,0,2,10
2021-07-04 07:10:42,1,0,0,1
2021-07-04 07:10:43,3,0,1,4
2021-07-04 07:11:14,2,0,2,4
2021-07-04 07:11:31,1,0,1,2
2021-07-04 07:11:39,1,0,0,1
2021-07-04 07:12:51,0,0,0,0
2021-07-04 07:12:55,0,0,0,0
2021-07-04 07:13:37,1,0,0,1
2021-07-04 07:13:49,1,0,0,1
2021-07-04 07:14:12,2,0,0,2
2021-07-04 07:14:14,1,0,1,2
2021-07-04 07:14:16,4,0,2,6
2021-07-04 07:14:19,1,0,0,1
2021-07-04 07:14:28,3,0,0,3
2021-07-04 07:16:51,2,0,0,2
2021-07-04 07:18:42,1,0,0,1
2021-07-04 07:19:41,2,0,0,2
2021-07-04 07:20:16,4,3,1,8
2021-07-04 07:20:48,2,0,0,2
2021-07-04 07:21:17,952,21,158,1131
2021-07-04 07:21:40,1,0,0,1
2021-07-04 07:22:12,1,1,0,2
2021-07-04 07:22:27,1,0,0,1
2021-07-04 07:22:32,2,0,1,3
2021-07-04 07:22:58,17,2,4,23
2021-07-04 07:23:05,15,1,4,20
2021-07-04 07:23:15,10,0,1,11
2021-07-04 07:23:52,7,0,1,8
2021-07-04 07:26:42,28,0,7,35
2021-07-04 07:27:40,2,0,1,3
2021-07-04 07:27:44,2,0,0,2
2021-07-04 07:28:22,2,0,0,2
2021-07-04 07:28:31,120,17,36,173
2021-07-04 07:28:33,0,0,0,0
2021-07-04 07:29:17,1,1,0,2
2021-07-04 07:29:26,1,0,0,1
2021-07-04 07:30:30,3,0,1,4
2021-07-04 07:30:54,2,1,0,3
2021-07-04 07:31:36,3,0,1,4
2021-07-04 07:31:53,1,0,0,1
2021-07-04 07:32:18,1,0,0,1
2021-07-04 07:32:24,3,0,0,3
2021-07-04 07:32:44,1,0,0,1
2021-07-04 07:32:47,2,0,1,3
2021-07-04 07:32:56,1,0,1,2
2021-07-04 07:33:02,1,1,0,2
2021-07-04 07:33:23,0,0,0,0
2021-07-04 07:33:37,1,0,0,1
2021-07-04 07:34:28,2,0,0,2
2021-07-04 07:34:47,3,0,0,3
2021-07-04 07:34:58,0,0,0,0
2021-07-04 07:35:17,0,1,0,1
2021-07-04 07:35:46,0,0,0,0
2021-07-04 07:35:53,1,0,0,1
2021-07-04 07:36:16,1,0,1,2
2021-07-04 07:36:24,0,0,0,0
2021-07-04 07:36:54,1,0,0,1
2021-07-04 07:37:03,0,0,0,0
2021-07-04 07:37:06,6,0,0,6
2021-07-04 07:37:13,1,0,0,1
2021-07-04 07:37:39,1,0,0,1
2021-07-04 07:37:45,3,0,0,3
2021-07-04 07:37:54,8,0,0,8
2021-07-04 07:38:03,1,0,0,1
2021-07-04 07:38:20,1,0,0,1
2021-07-04 07:38:21,1,0,0,1
2021-07-04 07:38:26,2,0,0,2
2021-07-04 07:38:27,1,0,0,1
2021-07-04 07:38:44,0,0,0,0
2021-07-04 07:39:07,0,0,0,0
2021-07-04 07:39:15,2,0,1,3
2021-07-04 07:39:30,13,0,0,13
2021-07-04 07:40:32,1,0,0,1
2021-07-04 07:40:58,0,0,0,0
2021-07-04 07:41:02,1,0,0,1
2021-07-04 07:41:05,0,0,0,0
2021-07-04 07:41:11,2,0,1,3
2021-07-04 07:41:34,2,0,0,2
2021-07-04 07:41:38,2,0,0,2
2021-07-04 07:42:33,2,0,1,3
2021-07-04 07:42:50,4,0,0,4
2021-07-04 07:43:39,0,0,0,0
2021-07-04 07:44:04,2,0,0,2
2021-07-04 07:45:07,6,0,0,6
2021-07-04 07:45:49,1,0,0,1
2021-07-04 07:46:08,0,0,1,1
2021-07-04 07:46:10,1,0,0,1
2021-07-04 07:47:03,264,7,38,309
2021-07-04 07:48:42,1,1,1,3
2021-07-04 07:49:17,1,0,0,1
2021-07-04 07:49:33,2,1,0,3
2021-07-04 07:50:14,2,0,0,2
2021-07-04 07:50:15,0,0,0,0
2021-07-04 07:50:43,929,7,144,1080
2021-07-04 07:50:49,0,0,0,0
2021-07-04 07:50:51,0,0,0,0
2021-07-04 07:51:29,3,0,0,3
2021-07-04 07:52:56,0,0,0,0
2021-07-04 07:54:05,0,0,0,0
2021-07-04 07:54:31,1,0,0,1
2021-07-04 07:54:43,5,0,0,5
2021-07-04 07:54:57,0,0,0,0
2021-07-04 07:55:58,1,0,0,1
2021-07-04 07:56:50,0,0,0,0
2021-07-04 07:57:00,1,0,0,1
2021-07-04 07:59:05,6,0,2,8
2021-07-04 07:59:17,1,0,0,1
2021-07-04 07:59:42,0,0,0,0
2021-07-04 07:59:45,2,0,0,2
2021-07-04 07:59:57,1,0,0,1
2021-07-04 07:59:58,8,0,1,9
2021-07-04 08:00:26,0,1,0,1
2021-07-04 08:00:27,2,4,0,6
2021-07-04 08:00:28,0,2,0,2
2021-07-04 08:00:30,16,0,6,22
2021-07-04 08:02:11,7,0,2,9
2021-07-04 08:02:27,14,1,9,24
2021-07-04 08:04:05,0,0,0,0
2021-07-04 08:04:22,1,0,0,1
2021-07-04 08:04:29,0,0,1,1
2021-07-04 08:04:34,1,0,0,1
2021-07-04 08:04:42,4,0,0,4
2021-07-04 08:05:12,1,0,0,1
2021-07-04 08:06:34,123,2,82,207
2021-07-04 08:06:43,19,0,6,25
2021-07-04 08:07:38,0,0,0,0
2021-07-04 08:08:33,4,0,0,4
2021-07-04 08:08:59,2,0,0,2
2021-07-04 08:09:06,1,0,0,1
2021-07-04 08:09:36,0,0,0,0
2021-07-04 08:09:39,0,0,0,0
2021-07-04 08:10:25,17,1,7,25
2021-07-04 08:11:07,0,0,0,0
2021-07-04 08:11:20,0,0,0,0
2021-07-04 08:11:34,1,0,0,1
2021-07-04 08:12:03,101,1,10,112
2021-07-04 08:12:26,57,1,12,70
2021-07-04 08:12:40,19,2,1,22
2021-07-04 08:13:00,1,0,0,1
2021-07-04 08:13:07,1,0,0,1
2021-07-04 08:13:13,1,0,0,1
2021-07-04 08:13:39,3,0,1,4
2021-07-04 08:14:02,0,0,0,0
2021-07-04 08:14:31,1,0,0,1
2021-07-04 08:14:52,1,0,0,1
2021-07-04 08:15:08,1,0,0,1
2021-07-04 08:15:24,0,0,0,0
2021-07-04 08:15:26,1,0,0,1
2021-07-04 08:15:46,0,0,0,0
2021-07-04 08:16:02,2,0,1,3
2021-07-04 08:16:23,3,0,0,3
2021-07-04 08:17:11,0,0,0,0
2021-07-04 08:17:26,1,0,0,1
2021-07-04 08:18:13,0,0,0,0
2021-07-04 08:18:31,0,0,0,0
2021-07-04 08:19:03,186,6,40,232
2021-07-04 08:19:34,0,0,0,0
2021-07-04 08:20:01,0,0,0,0
2021-07-04 08:20:36,3,0,0,3
2021-07-04 08:21:14,0,0,0,0
2021-07-04 08:21:46,2,1,0,3
2021-07-04 08:21:49,1,1,0,2
2021-07-04 08:22:07,2,4,0,6
2021-07-04 08:22:17,0,0,0,0
2021-07-04 08:22:37,2,1,0,3
2021-07-04 08:23:02,4,4,0,8
2021-07-04 08:23:13,6,1,1,8
2021-07-04 08:23:32,1,0,0,1
2021-07-04 08:23:55,0,0,0,0
2021-07-04 08:24:01,0,0,0,0
2021-07-04 08:24:08,2,0,0,2
2021-07-04 08:24:15,0,1,0,1
2021-07-04 08:24:20,1,0,0,1
2021-07-04 08:24:22,1,0,0,1
2021-07-04 08:24:25,2,1,0,3
2021-07-04 08:24:34,1,1,0,2
2021-07-04 08:24:40,1,0,1,2
2021-07-04 08:24:41,1,1,0,2
2021-07-04 08:24:47,1,1,0,2
2021-07-04 08:24:53,1,0,0,1
2021-07-04 08:24:57,1,1,0,2
2021-07-04 08:25:01,1,1,0,2
2021-07-04 08:25:11,1,1,0,2
2021-07-04 08:25:18,1,1,0,2
2021-07-04 08:25:26,4,2,1,7
2021-07-04 08:25:27,2,0,0,2
2021-07-04 08:25:37,1,1,0,2
2021-07-04 08:25:44,21,1,4,26
2021-07-04 08:25:52,0,0,0,0
2021-07-04 08:26:08,0,0,0,0
2021-07-04 08:26:12,0,0,0,0
2021-07-04 08:26:16,0,0,0,0
2021-07-04 08:26:19,0,0,0,0
2021-07-04 08:26:21,1,0,0,1
2021-07-04 08:26:22,0,0,0,0
2021-07-04 08:26:26,0,0,0,0
2021-07-04 08:26:47,0,0,0,0
2021-07-04 08:27:08,0,0,0,0
2021-07-04 08:27:11,1,0,1,2
2021-07-04 08:27:13,163,2,23,188
2021-07-04 08:27:14,10,0,0,10
2021-07-04 08:27:18,29,2,6,37
2021-07-04 08:28:16,0,0,0,0
2021-07-04 08:28:31,190,7,27,224
2021-07-04 08:28:37,0,0,0,0
2021-07-04 08:28:53,3,1,3,7
2021-07-04 08:28:55,4,0,6,10
2021-07-04 08:29:17,2,0,1,3
2021-07-04 08:29:35,0,0,0,0
2021-07-04 08:29:44,420,8,126,554
2021-07-04 08:29:47,0,0,0,0
2021-07-04 08:30:01,0,0,0,0
2021-07-04 08:30:16,0,0,0,0
2021-07-04 08:30:32,0,0,0,0
2021-07-04 08:30:33,0,0,0,0
2021-07-04 08:30:40,97,1,17,115
2021-07-04 08:30:44,0,0,0,0
2021-07-04 08:31:01,0,0,0,0
2021-07-04 08:31:50,1,1,0,2
2021-07-04 08:31:58,0,0,0,0
2021-07-04 08:32:01,0,0,0,0
2021-07-04 08:32:02,6,0,2,8
2021-07-04 08:32:36,0,0,0,0
2021-07-04 08:32:45,1,0,0,1
2021-07-04 08:32:46,0,0,0,0
2021-07-04 08:32:57,204,4,36,244
2021-07-04 08:33:41,1,0,0,1
2021-07-04 08:33:48,0,0,0,0
2021-07-04 08:34:56,0,0,0,0
2021-07-04 08:34:58,0,0,0,0
2021-07-04 08:35:08,0,0,0,0
2021-07-04 08:35:54,1,0,0,1
2021-07-04 08:36:09,0,0,0,0
2021-07-04 08:36:27,0,0,0,0
2021-07-04 08:37:17,0,0,0,0
2021-07-04 08:37:20,0,0,0,0
2021-07-04 08:37:41,0,0,0,0
2021-07-04 08:38:24,0,0,0,0
2021-07-04 08:38:26,0,0,0,0
2021-07-04 08:38:56,9,0,1,10
2021-07-04 08:39:26,0,0,0,0
2021-07-04 08:39:47,8,0,4,12
2021-07-04 08:39:49,0,0,0,0
2021-07-04 08:40:12,86,8,26,120
2021-07-04 08:40:25,0,0,0,0
2021-07-04 08:40:26,0,1,0,1
2021-07-04 08:41:02,463,27,79,569
2021-07-04 08:41:18,0,1,0,1
2021-07-04 08:41:19,1,0,0,1
2021-07-04 08:41:46,0,0,0,0
2021-07-04 08:42:00,3,1,1,5
2021-07-04 08:42:42,1,0,0,1
2021-07-04 08:42:45,2,1,1,4
2021-07-04 08:43:06,2,1,1,4
2021-07-04 08:44:32,13,1,1,15
2021-07-04 08:44:52,8,0,0,8
2021-07-04 08:44:54,0,0,0,0
2021-07-04 08:44:59,0,0,0,0
2021-07-04 08:45:02,1,0,0,1
2021-07-04 08:45:03,0,0,0,0
2021-07-04 08:45:54,0,0,0,0
2021-07-04 08:46:10,4,0,0,4
2021-07-04 08:46:20,5,0,1,6
2021-07-04 08:46:35,0,0,0,0
2021-07-04 08:46:39,0,0,0,0
2021-07-04 08:46:50,1,1,0,2
2021-07-04 08:47:06,2,0,1,3
2021-07-04 08:47:07,1,0,0,1
2021-07-04 08:47:41,1,0,0,1
2021-07-04 08:47:48,1,0,0,1
2021-07-04 08:48:12,1,0,0,1
2021-07-04 08:48:37,0,0,0,0
2021-07-04 08:48:57,1,0,0,1
2021-07-04 08:48:59,0,0,1,1
2021-07-04 08:49:09,1,0,0,1
2021-07-04 08:49:17,0,0,0,0
2021-07-04 08:49:19,11,0,6,17
2021-07-04 08:49:41,0,0,0,0
2021-07-04 08:50:06,0,0,0,0
2021-07-04 08:50:17,0,0,0,0
2021-07-04 08:51:02,0,0,0,0
2021-07-04 08:51:11,1,0,0,1
2021-07-04 08:51:17,18,0,14,32
2021-07-04 08:51:22,0,0,0,0
2021-07-04 08:51:44,0,0,0,0
2021-07-04 08:52:03,0,0,0,0
2021-07-04 08:52:23,0,0,0,0
2021-07-04 08:52:31,24,1,0,25
2021-07-04 08:52:44,0,0,0,0
2021-07-04 08:53:03,0,0,0,0
2021-07-04 08:53:06,1,0,0,1
2021-07-04 08:53:15,2,0,0,2
2021-07-04 08:53:56,11,1,7,19
2021-07-04 08:54:03,2,0,1,3
2021-07-04 08:54:14,18,2,5,25
2021-07-04 08:54:55,6,0,0,6
2021-07-04 08:54:56,2,2,2,6
2021-07-04 08:55:11,3,1,0,4
2021-07-04 08:55:16,0,0,0,0
2021-07-04 08:55:22,0,1,0,1
2021-07-04 08:55:50,9,0,3,12
2021-07-04 08:56:08,0,0,0,0
2021-07-04 08:56:10,5,1,0,6
2021-07-04 08:56:34,1,0,0,1
2021-07-04 08:56:43,0,1,0,1
2021-07-04 08:56:56,2,0,0,2
2021-07-04 08:57:27,1,0,0,1
2021-07-04 08:57:35,1,0,0,1
2021-07-04 08:57:40,1,0,0,1
2021-07-04 08:57:41,2,0,0,2
2021-07-04 08:57:42,3,0,2,5
2021-07-04 08:57:57,0,0,0,0
2021-07-04 08:58:13,0,0,0,0
2021-07-04 08:58:17,2,0,0,2
2021-07-04 08:58:19,0,0,0,0
2021-07-04 08:58:30,2,0,0,2
2021-07-04 08:58:34,1,0,1,2
2021-07-04 08:58:50,581,2,25,608
2021-07-04 08:59:00,6,0,0,6
2021-07-04 08:59:21,1,0,0,1
2021-07-04 08:59:29,3,0,0,3
2021-07-04 08:59:45,1,0,0,1
2021-07-04 08:59:54,2,0,1,3
2021-07-04 09:00:04,0,0,0,0
2021-07-04 09:00:19,5,0,0,5
2021-07-04 09:00:26,3,0,0,3
2021-07-04 09:00:31,0,0,0,0
2021-07-04 09:00:36,1,0,0,1
2021-07-04 09:00:37,2,2,0,4
2021-07-04 09:00:38,0,1,0,1
2021-07-04 09:00:40,0,1,0,1
2021-07-04 09:00:44,0,1,0,1
2021-07-04 09:00:46,0,1,0,1
2021-07-04 09:00:49,0,1,0,1
2021-07-04 09:00:50,0,2,0,2
2021-07-04 09:00:52,8,1,1,10
2021-07-04 09:00:53,55,1,7,63
2021-07-04 09:00:56,35,0,12,47
2021-07-04 09:01:07,1,0,2,3
2021-07-04 09:01:11,2,0,0,2
2021-07-04 09:01:14,0,0,0,0
2021-07-04 09:01:28,0,0,0,0
2021-07-04 09:01:41,0,0,0,0
2021-07-04 09:02:05,0,0,0,0
2021-07-04 09:02:19,3,0,0,3
2021-07-04 09:02:20,4,1,1,6
2021-07-04 09:02:28,1,0,0,1
2021-07-04 09:03:00,0,0,0,0
2021-07-04 09:03:10,0,0,0,0
2021-07-04 09:03:15,1,0,0,1
2021-07-04 09:03:16,2,0,0,2
2021-07-04 09:03:18,10,0,5,15
2021-07-04 09:03:26,1,0,0,1
2021-07-04 09:05:01,1280,274,243,1797
2021-07-04 09:05:09,2,0,0,2
2021-07-04 09:05:10,1,0,0,1
2021-07-04 09:05:32,2,0,0,2
2021-07-04 09:05:36,0,0,0,0
2021-07-04 09:05:37,1,0,0,1
2021-07-04 09:05:43,0,0,0,0
2021-07-04 09:05:45,0,0,0,0
2021-07-04 09:06:04,193,2,55,250
2021-07-04 09:06:16,26,1,19,46
2021-07-04 09:06:43,1,1,0,2
2021-07-04 09:06:58,3,0,0,3
2021-07-04 09:07:09,0,0,0,0
2021-07-04 09:07:23,0,0,0,0
2021-07-04 09:07:25,1,0,0,1
2021-07-04 09:07:56,0,0,0,0
2021-07-04 09:08:20,2,0,0,2
2021-07-04 09:08:33,0,0,0,0
2021-07-04 09:08:59,1,0,0,1
2021-07-04 09:09:32,0,0,0,0
2021-07-04 09:09:34,0,0,0,0
2021-07-04 09:09:39,0,0,0,0
2021-07-04 09:10:09,0,0,0,0
2021-07-04 09:10:22,1,0,0,1
2021-07-04 09:10:25,0,0,0,0
2021-07-04 09:10:50,3,0,0,3
2021-07-04 09:11:03,0,0,0,0
2021-07-04 09:11:26,3,0,0,3
2021-07-04 09:12:06,2,0,0,2
2021-07-04 09:12:09,0,0,0,0
2021-07-04 09:12:10,59,0,16,75
2021-07-04 09:12:19,0,0,0,0
2021-07-04 09:12:22,0,0,0,0
2021-07-04 09:12:32,0,0,0,0
2021-07-04 09:12:50,5,0,0,5
2021-07-04 09:12:54,1,0,0,1
2021-07-04 09:12:58,2,0,0,2
2021-07-04 09:13:02,1,0,0,1
2021-07-04 09:13:16,14,0,2,16
2021-07-04 09:13:31,549,5,127,681
2021-07-04 09:13:52,0,0,0,0
2021-07-04 09:14:06,2,0,0,2
2021-07-04 09:14:07,0,0,0,0
2021-07-04 09:14:21,1,0,1,2
2021-07-04 09:14:28,0,0,0,0
2021-07-04 09:14:51,2,0,1,3
2021-07-04 09:14:57,0,0,0,0
2021-07-04 09:15:00,20,2,5,27
2021-07-04 09:15:26,44,2,10,56
2021-07-04 09:15:41,0,0,0,0
2021-07-04 09:15:50,0,0,0,0
2021-07-04 09:15:51,3,0,0,3
2021-07-04 09:16:02,5,0,2,7
2021-07-04 09:16:24,1,1,0,2
2021-07-04 09:16:30,3,0,0,3
2021-07-04 09:16:42,0,0,0,0
2021-07-04 09:16:46,6,1,1,8
2021-07-04 09:16:50,0,0,0,0
2021-07-04 09:16:51,0,0,0,0
2021-07-04 09:16:56,0,0,0,0
2021-07-04 09:17:00,0,0,0,0
2021-07-04 09:17:01,1,0,0,1
2021-07-04 09:17:02,0,0,0,0
2021-07-04 09:17:03,36,0,4,40
2021-07-04 09:17:04,0,0,0,0
2021-07-04 09:17:36,2,0,0,2
2021-07-04 09:17:48,0,0,0,0
2021-07-04 09:17:52,1,0,0,1
2021-07-04 09:17:53,0,0,0,0
2021-07-04 09:18:03,10,2,0,12
2021-07-04 09:18:14,0,0,0,0
2021-07-04 09:18:32,0,0,0,0
2021-07-04 09:18:39,90,2,11,103
2021-07-04 09:19:05,1,0,1,2
2021-07-04 09:19:07,0,0,0,0
2021-07-04 09:19:12,0,0,0,0
2021-07-04 09:19:47,247,18,22,287
2021-07-04 09:19:57,0,0,1,1
2021-07-04 09:20:15,2,0,2,4
2021-07-04 09:20:16,179,4,23,206
2021-07-04 09:20:22,0,0,1,1
2021-07-04 09:20:27,53,0,26,79
2021-07-04 09:20:32,5,0,4,9
2021-07-04 09:20:39,5,0,2,7
2021-07-04 09:20:44,38,0,4,42
2021-07-04 09:20:48,1,0,2,3
2021-07-04 09:20:52,0,0,1,1
2021-07-04 09:20:58,2,1,1,4
2021-07-04 09:21:11,2,0,0,2
2021-07-04 09:21:38,10,0,1,11
2021-07-04 09:22:25,0,0,1,1
2021-07-04 09:22:27,6,0,3,9
2021-07-04 09:22:29,0,0,1,1
2021-07-04 09:22:42,24,0,3,27
2021-07-04 09:22:47,0,0,1,1
2021-07-04 09:23:04,0,0,1,1
2021-07-04 09:23:06,0,0,1,1
2021-07-04 09:23:21,0,0,1,1
2021-07-04 09:23:25,15,0,9,24
2021-07-04 09:23:32,0,0,1,1
2021-07-04 09:23:59,0,0,0,0
2021-07-04 09:24:10,1,0,1,2
2021-07-04 09:24:37,0,0,1,1
2021-07-04 09:24:59,0,0,0,0
2021-07-04 09:25:01,0,0,1,1
2021-07-04 09:25:09,10,0,4,14
2021-07-04 09:25:22,1,0,1,2
2021-07-04 09:25:26,0,0,1,1
2021-07-04 09:25:46,0,0,1,1
2021-07-04 09:25:49,0,0,0,0
2021-07-04 09:26:09,17,0,5,22
2021-07-04 09:26:10,28,0,15,43
2021-07-04 09:26:17,0,0,1,1
2021-07-04 09:26:20,2,0,3,5
2021-07-04 09:26:30,0,0,0,0
2021-07-04 09:26:46,8,0,2,10
2021-07-04 09:26:57,1,0,1,2
2021-07-04 09:27:06,1,0,1,2
2021-07-04 09:27:08,3,0,1,4
2021-07-04 09:27:16,0,0,1,1
2021-07-04 09:27:56,2,0,1,3
2021-07-04 09:28:06,0,0,1,1
2021-07-04 09:28:10,3,0,2,5
2021-07-04 09:28:11,10,0,1,11
2021-07-04 09:28:20,2,1,3,6
2021-07-04 09:28:22,14,0,4,18
2021-07-04 09:28:26,4,0,4,8
2021-07-04 09:28:36,0,0,1,1
2021-07-04 09:28:41,0,0,1,1
2021-07-04 09:28:48,7,1,3,11
2021-07-04 09:28:52,2,0,1,3
2021-07-04 09:29:01,1,0,1,2
2021-07-04 09:29:02,0,0,1,1
2021-07-04 09:29:05,1,0,1,2
2021-07-04 09:29:10,0,0,1,1
2021-07-04 09:29:29,13,0,2,15
2021-07-04 09:29:37,0,0,1,1
2021-07-04 09:29:40,0,0,1,1
2021-07-04 09:29:57,0,0,0,0
2021-07-04 09:30:09,0,0,1,1
2021-07-04 09:30:14,7,0,2,9
2021-07-04 09:30:15,0,0,0,0
2021-07-04 09:30:19,0,0,1,1
2021-07-04 09:30:30,0,0,0,0
2021-07-04 09:30:55,0,0,0,0
2021-07-04 09:30:59,0,0,0,0
2021-07-04 09:31:05,0,0,0,0
2021-07-04 09:31:08,9,0,2,11
2021-07-04 09:31:23,59,0,3,62
2021-07-04 09:31:27,0,0,0,0
2021-07-04 09:31:37,0,0,0,0
2021-07-04 09:31:47,0,0,0,0
2021-07-04 09:31:54,1,1,0,2
2021-07-04 09:32:26,1,0,0,1
2021-07-04 09:32:29,10,0,2,12
2021-07-04 09:32:36,2,0,0,2
2021-07-04 09:32:37,0,0,0,0
2021-07-04 09:32:49,0,0,0,0
2021-07-04 09:33:03,0,0,0,0
2021-07-04 09:33:07,0,0,0,0
2021-07-04 09:33:28,1,0,0,1
2021-07-04 09:33:30,0,0,0,0
2021-07-04 09:33:41,5,0,0,5
2021-07-04 09:33:55,0,0,0,0
2021-07-04 09:33:56,0,0,0,0
2021-07-04 09:33:59,0,0,0,0
2021-07-04 09:34:03,1,0,1,2
2021-07-04 09:34:23,0,0,0,0
2021-07-04 09:34:27,0,0,0,0
2021-07-04 09:34:34,1,0,0,1
2021-07-04 09:35:02,0,0,0,0
2021-07-04 09:35:06,0,0,0,0
2021-07-04 09:35:09,0,0,0,0
2021-07-04 09:35:11,19,1,4,24
2021-07-04 09:35:19,0,0,0,0
2021-07-04 09:35:24,4,0,1,5
2021-07-04 09:35:38,0,0,0,0
2021-07-04 09:35:39,3,0,1,4
2021-07-04 09:35:52,0,0,0,0
2021-07-04 09:36:09,0,0,0,0
2021-07-04 09:36:20,0,0,0,0
2021-07-04 09:36:33,9,0,2,11
2021-07-04 09:36:52,0,0,0,0
2021-07-04 09:36:56,0,0,0,0
2021-07-04 09:37:20,0,0,0,0
2021-07-04 09:37:31,0,0,0,0
2021-07-04 09:37:49,0,0,0,0
2021-07-04 09:38:00,8,0,0,8
2021-07-04 09:38:12,0,0,0,0
2021-07-04 09:38:16,0,0,0,0
2021-07-04 09:38:17,1,0,0,1
2021-07-04 09:39:02,0,0,0,0
2021-07-04 09:39:06,1,0,0,1
2021-07-04 09:39:44,0,0,0,0
2021-07-04 09:39:48,5,1,0,6
2021-07-04 09:39:54,0,0,0,0
2021-07-04 09:40:14,3,0,2,5
2021-07-04 09:40:20,6,0,0,6
2021-07-04 09:40:44,0,0,0,0
2021-07-04 09:40:46,1,0,0,1
2021-07-04 09:41:07,7,0,0,7
2021-07-04 09:41:20,1,0,0,1
2021-07-04 09:41:31,2,1,1,4
2021-07-04 09:41:35,0,1,0,1
2021-07-04 09:41:56,0,0,0,0
2021-07-04 09:41:58,1,0,0,1
2021-07-04 09:42:17,1,0,2,3
2021-07-04 09:42:35,0,0,0,0
2021-07-04 09:42:56,2,0,1,3
2021-07-04 09:43:20,0,0,0,0
2021-07-04 09:43:49,0,0,0,0
2021-07-04 09:43:51,0,0,0,0
2021-07-04 09:43:56,4,0,0,4
2021-07-04 09:44:10,2,0,0,2
2021-07-04 09:44:23,7,0,0,7
2021-07-04 09:44:26,1,0,1,2
2021-07-04 09:44:28,1,1,0,2
2021-07-04 09:44:46,1,0,0,1
2021-07-04 09:45:11,3,0,0,3
2021-07-04 09:46:12,1,0,0,1
2021-07-04 09:46:19,0,0,0,0
2021-07-04 09:46:38,0,0,0,0
2021-07-04 09:47:12,4,0,1,5
2021-07-04 09:47:13,40,5,11,56
2021-07-04 09:47:14,3,0,0,3
2021-07-04 09:47:35,0,0,0,0
2021-07-04 09:47:54,0,0,0,0
2021-07-04 09:48:17,4,0,0,4
2021-07-04 09:48:52,0,0,0,0
2021-07-04 09:48:57,1,0,0,1
2021-07-04 09:49:00,0,0,0,0
2021-07-04 09:49:12,1,0,0,1
2021-07-04 09:49:17,2,0,0,2
2021-07-04 09:49:21,1,0,0,1
2021-07-04 09:49:30,0,0,0,0
2021-07-04 09:49:51,0,0,0,0
2021-07-04 09:49:55,0,0,0,0
2021-07-04 09:49:56,1,0,0,1
2021-07-04 09:49:59,0,0,0,0
2021-07-04 09:50:10,1,0,0,1
2021-07-04 09:50:12,12,0,2,14
2021-07-04 09:50:24,8,3,1,12
2021-07-04 09:50:31,2,0,1,3
2021-07-04 09:50:39,3,0,2,5
2021-07-04 09:50:57,2,0,0,2
2021-07-04 09:51:09,76,4,37,117
2021-07-04 09:51:10,4,0,0,4
2021-07-04 09:51:11,0,0,0,0
2021-07-04 09:51:12,1,0,0,1
2021-07-04 09:51:16,0,0,0,0
2021-07-04 09:51:23,2,0,0,2
2021-07-04 09:51:35,1,0,0,1
2021-07-04 09:51:40,2,0,0,2
2021-07-04 09:51:43,1,0,0,1
2021-07-04 09:51:54,5,0,0,5
2021-07-04 09:51:57,0,0,0,0
2021-07-04 09:52:03,0,0,0,0
2021-07-04 09:52:06,1,0,0,1
2021-07-04 09:52:21,1,0,0,1
2021-07-04 09:52:32,2,0,0,2
2021-07-04 09:52:35,1,0,0,1
2021-07-04 09:52:44,883,27,145,1055
2021-07-04 09:52:48,91,1,15,107
2021-07-04 09:53:04,7,0,2,9
2021-07-04 09:53:20,0,0,0,0
2021-07-04 09:53:36,1,0,0,1
2021-07-04 09:53:37,0,0,0,0
2021-07-04 09:53:40,0,0,0,0
2021-07-04 09:53:57,0,1,0,1
2021-07-04 09:54:05,0,0,0,0
2021-07-04 09:54:06,0,0,0,0
2021-07-04 09:54:13,48,2,16,66
2021-07-04 09:54:27,0,0,0,0
2021-07-04 09:54:42,1,0,0,1
2021-07-04 09:54:44,2,0,0,2
2021-07-04 09:54:47,23,0,6,29
2021-07-04 09:54:48,1,0,0,1
2021-07-04 09:54:52,68,2,5,75
2021-07-04 09:54:53,62,1,9,72
2021-07-04 09:54:58,29,4,6,39
2021-07-04 09:55:07,0,0,0,0
2021-07-04 09:55:09,636,6,52,694
2021-07-04 09:55:22,2,0,0,2
2021-07-04 09:56:01,0,0,0,0
2021-07-04 09:56:06,2,0,0,2
2021-07-04 09:56:17,1,0,0,1
2021-07-04 09:56:21,2,0,2,4
2021-07-04 09:56:55,0,0,0,0
2021-07-04 09:56:57,2,0,0,2
2021-07-04 09:56:59,0,0,0,0
2021-07-04 09:57:17,0,0,0,0
2021-07-04 09:57:18,4,1,2,7
2021-07-04 09:57:46,0,0,0,0
2021-07-04 09:57:59,1,0,0,1
2021-07-04 09:58:06,2,0,0,2
2021-07-04 09:58:15,0,0,0,0
2021-07-04 09:58:16,1,0,0,1
2021-07-04 09:58:19,1,0,0,1
2021-07-04 09:58:31,0,0,0,0
2021-07-04 09:58:40,21,0,2,23
2021-07-04 09:58:42,7,0,3,10
2021-07-04 09:58:43,19,0,3,22
2021-07-04 09:58:46,0,0,0,0
2021-07-04 09:58:56,0,0,0,0
2021-07-04 09:59:15,0,0,0,0
2021-07-04 09:59:16,0,0,0,0
2021-07-04 09:59:20,2,0,2,4
2021-07-04 09:59:22,0,0,0,0
2021-07-04 09:59:24,0,0,0,0
2021-07-04 09:59:33,0,0,0,0
2021-07-04 09:59:35,0,0,0,0
2021-07-04 09:59:38,0,0,0,0
2021-07-04 09:59:48,0,0,0,0
2021-07-04 10:00:01,381,26,85,492
2021-07-04 10:00:02,9,2,7,18
2021-07-04 10:00:08,0,0,0,0
2021-07-04 10:00:27,1,0,0,1
2021-07-04 10:00:43,0,0,0,0
2021-07-04 10:00:56,1,0,0,1
2021-07-04 10:01:09,0,0,0,0
2021-07-04 10:01:20,0,0,0,0
2021-07-04 10:01:21,5,0,0,5
2021-07-04 10:01:26,10,0,5,15
2021-07-04 10:01:48,2,0,1,3
2021-07-04 10:02:50,0,0,0,0
2021-07-04 10:02:57,1,0,0,1
2021-07-04 10:03:06,7,0,5,12
2021-07-04 10:03:12,0,0,0,0
2021-07-04 10:03:32,0,0,0,0
2021-07-04 10:03:53,1,0,1,2
2021-07-04 10:03:54,0,0,0,0
2021-07-04 10:04:01,3,1,1,5
2021-07-04 10:04:20,5,0,3,8
2021-07-04 10:04:25,0,0,0,0
2021-07-04 10:04:41,53,2,8,63
2021-07-04 10:04:54,0,0,0,0
2021-07-04 10:05:08,1,0,0,1
2021-07-04 10:05:12,5,0,0,5
2021-07-04 10:05:17,140,2,22,164
2021-07-04 10:05:19,1,0,1,2
2021-07-04 10:05:23,1,0,0,1
2021-07-04 10:05:36,4,0,1,5
2021-07-04 10:05:46,1,0,1,2
2021-07-04 10:05:55,4,3,3,10
2021-07-04 10:06:04,0,0,0,0
2021-07-04 10:06:07,0,0,0,0
2021-07-04 10:06:15,10,0,0,10
2021-07-04 10:06:20,3,0,0,3
2021-07-04 10:06:21,2,0,1,3
2021-07-04 10:06:33,1,0,0,1
2021-07-04 10:06:47,0,1,0,1
2021-07-04 10:06:50,0,0,0,0
2021-07-04 10:06:54,0,0,0,0
2021-07-04 10:06:55,1,0,0,1
2021-07-04 10:06:57,0,0,0,0
2021-07-04 10:07:00,0,0,0,0
2021-07-04 10:07:01,0,0,0,0
2021-07-04 10:07:02,0,0,0,0
2021-07-04 10:07:05,0,0,0,0
2021-07-04 10:07:09,1,0,0,1
2021-07-04 10:07:11,10,0,2,12
2021-07-04 10:07:12,0,0,0,0
2021-07-04 10:07:19,0,0,0,0
2021-07-04 10:07:23,0,0,0,0
2021-07-04 10:07:26,0,0,0,0
2021-07-04 10:07:30,0,0,0,0
2021-07-04 10:07:32,0,0,0,0
2021-07-04 10:07:33,0,0,0,0
2021-07-04 10:07:37,14,0,3,17
2021-07-04 10:07:43,0,0,0,0
2021-07-04 10:07:49,14,0,8,22
2021-07-04 10:07:55,0,0,0,0
2021-07-04 10:07:58,0,0,1,1
2021-07-04 10:08:17,1,0,0,1
2021-07-04 10:08:52,0,0,0,0
2021-07-04 10:09:19,2,0,1,3
2021-07-04 10:09:25,0,0,0,0
2021-07-04 10:10:31,0,0,0,0
2021-07-04 10:10:55,6,2,0,8
2021-07-04 10:11:11,0,0,0,0
2021-07-04 10:11:25,1,0,1,2
2021-07-04 10:11:36,2,0,1,3
2021-07-04 10:12:06,0,0,0,0
2021-07-04 10:12:09,0,0,0,0
2021-07-04 10:13:35,0,0,0,0
2021-07-04 10:14:05,32,2,7,41
2021-07-04 10:14:36,158,3,0,161
2021-07-04 10:14:41,0,0,0,0
2021-07-04 10:14:49,0,0,0,0
2021-07-04 10:15:47,22,0,6,28
2021-07-04 10:16:06,13,0,0,13
2021-07-04 10:16:24,0,0,2,2
2021-07-04 10:16:32,1,0,0,1
2021-07-04 10:16:40,0,0,0,0
2021-07-04 10:16:50,0,0,0,0
2021-07-04 10:17:01,324,30,96,450
2021-07-04 10:17:16,0,0,0,0
2021-07-04 10:17:41,0,0,0,0
2021-07-04 10:17:48,0,0,0,0
2021-07-04 10:17:59,0,0,0,0
2021-07-04 10:18:00,16,2,4,22
2021-07-04 10:18:03,1,0,0,1
2021-07-04 10:18:15,0,0,0,0
2021-07-04 10:18:30,0,0,0,0
2021-07-04 10:18:46,22414,511,1691,24616
2021-07-04 10:18:52,6,0,0,6
2021-07-04 10:18:55,0,0,0,0
2021-07-04 10:19:14,1,0,0,1
2021-07-04 10:19:19,0,0,0,0
2021-07-04 10:19:31,5,0,3,8
2021-07-04 10:19:33,0,0,0,0
2021-07-04 10:19:39,4,0,2,6
2021-07-04 10:19:57,0,0,0,0
2021-07-04 10:20:20,1,0,1,2
2021-07-04 10:20:23,0,0,0,0
2021-07-04 10:20:40,1,0,1,2
2021-07-04 10:20:49,0,0,0,0
2021-07-04 10:21:06,6,0,1,7
2021-07-04 10:21:13,0,0,0,0
2021-07-04 10:21:18,30,2,12,44
2021-07-04 10:21:22,12,0,4,16
2021-07-04 10:21:34,0,0,0,0
2021-07-04 10:21:47,0,0,0,0
2021-07-04 10:21:52,130,8,18,156
2021-07-04 10:22:05,0,0,0,0
2021-07-04 10:22:07,2,0,0,2
2021-07-04 10:22:13,1,0,0,1
2021-07-04 10:23:10,65,0,12,77
2021-07-04 10:23:15,3,0,0,3
2021-07-04 10:23:27,32,0,5,37
2021-07-04 10:23:29,0,0,0,0
2021-07-04 10:23:41,0,0,0,0
2021-07-04 10:23:42,1,0,1,2
2021-07-04 10:23:52,1,0,0,1
2021-07-04 10:24:08,0,0,0,0
2021-07-04 10:24:26,7,0,0,7
2021-07-04 10:24:37,0,0,0,0
2021-07-04 10:24:55,74,0,14,88
2021-07-04 10:25:26,0,0,0,0
2021-07-04 10:25:31,13,1,4,18
2021-07-04 10:25:40,157,0,19,176
2021-07-04 10:25:42,0,0,0,0
2021-07-04 10:26:12,5,0,0,5
2021-07-04 10:26:34,1,0,0,1
2021-07-04 10:26:39,17,2,1,20
2021-07-04 10:26:52,14,0,1,15
2021-07-04 10:26:56,1,0,0,1
2021-07-04 10:26:57,0,0,0,0
2021-07-04 10:26:58,2,2,0,4
2021-07-04 10:27:20,296,5,9,310
2021-07-04 10:27:21,0,0,0,0
2021-07-04 10:27:34,29,0,3,32
2021-07-04 10:27:59,3,0,0,3
2021-07-04 10:28:01,3,0,0,3
2021-07-04 10:28:31,0,0,0,0
2021-07-04 10:28:42,233,10,25,268
2021-07-04 10:28:48,706,23,101,830
2021-07-04 10:29:03,0,0,0,0
2021-07-04 10:29:10,0,0,0,0
2021-07-04 10:29:25,1,1,1,3
2021-07-04 10:29:26,2,0,0,2
2021-07-04 10:29:45,0,0,0,0
2021-07-04 10:30:00,11,0,1,12
2021-07-04 10:30:01,0,0,0,0
2021-07-04 10:30:43,0,0,0,0
2021-07-04 10:31:31,1,0,0,1
2021-07-04 10:31:44,149,3,53,205
2021-07-04 10:31:49,0,0,0,0
2021-07-04 10:32:12,1,0,1,2
2021-07-04 10:32:29,1,0,0,1
2021-07-04 10:32:32,3,0,1,4
2021-07-04 10:32:33,0,0,0,0
2021-07-04 10:32:36,159,5,34,198
2021-07-04 10:32:41,12,0,0,12
2021-07-04 10:32:56,0,0,0,0
2021-07-04 10:33:22,1,0,0,1
2021-07-04 10:33:25,22,0,0,22
2021-07-04 10:33:28,44,1,3,48
2021-07-04 10:33:38,0,0,0,0
2021-07-04 10:33:52,1600,99,344,2043
2021-07-04 10:33:57,0,0,0,0
2021-07-04 10:34:14,1,0,0,1
2021-07-04 10:34:26,2,0,0,2
2021-07-04 10:34:33,7,2,2,11
2021-07-04 10:35:00,11,0,9,20
2021-07-04 10:35:11,6,1,1,8
2021-07-04 10:35:18,1,0,0,1
2021-07-04 10:35:30,0,0,0,0
2021-07-04 10:35:40,0,1,0,1
2021-07-04 10:36:09,5,0,0,5
2021-07-04 10:36:25,709,13,106,828
2021-07-04 10:36:37,0,0,0,0
2021-07-04 10:36:49,0,0,0,0
2021-07-04 10:37:03,3,0,0,3
2021-07-04 10:37:08,0,0,0,0
2021-07-04 10:37:17,1,0,0,1
2021-07-04 10:37:27,0,0,0,0
2021-07-04 10:37:31,13,1,1,15
2021-07-04 10:37:35,12,0,0,12
2021-07-04 10:37:39,0,0,0,0
2021-07-04 10:38:06,0,0,0,0
2021-07-04 10:38:14,10,2,4,16
2021-07-04 10:38:22,9,0,3,12
2021-07-04 10:38:52,0,0,0,0
2021-07-04 10:39:01,0,0,0,0
2021-07-04 10:39:13,258,7,43,308
2021-07-04 10:39:37,1,0,0,1
2021-07-04 10:39:56,3,0,1,4
2021-07-04 10:40:21,2,0,0,2
2021-07-04 10:40:31,2,0,0,2
2021-07-04 10:40:59,4,0,2,6
2021-07-04 10:41:31,0,0,0,0
2021-07-04 10:41:46,0,0,0,0
2021-07-04 10:42:00,1,0,0,1
2021-07-04 10:42:05,0,0,0,0
2021-07-04 10:42:35,26,7,12,45
2021-07-04 10:43:41,609,9,128,746
2021-07-04 10:43:45,11,0,1,12
2021-07-04 10:44:13,1,0,1,2
2021-07-04 10:44:21,30,2,2,34
2021-07-04 10:44:44,0,0,0,0
2021-07-04 10:44:49,0,0,0,0
2021-07-04 10:44:50,0,0,0,0
2021-07-04 10:45:01,0,0,0,0
2021-07-04 10:45:24,0,0,0,0
2021-07-04 10:45:38,2,0,1,3
2021-07-04 10:45:55,0,0,0,0
2021-07-04 10:46:06,6,0,0,6
2021-07-04 10:46:19,8,0,0,8
2021-07-04 10:46:22,4,0,0,4
2021-07-04 10:46:38,39,2,1,42
2021-07-04 10:46:52,0,0,0,0
2021-07-04 10:47:35,5,0,0,5
2021-07-04 10:48:04,15,0,4,19
2021-07-04 10:48:18,0,0,0,0
2021-07-04 10:48:27,28,2,2,32
2021-07-04 10:48:35,2,0,0,2
2021-07-04 10:48:41,48,2,0,50
2021-07-04 10:48:45,2,1,0,3
2021-07-04 10:49:30,0,0,0,0
2021-07-04 10:49:46,6,0,0,6
2021-07-04 10:50:06,0,0,0,0
2021-07-04 10:50:12,0,0,0,0
2021-07-04 10:50:24,0,0,0,0
2021-07-04 10:50:28,0,0,0,0
2021-07-04 10:50:32,4,0,0,4
2021-07-04 10:50:33,3,0,0,3
2021-07-04 10:51:59,1,0,1,2
2021-07-04 10:52:07,3,0,1,4
2021-07-04 10:52:21,0,0,0,0
2021-07-04 10:55:02,1,0,0,1
2021-07-04 10:55:07,1,0,0,1
2021-07-04 10:56:22,1,0,0,1
2021-07-04 10:56:28,2,0,0,2
2021-07-04 10:57:07,2,0,0,2
2021-07-04 10:57:14,0,0,1,1
2021-07-04 10:57:15,2,0,2,4
2021-07-04 10:57:19,0,0,2,2
2021-07-04 10:57:23,0,0,0,0
2021-07-04 10:57:34,0,0,0,0
2021-07-04 10:57:35,0,0,2,2
2021-07-04 10:57:47,0,0,0,0
2021-07-04 10:58:04,0,0,0,0
2021-07-04 10:58:37,3,0,0,3
2021-07-04 10:58:49,26,0,4,30
2021-07-04 10:58:50,0,0,0,0
2021-07-04 10:59:00,3,0,3,6
2021-07-04 10:59:05,8,1,2,11
2021-07-04 10:59:11,0,0,0,0
2021-07-04 10:59:27,0,0,0,0
2021-07-04 10:59:35,4,2,0,6
2021-07-04 10:59:51,0,0,0,0
2021-07-04 11:00:00,289,33,62,384
2021-07-04 11:00:05,0,0,0,0
2021-07-04 11:00:11,27,1,7,35
2021-07-04 11:00:29,2,0,0,2
2021-07-04 11:00:45,1,0,0,1
2021-07-04 11:01:00,0,0,0,0
2021-07-04 11:01:04,2,0,0,2
2021-07-04 11:01:12,0,0,0,0
2021-07-04 11:01:13,0,0,0,0
2021-07-04 11:01:23,4,1,2,7
2021-07-04 11:01:58,2,0,0,2
2021-07-04 11:01:59,0,0,0,0
2021-07-04 11:02:20,7,1,2,10
2021-07-04 11:02:27,0,0,0,0
2021-07-04 11:02:32,7,0,1,8
2021-07-04 11:02:41,0,0,0,0
2021-07-04 11:02:52,11,0,1,12
2021-07-04 11:02:53,0,0,0,0
2021-07-04 11:02:57,7,0,0,7
2021-07-04 11:03:13,4,0,0,4
2021-07-04 11:03:15,126,2,23,151
2021-07-04 11:03:54,3,1,0,4
2021-07-04 11:04:07,2,0,1,3
2021-07-04 11:04:08,37,0,9,46
2021-07-04 11:04:20,3,2,0,5
2021-07-04 11:04:27,1,0,0,1
2021-07-04 11:05:33,44,2,16,62
2021-07-04 11:05:42,42,0,4,46
2021-07-04 11:05:44,37,3,5,45
2021-07-04 11:05:55,0,0,0,0
2021-07-04 11:06:10,0,0,3,3
2021-07-04 11:06:17,0,0,4,4
2021-07-04 11:06:20,1580,16,269,1865
2021-07-04 11:06:34,1,0,0,1
2021-07-04 11:06:40,1,0,0,1
2021-07-04 11:06:45,1,0,0,1
2021-07-04 11:07:12,0,0,0,0
2021-07-04 11:07:18,1,0,0,1
2021-07-04 11:07:21,0,0,0,0
2021-07-04 11:07:22,1,0,0,1
2021-07-04 11:07:25,0,0,0,0
2021-07-04 11:07:28,0,0,0,0
2021-07-04 11:07:32,0,0,0,0
2021-07-04 11:07:33,7,1,2,10
2021-07-04 11:07:35,0,0,0,0
2021-07-04 11:07:39,0,0,0,0
2021-07-04 11:07:43,0,0,0,0
2021-07-04 11:07:46,0,0,0,0
2021-07-04 11:07:50,0,0,0,0
2021-07-04 11:07:54,0,0,0,0
2021-07-04 11:07:56,2,0,0,2
2021-07-04 11:07:58,0,0,0,0
2021-07-04 11:08:01,2,0,0,2
2021-07-04 11:08:06,9,0,0,9
2021-07-04 11:08:13,2,0,0,2
2021-07-04 11:08:22,0,0,0,0
2021-07-04 11:08:57,1,0,1,2
2021-07-04 11:09:05,1,0,0,1
2021-07-04 11:09:10,1,0,0,1
2021-07-04 11:09:38,0,0,0,0
2021-07-04 11:09:43,0,0,0,0
2021-07-04 11:09:49,20,3,6,29
2021-07-04 11:09:52,181,1,27,209
2021-07-04 11:09:55,0,0,0,0
2021-07-04 11:09:59,3859,182,512,4553
2021-07-04 11:10:01,1,1,1,3
2021-07-04 11:10:11,0,0,0,0
2021-07-04 11:10:32,0,0,0,0
2021-07-04 11:10:33,0,0,0,0
2021-07-04 11:10:35,275,5,93,373
2021-07-04 11:10:40,0,0,0,0
2021-07-04 11:10:53,0,0,0,0
2021-07-04 11:10:56,22,1,0,23
2021-07-04 11:11:25,1,0,0,1
2021-07-04 11:11:26,2,0,0,2
2021-07-04 11:11:31,4,0,0,4
2021-07-04 11:12:06,27,0,9,36
2021-07-04 11:12:45,0,0,0,0
2021-07-04 11:13:35,0,0,0,0
2021-07-04 11:14:13,2,0,0,2
2021-07-04 11:14:42,8,0,2,10
2021-07-04 11:15:09,1,0,0,1
2021-07-04 11:15:24,0,0,0,0
2021-07-04 11:15:33,137,1,27,165
2021-07-04 11:15:42,31,0,10,41
2021-07-04 11:16:49,7,2,2,11
2021-07-04 11:17:12,3,0,1,4
2021-07-04 11:17:22,116,3,47,166
2021-07-04 11:17:43,0,0,0,0
2021-07-04 11:19:10,0,0,0,0
2021-07-04 11:19:20,2,0,2,4
2021-07-04 11:20:04,0,0,0,0
2021-07-04 11:20:15,0,0,0,0
2021-07-04 11:20:24,0,0,0,0
2021-07-04 11:21:04,0,0,0,0
2021-07-04 11:21:30,1,0,0,1
2021-07-04 11:22:14,20,0,4,24
2021-07-04 11:22:50,0,0,0,0
2021-07-04 11:23:29,0,0,0,0
2021-07-04 11:23:31,0,0,0,0
2021-07-04 11:23:39,0,0,0,0
2021-07-04 11:23:40,0,0,0,0
2021-07-04 11:23:52,2,0,1,3
2021-07-04 11:24:26,0,0,0,0
2021-07-04 11:24:56,2,0,0,2
2021-07-04 11:25:05,1,0,0,1
2021-07-04 11:26:07,0,0,1,1
2021-07-04 11:26:17,0,0,0,0
2021-07-04 11:26:43,10,0,3,13
2021-07-04 11:27:03,2,0,0,2
2021-07-04 11:27:08,0,0,0,0
2021-07-04 11:27:10,0,0,0,0
2021-07-04 11:27:23,3,0,0,3
2021-07-04 11:27:37,1,0,0,1
2021-07-04 11:28:00,3,0,0,3
2021-07-04 11:28:29,8,1,1,10
2021-07-04 11:28:46,0,0,1,1
2021-07-04 11:28:48,1,0,0,1
2021-07-04 11:28:58,0,0,0,0
2021-07-04 11:29:07,0,2,0,2
2021-07-04 11:29:43,0,0,0,0
2021-07-04 11:29:56,0,0,0,0
2021-07-04 11:29:57,0,0,0,0
2021-07-04 11:30:35,0,0,0,0
2021-07-04 11:30:40,2,0,0,2
2021-07-04 11:30:56,0,0,0,0
2021-07-04 11:31:22,1,0,1,2
2021-07-04 11:31:36,1,0,0,1
2021-07-04 11:31:37,19,1,6,26
2021-07-04 11:31:54,4,0,0,4
2021-07-04 11:31:57,46,0,16,62
2021-07-04 11:32:07,1,0,0,1
2021-07-04 11:32:36,4,0,1,5
2021-07-04 11:32:41,7,0,0,7
2021-07-04 11:32:47,123,0,47,170
2021-07-04 11:33:07,70,15,37,122
2021-07-04 11:33:18,6,0,3,9
2021-07-04 11:33:55,1,0,0,1
2021-07-04 11:33:58,2,1,0,3
2021-07-04 11:34:06,0,0,0,0
2021-07-04 11:34:26,3,1,1,5
2021-07-04 11:34:37,0,0,0,0
2021-07-04 11:34:59,0,0,0,0
2021-07-04 11:35:06,0,0,0,0
2021-07-04 11:35:18,28,0,8,36
2021-07-04 11:36:00,1,0,0,1
2021-07-04 11:36:19,11,3,5,19
2021-07-04 11:37:00,2,0,0,2
2021-07-04 11:37:51,0,0,0,0
2021-07-04 11:38:07,5,0,0,5
2021-07-04 11:38:08,0,0,0,0
2021-07-04 11:38:12,0,0,0,0
2021-07-04 11:38:25,1,0,0,1
2021-07-04 11:38:42,0,0,0,0
2021-07-04 11:38:48,0,0,0,0
2021-07-04 11:38:52,9,0,1,10
2021-07-04 11:38:55,51,6,28,85
2021-07-04 11:39:04,100,5,27,132
2021-07-04 11:39:18,0,0,0,0
2021-07-04 11:39:19,0,0,0,0
2021-07-04 11:39:21,0,0,0,0
2021-07-04 11:39:51,4,1,1,6
2021-07-04 11:40:18,0,0,0,0
2021-07-04 11:40:34,10,2,0,12
2021-07-04 11:40:36,0,0,0,0
2021-07-04 11:40:42,0,0,0,0
2021-07-04 11:40:43,6,0,0,6
2021-07-04 11:40:50,1,0,1,2
2021-07-04 11:40:51,7,0,0,7
2021-07-04 11:41:04,4,0,0,4
2021-07-04 11:41:08,48,0,5,53
2021-07-04 11:41:35,0,0,0,0
2021-07-04 11:41:41,0,0,0,0
2021-07-04 11:41:49,0,0,0,0
2021-07-04 11:42:00,1,0,0,1
2021-07-04 11:42:23,0,0,0,0
2021-07-04 11:42:57,4,0,1,5
2021-07-04 11:43:22,1,0,0,1
2021-07-04 11:43:29,12,0,1,13
2021-07-04 11:43:40,0,0,0,0
2021-07-04 11:43:46,7,1,2,10
2021-07-04 11:44:26,2,0,0,2
2021-07-04 11:44:50,0,0,0,0
2021-07-04 11:44:52,0,0,0,0
2021-07-04 11:45:02,0,0,0,0
2021-07-04 11:45:17,0,0,0,0
2021-07-04 11:45:55,0,0,0,0
2021-07-04 11:46:06,0,0,0,0
2021-07-04 11:46:40,0,0,0,0
2021-07-04 11:46:47,1,0,0,1
2021-07-04 11:46:51,3,0,0,3
2021-07-04 11:46:57,0,0,0,0
2021-07-04 11:47:02,8,0,0,8
2021-07-04 11:47:05,0,0,0,0
2021-07-04 11:47:10,0,0,0,0
2021-07-04 11:47:16,24,0,8,32
2021-07-04 11:47:18,0,0,0,0
2021-07-04 11:47:21,20,1,2,23
2021-07-04 11:47:24,1,0,1,2
2021-07-04 11:47:40,313,9,52,374
2021-07-04 11:48:00,107,11,49,167
2021-07-04 11:48:19,2,0,0,2
2021-07-04 11:48:37,0,0,0,0
2021-07-04 11:49:12,3,0,0,3
2021-07-04 11:49:19,0,0,0,0
2021-07-04 11:49:21,12,1,3,16
2021-07-04 11:49:45,0,0,0,0
2021-07-04 11:49:58,2,0,0,2
2021-07-04 11:50:07,1186,8,167,1361
2021-07-04 11:50:19,94,1,11,106
2021-07-04 11:50:34,15,1,1,17
2021-07-04 11:50:41,0,0,0,0
2021-07-04 11:50:45,1,0,0,1
2021-07-04 11:51:10,1,0,0,1
2021-07-04 11:51:20,4,0,1,5
2021-07-04 11:51:28,2,0,0,2
2021-07-04 11:51:32,0,0,0,0
2021-07-04 11:51:48,20,1,9,30
2021-07-04 11:51:53,22,3,8,33
2021-07-04 11:51:55,0,0,0,0
2021-07-04 11:52:07,0,0,0,0
2021-07-04 11:52:27,0,0,0,0
2021-07-04 11:52:37,34,2,4,40
2021-07-04 11:52:44,0,0,0,0
2021-07-04 11:53:25,43,0,8,51
2021-07-04 11:53:31,212,9,30,251
2021-07-04 11:53:35,45,0,2,47
2021-07-04 11:53:39,2,0,2,4
2021-07-04 11:53:50,0,0,0,0
2021-07-04 11:53:58,77,6,10,93
2021-07-04 11:55:15,2,0,0,2
2021-07-04 11:56:01,1,0,0,1
2021-07-04 11:56:14,0,0,0,0
2021-07-04 11:57:00,0,0,0,0
2021-07-04 11:57:21,2,0,0,2
2021-07-04 11:57:28,0,0,0,0
2021-07-04 11:57:30,32,1,2,35
2021-07-04 11:57:31,1,0,1,2
2021-07-04 11:57:35,1,0,1,2
2021-07-04 11:57:39,1,0,1,2
2021-07-04 11:58:15,0,0,0,0
2021-07-04 11:58:28,0,1,0,1
2021-07-04 11:58:39,0,0,0,0
2021-07-04 11:58:41,0,0,0,0
2021-07-04 11:58:42,44,4,17,65
2021-07-04 11:58:56,0,0,0,0
2021-07-04 11:59:26,0,0,0,0
2021-07-04 11:59:28,18,0,2,20
2021-07-04 11:59:36,0,0,0,0
2021-07-04 11:59:44,18,0,3,21
2021-07-04 12:00:13,8,1,1,10
2021-07-04 12:00:18,0,0,0,0
2021-07-04 12:00:25,264,11,15,290
2021-07-04 12:00:51,1,0,1,2
2021-07-04 12:01:20,0,0,0,0
2021-07-04 12:01:45,19,0,3,22
2021-07-04 12:02:16,2,0,0,2
2021-07-04 12:02:57,50,1,5,56
2021-07-04 12:03:16,13,2,6,21
2021-07-04 12:03:24,2,0,0,2
2021-07-04 12:03:28,0,1,0,1
2021-07-04 12:03:34,17,0,5,22
2021-07-04 12:03:40,3,0,0,3
2021-07-04 12:04:36,0,0,0,0
2021-07-04 12:04:41,0,0,0,0
2021-07-04 12:04:50,14,0,0,14
2021-07-04 12:05:11,13,0,1,14
2021-07-04 12:05:14,3,0,0,3
2021-07-04 12:05:35,29,1,4,34
2021-07-04 12:05:43,184,4,79,267
2021-07-04 12:05:48,1,0,0,1
2021-07-04 12:05:55,1,0,0,1
2021-07-04 12:05:58,9,2,2,13
2021-07-04 12:06:02,0,0,0,0
2021-07-04 12:06:18,0,0,0,0
2021-07-04 12:06:34,0,0,0,0
2021-07-04 12:06:43,0,0,1,1
2021-07-04 12:06:44,2,0,0,2
2021-07-04 12:06:45,4,0,0,4
2021-07-04 12:06:53,3,0,0,3
2021-07-04 12:06:57,0,0,0,0
2021-07-04 12:07:04,0,0,0,0
2021-07-04 12:07:10,0,0,0,0
2021-07-04 12:07:29,0,1,0,1
2021-07-04 12:07:54,14,2,4,20
2021-07-04 12:07:56,4,0,0,4
2021-07-04 12:08:25,0,1,0,1
2021-07-04 12:08:50,39,1,14,54
2021-07-04 12:09:07,0,0,0,0
2021-07-04 12:09:15,12,1,1,14
2021-07-04 12:09:39,38,0,9,47
2021-07-04 12:09:49,1,0,0,1
2021-07-04 12:10:26,0,0,0,0
2021-07-04 12:10:29,0,0,0,0
2021-07-04 12:10:59,0,0,0,0
2021-07-04 12:11:59,0,0,0,0
2021-07-04 12:12:18,0,0,0,0
2021-07-04 12:12:27,1,0,0,1
2021-07-04 12:12:44,0,0,0,0
2021-07-04 12:13:23,0,0,0,0
2021-07-04 12:13:28,0,0,0,0
2021-07-04 12:13:29,4,0,2,6
2021-07-04 12:13:55,0,0,0,0
2021-07-04 12:13:58,2,0,0,2
2021-07-04 12:14:08,0,0,0,0
2021-07-04 12:14:17,1,0,0,1
2021-07-04 12:14:37,1,0,0,1
2021-07-04 12:14:46,0,0,0,0
2021-07-04 12:14:48,0,0,0,0
2021-07-04 12:14:51,1,0,0,1
2021-07-04 12:15:10,0,0,0,0
2021-07-04 12:15:12,2,0,2,4
2021-07-04 12:15:15,87,5,33,125
2021-07-04 12:15:18,1,0,0,1
2021-07-04 12:15:44,0,0,0,0
2021-07-04 12:15:46,0,0,0,0
2021-07-04 12:16:01,0,0,0,0
2021-07-04 12:16:31,0,0,0,0
2021-07-04 12:16:33,19,0,9,28
2021-07-04 12:16:47,0,0,0,0
2021-07-04 12:16:51,0,0,0,0
2021-07-04 12:17:00,1,0,0,1
2021-07-04 12:17:20,16,7,1,24
2021-07-04 12:17:24,1,0,0,1
2021-07-04 12:17:36,4,0,0,4
2021-07-04 12:17:46,2,0,2,4
2021-07-04 12:18:13,3,0,3,6
2021-07-04 12:18:25,27,0,0,27
2021-07-04 12:18:41,2,0,1,3
2021-07-04 12:18:43,0,2,0,2
2021-07-04 12:18:48,1,0,1,2
2021-07-04 12:19:23,1,0,1,2
2021-07-04 12:19:37,1,1,0,2
2021-07-04 12:19:52,9,1,0,10
2021-07-04 12:19:59,0,0,0,0
2021-07-04 12:20:02,9,0,2,11
2021-07-04 12:20:03,0,0,0,0
2021-07-04 12:20:29,6,0,2,8
2021-07-04 12:21:06,0,0,0,0
2021-07-04 12:21:33,0,0,0,0
2021-07-04 12:22:03,9,0,2,11
2021-07-04 12:22:06,1,0,0,1
2021-07-04 12:22:12,0,0,0,0
2021-07-04 12:22:37,10,0,0,10
2021-07-04 12:22:39,8,1,1,10
2021-07-04 12:22:44,4,0,0,4
2021-07-04 12:22:56,0,0,0,0
2021-07-04 12:23:11,1,0,0,1
2021-07-04 12:23:18,1,0,0,1
2021-07-04 12:23:29,0,0,0,0
2021-07-04 12:23:31,0,0,0,0
2021-07-04 12:23:51,1,0,0,1
2021-07-04 12:24:16,4,0,1,5
2021-07-04 12:24:18,0,0,0,0
2021-07-04 12:24:59,0,0,0,0
2021-07-04 12:25:23,8,0,1,9
2021-07-04 12:25:31,77,1,15,93
2021-07-04 12:25:38,0,0,0,0
2021-07-04 12:26:15,1,1,0,2
2021-07-04 12:26:38,1,1,0,2
2021-07-04 12:27:13,2,0,1,3
2021-07-04 12:27:41,3,0,0,3
2021-07-04 12:27:55,0,0,0,0
2021-07-04 12:28:01,296,2,52,350
2021-07-04 12:28:27,0,0,0,0
2021-07-04 12:28:45,0,0,0,0
2021-07-04 12:29:09,1,0,0,1
2021-07-04 12:29:21,3,1,0,4
2021-07-04 12:29:38,1,0,0,1
2021-07-04 12:29:47,110,4,30,144
2021-07-04 12:29:49,1,0,1,2
2021-07-04 12:29:50,0,0,0,0
2021-07-04 12:29:54,12,1,0,13
2021-07-04 12:29:57,341,40,71,452
2021-07-04 12:30:09,2,0,0,2
2021-07-04 12:30:28,0,0,0,0
2021-07-04 12:30:46,2,0,0,2
2021-07-04 12:31:45,0,0,0,0
2021-07-04 12:32:01,0,0,0,0
2021-07-04 12:32:16,0,0,0,0
2021-07-04 12:32:32,0,0,0,0
2021-07-04 12:32:35,2,1,0,3
2021-07-04 12:32:46,0,0,0,0
2021-07-04 12:32:49,0,0,0,0
2021-07-04 12:33:01,1,0,0,1
2021-07-04 12:33:03,0,0,0,0
2021-07-04 12:33:25,3,2,0,5
2021-07-04 12:33:42,2,0,0,2
2021-07-04 12:34:42,1,1,0,2
2021-07-04 12:35:02,5,0,2,7
2021-07-04 12:35:17,14,1,3,18
2021-07-04 12:35:42,24,3,10,37
2021-07-04 12:35:47,0,1,0,1
2021-07-04 12:35:59,0,0,0,0
2021-07-04 12:36:05,3,0,0,3
2021-07-04 12:36:21,0,0,0,0
2021-07-04 12:37:00,2,0,0,2
2021-07-04 12:37:05,0,0,0,0
2021-07-04 12:37:11,35,4,15,54
2021-07-04 12:37:17,7,1,1,9
2021-07-04 12:37:28,4,0,2,6
2021-07-04 12:37:55,17,0,5,22
2021-07-04 12:38:06,7,1,1,9
2021-07-04 12:38:11,4,0,3,7
2021-07-04 12:38:35,0,0,0,0
2021-07-04 12:38:37,1,0,0,1
2021-07-04 12:39:08,5,1,2,8
2021-07-04 12:39:18,1,0,0,1
2021-07-04 12:39:27,3,0,1,4
2021-07-04 12:39:44,2,0,0,2
2021-07-04 12:39:49,601,5,139,745
2021-07-04 12:39:58,8,0,2,10
2021-07-04 12:41:03,1,0,0,1
2021-07-04 12:41:22,8,0,0,8
2021-07-04 12:41:32,5,0,0,5
2021-07-04 12:42:00,0,0,0,0
2021-07-04 12:42:02,0,0,0,0
2021-07-04 12:42:15,0,0,0,0
2021-07-04 12:42:22,0,0,0,0
2021-07-04 12:42:28,0,0,0,0
2021-07-04 12:42:36,0,0,1,1
2021-07-04 12:42:53,0,0,0,0
2021-07-04 12:43:28,1,0,0,1
2021-07-04 12:44:37,0,0,0,0
2021-07-04 12:45:10,2,0,1,3
2021-07-04 12:45:11,2,0,0,2
2021-07-04 12:45:17,1,0,0,1
2021-07-04 12:45:53,1,1,0,2
2021-07-04 12:45:55,172,4,10,186
2021-07-04 12:46:07,2,0,0,2
2021-07-04 12:46:19,6,0,0,6
2021-07-04 12:47:14,0,0,0,0
2021-07-04 12:47:42,1,0,0,1
2021-07-04 12:47:45,1,0,0,1
2021-07-04 12:48:14,17,1,8,26
2021-07-04 12:48:22,1,1,1,3
2021-07-04 12:49:02,0,0,0,0
2021-07-04 12:49:07,1,0,0,1
2021-07-04 12:49:16,0,0,0,0
2021-07-04 12:50:02,0,0,0,0
2021-07-04 12:50:08,0,0,0,0
2021-07-04 12:50:14,0,0,0,0
2021-07-04 12:50:15,4,0,0,4
2021-07-04 12:50:25,1,0,0,1
2021-07-04 12:51:33,0,0,0,0
2021-07-04 12:51:58,4,0,0,4
2021-07-04 12:52:01,1,0,0,1
2021-07-04 12:52:30,6,0,3,9
2021-07-04 12:52:42,5,0,0,5
2021-07-04 12:52:47,2,0,0,2
2021-07-04 12:53:59,2,0,4,6
2021-07-04 12:54:01,1,0,0,1
2021-07-04 12:54:08,61,6,15,82
2021-07-04 12:54:27,2,0,0,2
2021-07-04 12:54:51,0,0,0,0
2021-07-04 12:55:16,2,0,0,2
2021-07-04 12:55:24,36,2,10,48
2021-07-04 12:55:59,0,0,0,0
2021-07-04 12:56:02,0,0,0,0
2021-07-04 12:56:04,0,0,0,0
2021-07-04 12:56:32,0,0,0,0
2021-07-04 12:56:33,2,0,0,2
2021-07-04 12:56:41,1,0,0,1
2021-07-04 12:57:04,0,0,0,0
2021-07-04 12:57:08,17,0,4,21
2021-07-04 12:57:20,0,0,0,0
2021-07-04 12:57:39,0,0,0,0
2021-07-04 12:57:46,0,0,0,0
2021-07-04 12:57:47,2,0,0,2
2021-07-04 12:57:55,3,0,1,4
2021-07-04 12:58:35,2,0,0,2
2021-07-04 12:58:37,0,0,0,0
2021-07-04 12:59:01,4,0,4,8
2021-07-04 12:59:02,5,1,0,6
2021-07-04 12:59:04,2,0,0,2
2021-07-04 12:59:10,23,2,7,32
2021-07-04 12:59:16,20,0,0,20
2021-07-04 12:59:24,10,0,4,14
2021-07-04 12:59:27,1,0,0,1
2021-07-04 12:59:40,2,0,2,4
2021-07-04 13:00:37,4,0,1,5
2021-07-04 13:00:42,0,0,0,0
2021-07-04 13:00:44,0,0,0,0
2021-07-04 13:00:52,1,0,0,1
2021-07-04 13:00:56,0,0,0,0
2021-07-04 13:01:11,6,0,2,8
2021-07-04 13:01:17,12,0,0,12
2021-07-04 13:01:19,0,0,0,0
2021-07-04 13:01:38,1,0,1,2
2021-07-04 13:01:43,4,0,0,4
2021-07-04 13:01:47,2,0,0,2
2021-07-04 13:02:05,0,0,0,0
2021-07-04 13:02:06,0,0,0,0
2021-07-04 13:02:54,0,0,0,0
2021-07-04 13:02:57,122,0,28,150
2021-07-04 13:03:25,2,1,0,3
2021-07-04 13:03:29,0,0,0,0
2021-07-04 13:03:31,6,0,1,7
2021-07-04 13:03:38,428,3,51,482
2021-07-04 13:03:41,9,0,4,13
2021-07-04 13:03:50,0,0,0,0
2021-07-04 13:03:53,0,0,0,0
2021-07-04 13:04:05,0,0,0,0
2021-07-04 13:04:06,14,1,0,15
2021-07-04 13:04:46,1,0,1,2
2021-07-04 13:04:51,0,0,0,0
2021-07-04 13:05:02,0,0,0,0
2021-07-04 13:05:35,1,0,1,2
2021-07-04 13:05:51,1,0,0,1
2021-07-04 13:05:52,2,0,1,3
2021-07-04 13:06:00,0,0,1,1
2021-07-04 13:06:15,1,0,0,1
2021-07-04 13:06:37,0,0,0,0
2021-07-04 13:06:55,1,0,0,1
2021-07-04 13:06:56,109,6,51,166
2021-07-04 13:07:29,0,0,0,0
2021-07-04 13:07:52,0,0,0,0
2021-07-04 13:07:59,0,0,0,0
2021-07-04 13:08:08,1,0,1,2
2021-07-04 13:08:12,0,0,0,0
2021-07-04 13:08:28,0,0,0,0
2021-07-04 13:08:42,0,0,0,0
2021-07-04 13:08:55,349,12,26,387
2021-07-04 13:09:10,3,0,1,4
2021-07-04 13:09:27,2,0,0,2
2021-07-04 13:09:30,342,8,46,396
2021-07-04 13:09:39,0,0,0,0
2021-07-04 13:10:34,0,0,0,0
2021-07-04 13:11:10,1,0,1,2
2021-07-04 13:11:12,0,0,0,0
2021-07-04 13:11:15,0,0,0,0
2021-07-04 13:11:22,2,0,2,4
2021-07-04 13:11:43,1,0,0,1
2021-07-04 13:12:06,10,0,6,16
2021-07-04 13:12:15,3,0,1,4
2021-07-04 13:12:18,0,0,0,0
2021-07-04 13:13:15,186,19,27,232
2021-07-04 13:13:32,3,0,0,3
2021-07-04 13:14:21,0,0,0,0
2021-07-04 13:14:24,7,0,3,10
2021-07-04 13:14:29,1,0,0,1
2021-07-04 13:14:32,1,1,2,4
2021-07-04 13:14:55,1,0,0,1
2021-07-04 13:15:10,16,0,0,16
2021-07-04 13:15:34,0,0,0,0
2021-07-04 13:15:48,1,0,0,1
2021-07-04 13:16:04,34,0,6,40
2021-07-04 13:16:47,0,0,0,0
2021-07-04 13:17:05,2,0,0,2
2021-07-04 13:17:09,0,0,0,0
2021-07-04 13:17:27,3,1,1,5
2021-07-04 13:17:39,0,0,0,0
2021-07-04 13:17:57,0,0,0,0
2021-07-04 13:17:58,0,0,2,2
2021-07-04 13:17:59,467,31,106,604
2021-07-04 13:18:26,0,0,0,0
2021-07-04 13:18:55,52,2,0,54
2021-07-04 13:19:39,6,2,5,13
2021-07-04 13:19:40,1,0,0,1
2021-07-04 13:19:55,6,0,0,6
2021-07-04 13:20:00,2,0,0,2
2021-07-04 13:20:50,30,0,2,32
2021-07-04 13:20:52,100,1,20,121
2021-07-04 13:21:48,6,0,6,12
2021-07-04 13:21:49,4,0,2,6
2021-07-04 13:22:23,1,0,0,1
2021-07-04 13:22:51,1,0,0,1
2021-07-04 13:23:13,0,0,0,0
2021-07-04 13:23:16,0,0,0,0
2021-07-04 13:23:19,1,0,0,1
2021-07-04 13:23:23,4,1,0,5
2021-07-04 13:23:29,2,0,0,2
2021-07-04 13:23:30,0,0,0,0
2021-07-04 13:23:42,0,0,0,0
2021-07-04 13:23:52,4,0,0,4
2021-07-04 13:23:54,2,0,0,2
2021-07-04 13:24:12,17,1,0,18
2021-07-04 13:24:20,31,0,3,34
2021-07-04 13:24:49,2,0,1,3
2021-07-04 13:25:13,2,0,0,2
2021-07-04 13:25:22,2,0,0,2
2021-07-04 13:26:02,4,0,0,4
2021-07-04 13:26:37,4,0,0,4
2021-07-04 13:26:47,2,0,0,2
2021-07-04 13:27:21,5,1,0,6
2021-07-04 13:27:50,2,0,0,2
2021-07-04 13:27:59,16,0,1,17
2021-07-04 13:28:09,0,0,0,0
2021-07-04 13:28:10,0,0,0,0
2021-07-04 13:28:13,0,0,0,0
2021-07-04 13:28:16,0,0,0,0
2021-07-04 13:28:18,0,0,0,0
2021-07-04 13:28:22,0,0,0,0
2021-07-04 13:28:23,0,0,1,1
2021-07-04 13:28:24,0,0,0,0
2021-07-04 13:28:27,1,1,0,2
2021-07-04 13:28:28,1,0,0,1
2021-07-04 13:28:32,0,0,0,0
2021-07-04 13:28:36,1,0,0,1
2021-07-04 13:28:38,0,0,0,0
2021-07-04 13:28:39,0,0,0,0
2021-07-04 13:28:43,0,0,0,0
2021-07-04 13:28:44,0,0,0,0
2021-07-04 13:28:49,1,0,0,1
2021-07-04 13:28:55,2,0,0,2
2021-07-04 13:29:01,0,0,0,0
2021-07-04 13:29:06,0,0,0,0
2021-07-04 13:29:10,0,0,0,0
2021-07-04 13:29:14,0,1,0,1
2021-07-04 13:29:17,0,0,0,0
2021-07-04 13:29:22,0,0,0,0
2021-07-04 13:29:26,0,0,0,0
2021-07-04 13:29:31,0,0,0,0
2021-07-04 13:29:33,3,0,3,6
2021-07-04 13:29:35,0,0,0,0
2021-07-04 13:29:39,0,0,0,0
2021-07-04 13:29:43,0,0,0,0
2021-07-04 13:29:44,2284,57,385,2726
2021-07-04 13:29:50,0,0,0,0
2021-07-04 13:29:53,0,0,0,0
2021-07-04 13:29:59,0,0,0,0
2021-07-04 13:30:08,0,1,0,1
2021-07-04 13:30:26,4,0,2,6
2021-07-04 13:30:39,2,2,0,4
2021-07-04 13:30:58,2,0,0,2
2021-07-04 13:32:09,0,0,0,0
2021-07-04 13:32:44,0,0,0,0
2021-07-04 13:32:48,0,0,0,0
2021-07-04 13:33:25,2,0,0,2
2021-07-04 13:34:01,46,2,6,54
2021-07-04 13:34:11,0,0,0,0
2021-07-04 13:34:39,20,1,5,26
2021-07-04 13:35:59,4,0,0,4
2021-07-04 13:36:43,0,0,0,0
2021-07-04 13:36:53,0,0,0,0
2021-07-04 13:37:23,0,0,0,0
2021-07-04 13:38:55,0,0,0,0
2021-07-04 13:39:21,0,1,0,1
2021-07-04 13:39:39,80,3,20,103
2021-07-04 13:40:14,0,1,0,1
2021-07-04 13:40:42,8,0,4,12
2021-07-04 13:40:58,35,0,3,38
2021-07-04 13:41:35,1,0,0,1
2021-07-04 13:41:44,16,4,2,22
2021-07-04 13:42:32,106,4,14,124
2021-07-04 13:42:37,31,1,0,32
2021-07-04 13:42:40,0,0,0,0
2021-07-04 13:43:33,17,4,6,27
2021-07-04 13:44:00,4,0,4,8
2021-07-04 13:44:10,0,0,0,0
2021-07-04 13:44:34,502,68,67,637
2021-07-04 13:44:53,6,0,0,6
2021-07-04 13:44:59,2,0,0,2
2021-07-04 13:45:22,1,0,0,1
2021-07-04 13:46:26,2,0,0,2
2021-07-04 13:46:50,125,26,22,173
2021-07-04 13:47:06,0,0,0,0
2021-07-04 13:48:00,3,0,0,3
2021-07-04 13:48:33,0,0,0,0
2021-07-04 13:48:36,41,1,21,63
2021-07-04 13:49:04,0,0,0,0
2021-07-04 13:49:09,0,0,0,0
2021-07-04 13:50:01,0,0,0,0
2021-07-04 13:50:16,1,0,0,1
2021-07-04 13:50:45,0,0,0,0
2021-07-04 13:51:30,12,0,2,14
2021-07-04 13:51:43,1,0,0,1
2021-07-04 13:52:25,0,0,0,0
2021-07-04 13:52:30,0,0,0,0
2021-07-04 13:52:32,3,1,0,4
2021-07-04 13:52:40,3,1,0,4
2021-07-04 13:52:41,638,19,132,789
2021-07-04 13:52:50,0,0,0,0
2021-07-04 13:52:55,0,0,0,0
2021-07-04 13:52:57,1,0,0,1
2021-07-04 13:53:11,4,0,0,4
2021-07-04 13:53:17,0,0,0,0
2021-07-04 13:53:23,0,0,0,0
2021-07-04 13:53:46,3,0,3,6
2021-07-04 13:53:52,0,0,0,0
2021-07-04 13:53:54,0,0,0,0
2021-07-04 13:54:08,2,0,0,2
2021-07-04 13:54:12,0,0,0,0
2021-07-04 13:54:14,0,0,0,0
2021-07-04 13:54:25,0,0,0,0
2021-07-04 13:54:31,0,0,0,0
2021-07-04 13:54:35,41,0,13,54
2021-07-04 13:54:45,1,0,0,1
2021-07-04 13:54:50,0,0,0,0
2021-07-04 13:55:06,9,0,0,9
2021-07-04 13:55:25,189,3,5,197
2021-07-04 13:55:49,1,0,0,1
2021-07-04 13:56:09,0,0,0,0
2021-07-04 13:56:11,0,0,0,0
2021-07-04 13:56:23,41,6,9,56
2021-07-04 13:56:30,0,0,0,0
2021-07-04 13:56:31,3,0,0,3
2021-07-04 13:56:41,0,0,0,0
2021-07-04 13:56:47,1,0,0,1
2021-07-04 13:57:02,0,0,0,0
2021-07-04 13:57:14,0,0,0,0
2021-07-04 13:57:31,0,0,0,0
2021-07-04 13:57:46,0,0,0,0
2021-07-04 13:57:47,0,0,0,0
2021-07-04 13:58:21,6,0,1,7
2021-07-04 13:59:11,3,0,2,5
2021-07-04 13:59:16,0,0,0,0
2021-07-04 13:59:26,9,1,1,11
2021-07-04 14:00:04,0,0,0,0
2021-07-04 14:00:11,1,0,0,1
2021-07-04 14:00:16,2,0,0,2
2021-07-04 14:00:19,1,0,0,1
2021-07-04 14:00:33,8,0,5,13
2021-07-04 14:00:39,0,0,0,0
2021-07-04 14:00:44,0,0,0,0
2021-07-04 14:00:58,22,2,4,28
2021-07-04 14:01:26,1,1,1,3
2021-07-04 14:02:25,0,0,0,0
2021-07-04 14:03:22,1,0,0,1
2021-07-04 14:03:24,0,0,0,0
2021-07-04 14:03:25,5,0,4,9
2021-07-04 14:03:37,2,0,0,2
2021-07-04 14:03:49,0,0,0,0
2021-07-04 14:04:08,4,0,1,5
2021-07-04 14:04:10,0,0,0,0
2021-07-04 14:04:32,2,0,4,6
2021-07-04 14:04:46,1,0,0,1
2021-07-04 14:05:27,1,0,0,1
2021-07-04 14:05:55,1,0,0,1
2021-07-04 14:07:15,3,0,0,3
2021-07-04 14:07:17,0,0,0,0
2021-07-04 14:07:48,0,0,0,0
2021-07-04 14:08:06,6,1,0,7
2021-07-04 14:08:12,0,0,0,0
2021-07-04 14:09:36,0,0,0,0
2021-07-04 14:11:24,1,0,0,1
2021-07-04 14:11:27,112,0,8,120
2021-07-04 14:11:32,45,3,10,58
2021-07-04 14:12:13,2,0,0,2
2021-07-04 14:12:51,3,0,0,3
2021-07-04 14:13:07,1,0,0,1
2021-07-04 14:13:53,1,0,0,1
2021-07-04 14:13:55,0,0,0,0
2021-07-04 14:14:15,2,0,0,2
2021-07-04 14:14:49,1,0,0,1
2021-07-04 14:14:54,3,0,1,4
2021-07-04 14:15:04,2,0,0,2
2021-07-04 14:15:15,10,2,4,16
2021-07-04 14:15:22,8,0,2,10
2021-07-04 14:15:24,6,0,1,7
2021-07-04 14:16:17,0,0,0,0
2021-07-04 14:16:41,10,0,3,13
2021-07-04 14:16:44,0,0,0,0
2021-07-04 14:17:24,0,0,0,0
2021-07-04 14:18:38,0,0,0,0
2021-07-04 14:18:43,33,0,4,37
2021-07-04 14:18:53,2,0,2,4
2021-07-04 14:19:28,4,0,0,4
2021-07-04 14:19:42,0,0,0,0
2021-07-04 14:20:04,2,0,0,2
2021-07-04 14:20:19,0,0,0,0
2021-07-04 14:20:55,1,0,0,1
2021-07-04 14:21:01,0,0,0,0
2021-07-04 14:21:16,0,0,0,0
2021-07-04 14:21:54,6,0,2,8
2021-07-04 14:22:02,0,0,0,0
2021-07-04 14:22:26,0,0,0,0
2021-07-04 14:22:28,0,0,0,0
2021-07-04 14:23:22,1,0,0,1
2021-07-04 14:23:30,0,0,0,0
2021-07-04 14:23:46,68,0,28,96
2021-07-04 14:24:11,1,0,0,1
2021-07-04 14:24:24,1,0,0,1
2021-07-04 14:24:28,8,0,1,9
2021-07-04 14:25:04,2,0,0,2
2021-07-04 14:25:23,130,1,16,147
2021-07-04 14:25:31,20,1,5,26
2021-07-04 14:25:34,1,0,0,1
2021-07-04 14:25:37,1,0,0,1
2021-07-04 14:25:40,0,2,2,4
2021-07-04 14:25:50,2,0,0,2
2021-07-04 14:26:10,1,0,0,1
2021-07-04 14:26:37,0,0,0,0
2021-07-04 14:26:52,2,2,0,4
2021-07-04 14:28:03,1,0,0,1
2021-07-04 14:28:23,10,0,0,10
2021-07-04 14:28:53,0,0,0,0
2021-07-04 14:29:57,1,1,0,2
2021-07-04 14:30:35,14,0,1,15
2021-07-04 14:30:39,12,0,6,18
2021-07-04 14:30:59,1,0,0,1
2021-07-04 14:31:06,40,1,9,50
2021-07-04 14:31:38,8,1,3,12
2021-07-04 14:31:57,6,2,0,8
2021-07-04 14:32:37,1,0,0,1
2021-07-04 14:33:38,8,0,2,10
2021-07-04 14:33:41,10103,162,355,10620
2021-07-04 14:33:53,8,0,1,9
2021-07-04 14:34:20,2,0,0,2
2021-07-04 14:35:03,1,0,0,1
2021-07-04 14:35:39,9,1,1,11
2021-07-04 14:35:44,2,0,2,4
2021-07-04 14:35:45,5,0,0,5
2021-07-04 14:36:24,0,0,0,0
2021-07-04 14:36:30,2,0,0,2
2021-07-04 14:36:34,3,0,0,3
2021-07-04 14:38:34,2,0,1,3
2021-07-04 14:38:35,2,0,0,2
2021-07-04 14:40:03,1,0,1,2
2021-07-04 14:40:09,0,0,0,0
2021-07-04 14:41:40,1,0,0,1
2021-07-04 14:42:38,6,0,1,7
2021-07-04 14:43:05,0,0,0,0
2021-07-04 14:43:11,0,0,0,0
2021-07-04 14:44:55,0,0,0,0
2021-07-04 14:46:13,6,1,0,7
2021-07-04 14:46:49,1,0,1,2
2021-07-04 14:46:50,2,1,0,3
2021-07-04 14:47:16,18,0,5,23
2021-07-04 14:47:20,1,0,1,2
2021-07-04 14:48:20,0,0,0,0
2021-07-04 14:48:23,0,0,0,0
2021-07-04 14:48:25,1,0,1,2
2021-07-04 14:48:26,0,0,0,0
2021-07-04 14:48:29,0,0,0,0
2021-07-04 14:48:33,0,0,0,0
2021-07-04 14:48:36,0,0,0,0
2021-07-04 14:48:39,0,0,0,0
2021-07-04 14:48:42,0,0,0,0
2021-07-04 14:48:48,0,0,0,0
2021-07-04 14:48:52,1,0,1,2
2021-07-04 14:48:55,0,0,0,0
2021-07-04 14:49:00,0,1,0,1
2021-07-04 14:49:03,0,0,0,0
2021-07-04 14:49:41,28,0,11,39
2021-07-04 14:49:46,0,0,0,0
2021-07-04 14:49:59,13,1,5,19
2021-07-04 14:52:28,5,0,5,10
2021-07-04 14:52:39,0,0,0,0
2021-07-04 14:52:42,2,0,1,3
2021-07-04 14:53:22,1,1,0,2
2021-07-04 14:53:33,43,0,20,63
2021-07-04 14:54:04,2,0,0,2
2021-07-04 14:54:26,1,0,0,1
2021-07-04 14:54:41,7,1,1,9
2021-07-04 14:55:01,0,0,0,0
2021-07-04 14:55:02,0,0,0,0
2021-07-04 14:55:22,0,0,0,0
2021-07-04 14:55:38,2,0,1,3
2021-07-04 14:55:53,18,0,4,22
2021-07-04 14:56:07,60,3,6,69
2021-07-04 14:56:13,0,0,0,0
2021-07-04 14:56:32,1,1,2,4
2021-07-04 14:57:07,8,0,0,8
2021-07-04 14:58:01,3,1,1,5
2021-07-04 14:58:20,1,0,0,1
2021-07-04 14:58:42,50,0,1,51
2021-07-04 15:00:04,2,2,0,4
2021-07-04 15:00:09,0,0,0,0
2021-07-04 15:00:24,0,0,0,0
2021-07-04 15:00:30,1,0,0,1
2021-07-04 15:00:37,20,1,1,22
2021-07-04 15:01:06,2,0,0,2
2021-07-04 15:02:36,1,0,0,1
2021-07-04 15:02:57,0,0,0,0
2021-07-04 15:03:14,1,0,0,1
2021-07-04 15:03:33,9,1,1,11
2021-07-04 15:03:45,16,0,0,16
2021-07-04 15:04:02,0,0,0,0
2021-07-04 15:04:31,3,0,0,3
2021-07-04 15:04:38,0,0,0,0
2021-07-04 15:04:45,7,0,2,9
2021-07-04 15:05:03,2,0,2,4
2021-07-04 15:05:29,0,0,0,0
2021-07-04 15:05:43,0,0,0,0
2021-07-04 15:05:50,0,0,0,0
2021-07-04 15:05:56,4,0,2,6
2021-07-04 15:06:20,10,0,0,10
2021-07-04 15:06:44,0,1,0,1
2021-07-04 15:06:45,0,0,0,0
2021-07-04 15:06:53,0,0,0,0
2021-07-04 15:07:14,1,0,1,2
2021-07-04 15:07:31,1,0,0,1
2021-07-04 15:07:40,5,1,0,6
2021-07-04 15:07:47,3,0,0,3
2021-07-04 15:08:22,0,1,0,1
2021-07-04 15:08:26,0,0,0,0
2021-07-04 15:08:29,0,0,0,0
2021-07-04 15:08:33,0,0,0,0
2021-07-04 15:08:36,0,0,0,0
2021-07-04 15:08:39,0,0,0,0
2021-07-04 15:09:34,19,0,0,19
2021-07-04 15:09:38,0,0,0,0
2021-07-04 15:09:40,4,0,0,4
2021-07-04 15:10:18,0,0,0,0
2021-07-04 15:10:30,2,0,0,2
2021-07-04 15:11:43,0,0,0,0
2021-07-04 15:12:03,1,0,1,2
2021-07-04 15:12:09,0,0,0,0
2021-07-04 15:13:25,1,0,0,1
2021-07-04 15:14:06,0,0,0,0
2021-07-04 15:14:28,0,0,0,0
2021-07-04 15:15:05,2,0,2,4
2021-07-04 15:15:06,2,0,0,2
2021-07-04 15:15:15,0,0,0,0
2021-07-04 15:15:28,0,0,0,0
2021-07-04 15:15:29,7,0,1,8
2021-07-04 15:15:45,11,3,3,17
2021-07-04 15:16:14,1,0,0,1
2021-07-04 15:16:38,0,0,0,0
2021-07-04 15:16:42,0,2,0,2
2021-07-04 15:16:45,7,1,3,11
2021-07-04 15:16:54,5,0,3,8
2021-07-04 15:17:00,1,2,0,3
2021-07-04 15:17:10,17,1,1,19
2021-07-04 15:17:16,3,0,0,3
2021-07-04 15:17:18,1,1,0,2
2021-07-04 15:17:36,2,0,1,3
2021-07-04 15:17:49,48,1,1,50
2021-07-04 15:17:54,0,0,0,0
2021-07-04 15:18:26,2,0,0,2
2021-07-04 15:19:08,0,0,0,0
2021-07-04 15:19:16,2,0,0,2
2021-07-04 15:19:25,0,0,0,0
2021-07-04 15:20:03,0,0,0,0
2021-07-04 15:20:09,0,0,0,0
2021-07-04 15:21:15,0,0,0,0
2021-07-04 15:21:45,9,0,1,10
2021-07-04 15:22:09,1,0,0,1
2021-07-04 15:22:20,3,0,1,4
2021-07-04 15:22:31,0,0,0,0
2021-07-04 15:22:46,0,0,0,0
2021-07-04 15:22:47,1,0,1,2
2021-07-04 15:22:54,1,0,0,1
2021-07-04 15:23:19,0,0,0,0
2021-07-04 15:23:20,1,0,1,2
2021-07-04 15:23:29,0,0,0,0
2021-07-04 15:24:15,0,0,0,0
2021-07-04 15:24:24,1,0,0,1
2021-07-04 15:24:35,5,0,1,6
2021-07-04 15:24:38,1,0,0,1
2021-07-04 15:25:11,0,0,0,0
2021-07-04 15:25:30,1,0,0,1
2021-07-04 15:25:34,3,0,0,3
2021-07-04 15:25:37,1,0,0,1
2021-07-04 15:25:45,0,0,0,0
2021-07-04 15:26:02,1,0,0,1
2021-07-04 15:26:35,2,1,1,4
2021-07-04 15:28:26,1,0,0,1
2021-07-04 15:28:29,1,0,0,1
2021-07-04 15:28:45,0,1,0,1
2021-07-04 15:29:16,7,1,0,8
2021-07-04 15:30:15,4,0,2,6
2021-07-04 15:31:35,4,0,1,5
2021-07-04 15:32:32,0,0,0,0
2021-07-04 15:32:48,1,0,0,1
2021-07-04 15:32:52,2,0,1,3
2021-07-04 15:33:06,0,0,0,0
2021-07-04 15:33:33,14,1,12,27
2021-07-04 15:33:38,0,0,0,0
2021-07-04 15:33:53,98,2,34,134
2021-07-04 15:34:03,0,0,0,0
2021-07-04 15:34:21,2,0,0,2
2021-07-04 15:35:04,0,0,0,0
2021-07-04 15:35:05,1,0,0,1
2021-07-04 15:35:10,0,0,0,0
2021-07-04 15:35:22,0,0,0,0
2021-07-04 15:36:41,1,0,0,1
2021-07-04 15:36:45,3,0,1,4
2021-07-04 15:37:13,0,0,0,0
2021-07-04 15:37:17,20,0,0,20
2021-07-04 15:37:21,31,0,8,39
2021-07-04 15:37:31,0,0,0,0
2021-07-04 15:38:01,3,0,1,4
2021-07-04 15:38:08,0,0,0,0
2021-07-04 15:38:31,0,0,0,0
2021-07-04 15:38:34,0,0,0,0
2021-07-04 15:38:37,22,2,0,24
2021-07-04 15:40:03,2,0,1,3
2021-07-04 15:41:01,1,0,0,1
2021-07-04 15:41:03,0,0,0,0
2021-07-04 15:41:08,0,0,0,0
2021-07-04 15:41:57,32,6,2,40
2021-07-04 15:43:00,1,1,0,2
2021-07-04 15:43:19,8,2,0,10
2021-07-04 15:43:33,100,2,3,105
2021-07-04 15:44:04,0,0,0,0
2021-07-04 15:44:34,1,0,0,1
2021-07-04 15:45:47,0,0,0,0
2021-07-04 15:45:58,20,0,4,24
2021-07-04 15:47:23,0,0,0,0
2021-07-04 15:48:11,0,0,0,0
2021-07-04 15:48:33,1,0,0,1
2021-07-04 15:48:37,1,0,0,1
2021-07-04 15:48:41,0,0,0,0
2021-07-04 15:48:46,0,0,0,0
2021-07-04 15:48:50,0,0,0,0
2021-07-04 15:48:53,0,0,0,0
2021-07-04 15:48:56,0,0,0,0
2021-07-04 15:49:01,0,0,0,0
2021-07-04 15:49:05,0,0,0,0
2021-07-04 15:49:07,0,0,0,0
2021-07-04 15:49:13,0,0,0,0
2021-07-04 15:49:15,8,2,2,12
2021-07-04 15:49:19,1,0,0,1
2021-07-04 15:49:23,2,2,0,4
2021-07-04 15:49:25,2,0,0,2
2021-07-04 15:49:28,1,0,0,1
2021-07-04 15:49:32,0,0,0,0
2021-07-04 15:49:35,3,0,1,4
2021-07-04 15:49:45,0,0,0,0
2021-07-04 15:49:48,1,0,0,1
2021-07-04 15:50:02,2,0,1,3
2021-07-04 15:50:45,33,2,12,47
2021-07-04 15:54:05,2,0,0,2
2021-07-04 15:55:04,0,0,0,0
2021-07-04 15:55:29,0,0,0,0
2021-07-04 15:56:02,2,1,0,3
2021-07-04 15:56:07,1,0,0,1
2021-07-04 15:57:00,0,0,0,0
2021-07-04 15:57:15,1,0,0,1
2021-07-04 15:57:24,0,0,0,0
2021-07-04 15:57:37,3,0,0,3
2021-07-04 15:57:39,1,0,0,1
2021-07-04 15:57:43,0,0,0,0
2021-07-04 15:57:49,0,0,0,0
2021-07-04 15:57:58,0,0,0,0
2021-07-04 15:57:59,0,0,0,0
2021-07-04 15:58:07,1,0,0,1
2021-07-04 15:58:40,4,0,0,4
2021-07-04 15:58:46,2,0,1,3
2021-07-04 15:58:49,2,0,0,2
2021-07-04 15:58:54,2,0,0,2
2021-07-04 15:59:10,110,1,20,131
2021-07-04 15:59:31,0,0,0,0
2021-07-04 15:59:41,0,0,0,0
2021-07-04 15:59:48,0,0,0,0
2021-07-04 15:59:51,1,0,0,1
2021-07-04 16:00:21,0,0,0,0
2021-07-04 16:00:46,0,0,0,0
2021-07-04 16:00:48,3,0,0,3
2021-07-04 16:01:18,2,0,0,2
2021-07-04 16:01:24,0,0,0,0
2021-07-04 16:01:40,0,0,0,0
2021-07-04 16:02:30,0,0,0,0
2021-07-04 16:02:31,356,9,81,446
2021-07-04 16:02:42,0,0,0,0
2021-07-04 16:03:07,0,0,0,0
2021-07-04 16:03:28,3,0,0,3
2021-07-04 16:03:46,3,1,0,4
2021-07-04 16:05:48,0,0,0,0
2021-07-04 16:06:22,4,0,0,4
2021-07-04 16:06:24,0,0,0,0
2021-07-04 16:08:36,0,0,0,0
2021-07-04 16:08:47,14,0,1,15
2021-07-04 16:09:45,1,0,1,2
2021-07-04 16:10:08,1,0,0,1
2021-07-04 16:10:10,23,1,6,30
2021-07-04 16:10:26,13,0,2,15
2021-07-04 16:10:33,1,0,0,1
2021-07-04 16:12:19,2,0,0,2
2021-07-04 16:12:59,18,0,1,19
2021-07-04 16:13:19,15,2,2,19
2021-07-04 16:14:18,3,1,0,4
2021-07-04 16:15:02,1451,58,206,1715
2021-07-04 16:15:12,0,0,0,0
2021-07-04 16:15:26,0,1,0,1
2021-07-04 16:16:16,5,0,0,5
2021-07-04 16:16:23,8,0,1,9
2021-07-04 16:16:29,0,0,1,1
2021-07-04 16:16:39,26,0,1,27
2021-07-04 16:16:48,1,0,0,1
2021-07-04 16:17:03,2,2,2,6
2021-07-04 16:18:25,1,0,0,1
2021-07-04 16:18:27,0,0,0,0
2021-07-04 16:18:39,0,0,0,0
2021-07-04 16:18:40,0,0,0,0
2021-07-04 16:18:43,0,0,0,0
2021-07-04 16:18:47,0,0,0,0
2021-07-04 16:18:50,0,0,0,0
2021-07-04 16:18:53,0,0,1,1
2021-07-04 16:19:23,0,0,0,0
2021-07-04 16:19:40,0,0,0,0
2021-07-04 16:19:41,1,0,0,1
2021-07-04 16:19:44,1,0,0,1
2021-07-04 16:19:48,1,0,0,1
2021-07-04 16:19:52,2,0,0,2
2021-07-04 16:19:57,1,0,0,1
2021-07-04 16:20:03,2,0,0,2
2021-07-04 16:20:13,0,0,0,0
2021-07-04 16:20:17,0,0,0,0
2021-07-04 16:21:09,65,5,26,96
2021-07-04 16:21:36,1,0,0,1
2021-07-04 16:22:34,0,0,0,0
2021-07-04 16:23:10,0,0,0,0
2021-07-04 16:23:30,0,0,0,0
2021-07-04 16:23:54,1,0,0,1
2021-07-04 16:24:27,0,0,0,0
2021-07-04 16:25:33,0,0,0,0
2021-07-04 16:26:08,1,0,0,1
2021-07-04 16:26:40,2,1,1,4
2021-07-04 16:27:07,3,0,2,5
2021-07-04 16:27:37,2,0,0,2
2021-07-04 16:28:02,1,0,1,2
2021-07-04 16:28:28,4,1,2,7
2021-07-04 16:28:40,1,0,0,1
2021-07-04 16:28:45,1,0,0,1
2021-07-04 16:29:05,1,0,0,1
2021-07-04 16:29:14,6,2,2,10
2021-07-04 16:29:32,0,0,0,0
2021-07-04 16:29:50,1,0,0,1
2021-07-04 16:30:11,0,1,0,1
2021-07-04 16:30:30,0,1,0,1
2021-07-04 16:31:24,0,0,0,0
2021-07-04 16:31:27,0,0,0,0
2021-07-04 16:31:32,1,0,0,1
2021-07-04 16:31:38,0,0,0,0
2021-07-04 16:32:16,1,0,0,1
2021-07-04 16:32:17,0,0,0,0
2021-07-04 16:32:39,0,0,0,0
2021-07-04 16:32:40,0,0,0,0
2021-07-04 16:33:04,0,0,0,0
2021-07-04 16:33:13,2,0,0,2
2021-07-04 16:33:18,1,0,0,1
2021-07-04 16:33:26,0,0,0,0
2021-07-04 16:33:27,0,0,0,0
2021-07-04 16:33:58,6,0,2,8
2021-07-04 16:34:43,0,0,0,0
2021-07-04 16:34:54,7,0,0,7
2021-07-04 16:35:04,5,0,0,5
2021-07-04 16:36:03,1,0,0,1
2021-07-04 16:36:11,0,0,0,0
2021-07-04 16:36:26,1,1,1,3
2021-07-04 16:37:13,1,0,0,1
2021-07-04 16:37:37,1,0,0,1
2021-07-04 16:37:43,0,0,0,0
2021-07-04 16:37:46,0,0,0,0
2021-07-04 16:38:27,137,1,20,158
2021-07-04 16:38:42,0,0,0,0
2021-07-04 16:39:08,0,0,0,0
2021-07-04 16:39:42,4,0,0,4
2021-07-04 16:39:56,1,0,1,2
2021-07-04 16:40:00,0,0,0,0
2021-07-04 16:40:03,3,0,1,4
2021-07-04 16:40:21,0,0,0,0
2021-07-04 16:40:29,0,0,0,0
2021-07-04 16:41:07,4,0,4,8
2021-07-04 16:41:57,1,0,1,2
2021-07-04 16:42:04,0,0,0,0
2021-07-04 16:42:05,0,0,0,0
2021-07-04 16:42:18,0,0,0,0
2021-07-04 16:42:28,1,0,0,1
2021-07-04 16:42:46,0,0,0,0
2021-07-04 16:42:48,0,1,0,1
2021-07-04 16:42:59,0,0,0,0
2021-07-04 16:43:06,0,0,1,1
2021-07-04 16:43:13,1,1,0,2
2021-07-04 16:43:20,0,0,0,0
2021-07-04 16:43:28,0,0,0,0
2021-07-04 16:43:35,8,2,4,14
2021-07-04 16:43:42,2,0,3,5
2021-07-04 16:43:43,0,0,0,0
2021-07-04 16:43:50,0,0,1,1
2021-07-04 16:44:02,6,0,2,8
2021-07-04 16:44:13,0,0,0,0
2021-07-04 16:44:32,4,0,1,5
2021-07-04 16:44:43,2,0,0,2
2021-07-04 16:44:50,3,0,2,5
2021-07-04 16:44:55,50,2,11,63
2021-07-04 16:45:02,1,0,0,1
2021-07-04 16:45:10,14,1,2,17
2021-07-04 16:45:27,10,1,1,12
2021-07-04 16:46:38,59,5,21,85
2021-07-04 16:48:26,0,0,0,0
2021-07-04 16:48:51,1,0,0,1
2021-07-04 16:48:55,0,0,0,0
2021-07-04 16:49:56,0,0,0,0
2021-07-04 16:51:04,10,0,6,16
2021-07-04 16:52:18,0,0,0,0
2021-07-04 16:52:51,4,0,0,4
2021-07-04 16:53:06,10,0,0,10
2021-07-04 16:53:34,0,0,0,0
2021-07-04 16:54:08,6,0,2,8
2021-07-04 16:54:52,2,4,0,6
2021-07-04 16:57:09,4,2,4,10
2021-07-04 16:57:45,0,0,0,0
2021-07-04 16:58:47,18,1,7,26
2021-07-04 16:58:55,5,0,3,8
2021-07-04 16:59:08,135,6,40,181
2021-07-04 16:59:50,3,0,0,3
2021-07-04 17:00:02,8,0,2,10
2021-07-04 17:02:40,0,0,0,0
2021-07-04 17:04:08,25,0,0,25
2021-07-04 17:04:50,3,0,0,3
2021-07-04 17:06:05,0,0,0,0
2021-07-04 17:06:54,209,1,29,239
2021-07-04 17:07:21,8,0,0,8
2021-07-04 17:08:46,20,1,5,26
2021-07-04 17:08:48,0,0,0,0
2021-07-04 17:09:24,0,0,0,0
2021-07-04 17:09:36,8,0,1,9
2021-07-04 17:10:04,29,1,3,33
2021-07-04 17:12:20,1,0,0,1
2021-07-04 17:12:24,0,0,0,0
2021-07-04 17:12:39,0,0,0,0
2021-07-04 17:12:53,1,0,0,1
2021-07-04 17:13:19,2,4,0,6
2021-07-04 17:13:55,1,0,0,1
2021-07-04 17:13:59,11,0,2,13
2021-07-04 17:14:10,0,0,0,0
2021-07-04 17:15:35,0,0,0,0
2021-07-04 17:15:56,6,0,0,6
2021-07-04 17:15:59,0,0,0,0
2021-07-04 17:16:13,0,0,0,0
2021-07-04 17:16:37,1,0,0,1
2021-07-04 17:16:50,3,0,0,3
2021-07-04 17:18:09,0,0,0,0
2021-07-04 17:18:56,1,0,1,2
2021-07-04 17:19:24,0,1,0,1
2021-07-04 17:19:34,0,0,1,1
2021-07-04 17:19:49,0,0,0,0
2021-07-04 17:19:52,31,2,13,46
2021-07-04 17:20:07,0,0,0,0
2021-07-04 17:20:54,0,0,0,0
2021-07-04 17:21:21,1,0,1,2
2021-07-04 17:21:22,1,0,1,2
2021-07-04 17:21:37,0,0,0,0
2021-07-04 17:22:48,2,0,1,3
2021-07-04 17:23:04,8,1,0,9
2021-07-04 17:23:29,2,0,0,2
2021-07-04 17:23:30,0,0,0,0
2021-07-04 17:24:20,0,0,0,0
2021-07-04 17:25:27,1,0,0,1
2021-07-04 17:25:45,8,1,1,10
2021-07-04 17:25:52,1,0,0,1
2021-07-04 17:29:12,0,0,0,0
2021-07-04 17:30:08,27,1,7,35
2021-07-04 17:30:12,0,0,0,0
2021-07-04 17:30:41,2,0,2,4
2021-07-04 17:30:42,0,0,0,0
2021-07-04 17:30:46,0,0,0,0
2021-07-04 17:30:50,1,0,0,1
2021-07-04 17:31:06,3,0,0,3
2021-07-04 17:31:27,83,1,28,112
2021-07-04 17:31:54,34,1,3,38
2021-07-04 17:31:57,1,0,0,1
2021-07-04 17:33:37,26,0,1,27
2021-07-04 17:33:44,0,0,1,1
2021-07-04 17:34:10,10,0,1,11
2021-07-04 17:34:53,0,0,0,0
2021-07-04 17:35:58,0,1,0,1
2021-07-04 17:36:53,1,0,0,1
2021-07-04 17:37:29,2,0,2,4
2021-07-04 17:37:42,2,1,1,4
2021-07-04 17:37:45,0,0,0,0
2021-07-04 17:38:06,1,0,0,1
2021-07-04 17:40:27,8,1,2,11
2021-07-04 17:40:59,0,0,0,0
2021-07-04 17:41:16,0,0,0,0
2021-07-04 17:41:36,2,0,0,2
2021-07-04 17:42:37,0,0,0,0
2021-07-04 17:43:05,0,0,0,0
2021-07-04 17:43:19,0,3,0,3
2021-07-04 17:44:08,56,0,18,74
2021-07-04 17:44:21,0,0,0,0
2021-07-04 17:44:43,0,0,0,0
2021-07-04 17:44:44,315,10,51,376
2021-07-04 17:45:00,15,1,1,17
2021-07-04 17:45:47,0,0,0,0
2021-07-04 17:46:26,7,1,4,12
2021-07-04 17:47:34,159,0,11,170
2021-07-04 17:48:44,1,0,1,2
2021-07-04 17:49:10,0,0,0,0
2021-07-04 17:49:15,0,0,0,0
2021-07-04 17:49:19,0,0,0,0
2021-07-04 17:49:23,0,0,0,0
2021-07-04 17:49:28,0,0,0,0
2021-07-04 17:49:30,0,0,0,0
2021-07-04 17:49:32,0,0,0,0
2021-07-04 17:49:36,0,0,0,0
2021-07-04 17:49:42,0,0,0,0
2021-07-04 17:49:46,0,0,0,0
2021-07-04 17:49:51,1,0,0,1
2021-07-04 17:49:54,0,0,0,0
2021-07-04 17:49:58,0,0,0,0
2021-07-04 17:50:03,0,0,0,0
2021-07-04 17:50:09,1,0,0,1
2021-07-04 17:50:12,110,0,14,124
2021-07-04 17:51:05,3,0,0,3
2021-07-04 17:51:29,0,0,0,0
2021-07-04 17:51:32,0,0,0,0
2021-07-04 17:52:00,2,0,1,3
2021-07-04 17:52:17,0,0,0,0
2021-07-04 17:52:38,4,0,0,4
2021-07-04 17:52:46,0,0,0,0
2021-07-04 17:52:52,0,0,0,0
2021-07-04 17:56:16,0,0,0,0
2021-07-04 17:56:29,1,2,1,4
2021-07-04 17:58:25,0,0,0,0
2021-07-04 17:59:24,0,0,0,0
2021-07-04 18:00:01,494,30,141,665
2021-07-04 18:00:29,0,0,0,0
2021-07-04 18:01:07,0,4,0,4
2021-07-04 18:02:03,1,1,0,2
2021-07-04 18:02:06,0,0,0,0
2021-07-04 18:02:54,125,1,22,148
2021-07-04 18:04:12,1,0,0,1
2021-07-04 18:08:14,21,0,4,25
2021-07-04 18:09:00,8,0,1,9
2021-07-04 18:09:44,2,0,0,2
2021-07-04 18:09:46,1,0,0,1
2021-07-04 18:09:52,2,0,0,2
2021-07-04 18:09:55,0,0,0,0
2021-07-04 18:10:26,0,0,1,1
2021-07-04 18:10:48,2,0,0,2
2021-07-04 18:10:57,324,6,20,350
2021-07-04 18:14:11,0,0,0,0
2021-07-04 18:14:46,63,2,21,86
2021-07-04 18:15:21,1,0,0,1
2021-07-04 18:16:04,172,8,46,226
2021-07-04 18:16:46,10,0,0,10
2021-07-04 18:17:21,0,0,0,0
2021-07-04 18:18:10,0,0,0,0
2021-07-04 18:18:16,32,2,2,36
2021-07-04 18:19:15,0,0,0,0
2021-07-04 18:19:18,0,0,0,0
2021-07-04 18:20:20,3,0,0,3
2021-07-04 18:20:32,2,0,1,3
2021-07-04 18:20:55,1,0,0,1
2021-07-04 18:22:04,0,0,0,0
2021-07-04 18:22:36,2,2,0,4
2021-07-04 18:22:42,2,0,0,2
2021-07-04 18:23:08,0,0,0,0
2021-07-04 18:23:10,0,0,0,0
2021-07-04 18:23:30,0,0,0,0
2021-07-04 18:24:32,0,0,0,0
2021-07-04 18:24:39,0,0,0,0
2021-07-04 18:24:54,69,6,12,87
2021-07-04 18:25:39,0,0,1,1
2021-07-04 18:26:13,0,0,0,0
2021-07-04 18:26:38,1,1,1,3
2021-07-04 18:26:51,0,0,0,0
2021-07-04 18:28:28,1,0,1,2
2021-07-04 18:29:20,1,0,0,1
2021-07-04 18:29:25,2,0,0,2
2021-07-04 18:29:29,0,0,0,0
2021-07-04 18:29:33,0,0,0,0
2021-07-04 18:29:38,1,0,1,2
2021-07-04 18:29:45,0,0,0,0
2021-07-04 18:29:48,0,0,0,0
2021-07-04 18:29:51,0,0,0,0
2021-07-04 18:29:54,0,0,0,0
2021-07-04 18:30:11,41,1,13,55
2021-07-04 18:30:52,32,0,10,42
2021-07-04 18:33:09,1,0,0,1
2021-07-04 18:33:32,0,0,2,2
2021-07-04 18:34:12,187,0,14,201
2021-07-04 18:35:09,16,0,6,22
2021-07-04 18:35:22,0,0,0,0
2021-07-04 18:36:30,7,0,0,7
2021-07-04 18:36:45,4,0,2,6
2021-07-04 18:36:47,0,0,0,0
2021-07-04 18:37:04,0,0,0,0
2021-07-04 18:38:10,0,0,0,0
2021-07-04 18:38:50,1,0,0,1
2021-07-04 18:38:54,288,2,60,350
2021-07-04 18:39:20,0,0,0,0
2021-07-04 18:40:24,1,0,0,1
2021-07-04 18:40:26,2,0,0,2
2021-07-04 18:40:56,0,0,0,0
2021-07-04 18:43:00,0,0,0,0
2021-07-04 18:44:06,4,0,1,5
2021-07-04 18:45:13,2,0,2,4
2021-07-04 18:45:27,8,0,4,12
2021-07-04 18:49:03,4,0,2,6
2021-07-04 18:49:23,0,0,0,0
2021-07-04 18:49:24,2,0,0,2
2021-07-04 18:49:28,0,0,0,0
2021-07-04 18:49:31,0,0,0,0
2021-07-04 18:49:36,1,0,0,1
2021-07-04 18:49:50,124,2,19,145
2021-07-04 18:49:57,14,0,4,18
2021-07-04 18:50:54,18,2,5,25
2021-07-04 18:50:55,0,0,0,0
2021-07-04 18:51:02,4,2,1,7
2021-07-04 18:51:41,0,0,0,0
2021-07-04 18:51:49,0,0,0,0
2021-07-04 18:52:49,0,0,0,0
2021-07-04 18:54:30,1,1,1,3
2021-07-04 18:54:44,12,1,1,14
2021-07-04 18:55:37,6,0,1,7
2021-07-04 18:56:30,18,1,3,22
2021-07-04 18:57:09,0,0,0,0
2021-07-04 18:57:16,0,0,0,0
2021-07-04 19:00:48,0,0,0,0
2021-07-04 19:01:09,2,0,0,2
2021-07-04 19:03:27,0,0,0,0
2021-07-04 19:05:16,0,0,0,0
2021-07-04 19:05:35,0,0,0,0
2021-07-04 19:06:29,0,0,0,0
2021-07-04 19:06:42,10,0,0,10
2021-07-04 19:07:07,0,0,0,0
2021-07-04 19:07:17,0,0,0,0
2021-07-04 19:07:25,0,0,0,0
2021-07-04 19:07:26,4,0,1,5
2021-07-04 19:08:31,3,0,0,3
2021-07-04 19:08:52,0,1,0,1
2021-07-04 19:09:41,0,1,0,1
2021-07-04 19:10:22,0,0,0,0
2021-07-04 19:10:46,2,0,0,2
2021-07-04 19:11:24,0,0,0,0
2021-07-04 19:11:48,3,0,0,3
2021-07-04 19:13:32,1,0,1,2
2021-07-04 19:13:42,10,0,2,12
2021-07-04 19:14:25,91,3,11,105
2021-07-04 19:14:41,0,0,0,0
2021-07-04 19:15:08,30,0,4,34
2021-07-04 19:16:38,13,1,2,16
2021-07-04 19:17:21,1,0,0,1
2021-07-04 19:17:35,32,1,8,41
2021-07-04 19:18:01,0,0,0,0
2021-07-04 19:18:20,0,0,0,0
2021-07-04 19:18:41,10,0,0,10
2021-07-04 19:18:59,0,0,0,0
2021-07-04 19:19:29,1,0,1,2
2021-07-04 19:19:32,0,0,0,0
2021-07-04 19:19:35,0,0,0,0
2021-07-04 19:19:39,0,0,0,0
2021-07-04 19:19:42,0,0,0,0
2021-07-04 19:19:46,0,0,0,0
2021-07-04 19:19:49,0,0,0,0
2021-07-04 19:19:52,0,0,0,0
2021-07-04 19:19:53,6,0,0,6
2021-07-04 19:19:56,0,0,0,0
2021-07-04 19:20:02,108,13,29,150
2021-07-04 19:20:10,15,1,12,28
2021-07-04 19:20:14,0,0,0,0
2021-07-04 19:20:29,0,0,0,0
2021-07-04 19:21:09,0,0,0,0
2021-07-04 19:21:14,0,0,0,0
2021-07-04 19:22:30,0,0,0,0
2021-07-04 19:23:29,0,0,0,0
2021-07-04 19:23:43,3,1,0,4
2021-07-04 19:24:29,2,0,0,2
2021-07-04 19:25:47,0,0,0,0
2021-07-04 19:26:11,2,0,1,3
2021-07-04 19:26:36,0,0,0,0
2021-07-04 19:27:08,0,0,0,0
2021-07-04 19:28:18,0,0,0,0
2021-07-04 19:28:19,18,0,0,18
2021-07-04 19:29:18,1,0,1,2
2021-07-04 19:29:32,0,0,0,0
2021-07-04 19:29:36,0,0,1,1
2021-07-04 19:29:39,0,0,0,0
2021-07-04 19:29:42,0,0,0,0
2021-07-04 19:29:46,0,1,0,1
2021-07-04 19:29:49,0,0,0,0
2021-07-04 19:29:53,0,0,0,0
2021-07-04 19:29:56,0,0,0,0
2021-07-04 19:30:02,0,0,0,0
2021-07-04 19:30:06,0,0,0,0
2021-07-04 19:30:09,0,0,0,0
2021-07-04 19:30:42,1,0,0,1
2021-07-04 19:31:53,1,0,0,1
2021-07-04 19:32:49,1,1,1,3
2021-07-04 19:34:03,29,4,2,35
2021-07-04 19:34:18,6,0,3,9
2021-07-04 19:34:32,2,0,1,3
2021-07-04 19:34:54,0,0,0,0
2021-07-04 19:35:34,0,0,0,0
2021-07-04 19:36:23,1,1,0,2
2021-07-04 19:37:30,2,0,1,3
2021-07-04 19:38:33,0,0,1,1
2021-07-04 19:39:06,15,2,2,19
2021-07-04 19:39:20,0,0,0,0
2021-07-04 19:40:06,1,0,0,1
2021-07-04 19:40:13,2,0,0,2
2021-07-04 19:40:15,250,1,47,298
2021-07-04 19:41:28,0,0,0,0
2021-07-04 19:42:13,1,1,0,2
2021-07-04 19:42:25,1,0,0,1
2021-07-04 19:42:46,75,2,20,97
2021-07-04 19:43:04,0,0,0,0
2021-07-04 19:44:48,3,0,0,3
2021-07-04 19:45:05,14,1,3,18
2021-07-04 19:45:15,0,0,0,0
2021-07-04 19:45:51,1,0,0,1
2021-07-04 19:46:08,1,0,0,1
2021-07-04 19:46:50,0,0,0,0
2021-07-04 19:47:03,1,0,1,2
2021-07-04 19:47:21,0,0,0,0
2021-07-04 19:47:24,97,3,22,122
2021-07-04 19:47:49,0,0,0,0
2021-07-04 19:48:48,22,7,13,42
2021-07-04 19:49:17,0,0,0,0
2021-07-04 19:49:36,0,0,0,0
2021-07-04 19:49:59,0,0,0,0
2021-07-04 19:50:07,0,0,0,0
2021-07-04 19:50:27,0,0,0,0
2021-07-04 19:50:42,17,1,9,27
2021-07-04 19:51:10,0,0,0,0
2021-07-04 19:51:28,531,5,11,547
2021-07-04 19:51:42,0,0,0,0
2021-07-04 19:51:53,0,0,0,0
2021-07-04 19:52:27,0,0,0,0
2021-07-04 19:52:46,13,2,7,22
2021-07-04 19:52:56,1,0,1,2
2021-07-04 19:53:07,0,0,1,1
2021-07-04 19:53:22,0,0,0,0
2021-07-04 19:53:25,95,1,2,98
2021-07-04 19:53:26,0,0,1,1
2021-07-04 19:53:34,2,0,1,3
2021-07-04 19:53:44,0,0,0,0
2021-07-04 19:54:15,330,12,105,447
2021-07-04 19:54:35,11,1,6,18
2021-07-04 19:55:15,0,0,0,0
2021-07-04 19:55:40,0,0,0,0
2021-07-04 19:55:53,104,0,10,114
2021-07-04 19:56:25,0,0,0,0
2021-07-04 19:57:26,1,0,0,1
2021-07-04 19:59:18,0,0,0,0
2021-07-04 19:59:20,18,0,0,18
2021-07-04 19:59:36,0,0,0,0
2021-07-04 20:00:11,5,0,1,6
2021-07-04 20:00:37,0,0,0,0
2021-07-04 20:00:50,0,0,0,0
2021-07-04 20:00:53,0,0,0,0
2021-07-04 20:01:36,0,0,0,0
2021-07-04 20:01:43,266,2,24,292
2021-07-04 20:01:47,0,0,0,0
2021-07-04 20:02:42,1,0,0,1
2021-07-04 20:03:08,29,1,9,39
2021-07-04 20:04:15,0,0,0,0
2021-07-04 20:04:51,0,1,0,1
2021-07-04 20:05:06,1,0,0,1
2021-07-04 20:05:38,38,1,2,41
2021-07-04 20:06:12,22,0,7,29
2021-07-04 20:07:32,0,0,1,1
2021-07-04 20:07:56,0,0,0,0
2021-07-04 20:08:10,75,2,8,85
2021-07-04 20:08:54,8,0,10,18
2021-07-04 20:09:37,0,0,0,0
2021-07-04 20:09:52,12,0,0,12
2021-07-04 20:10:25,30,1,0,31
2021-07-04 20:11:22,0,0,0,0
2021-07-04 20:12:14,0,0,0,0
2021-07-04 20:15:47,0,0,0,0
2021-07-04 20:18:45,17,0,1,18
2021-07-04 20:19:40,0,1,0,1
2021-07-04 20:20:03,0,0,0,0
2021-07-04 20:20:55,1,0,0,1
2021-07-04 20:21:05,1,0,1,2
2021-07-04 20:21:22,13,0,4,17
2021-07-04 20:22:10,1,0,1,2
2021-07-04 20:22:14,0,0,0,0
2021-07-04 20:23:09,1,0,0,1
2021-07-04 20:23:30,0,0,0,0
2021-07-04 20:24:27,1,0,0,1
2021-07-04 20:24:41,0,0,0,0
2021-07-04 20:25:40,1,0,0,1
2021-07-04 20:27:09,6,0,0,6
2021-07-04 20:29:24,0,0,0,0
2021-07-04 20:29:38,1,0,0,1
2021-07-04 20:30:39,0,0,0,0
2021-07-04 20:31:11,82,0,20,102
2021-07-04 20:31:59,0,0,0,0
2021-07-04 20:32:05,0,0,0,0
2021-07-04 20:32:27,0,0,0,0
2021-07-04 20:33:51,2,0,1,3
2021-07-04 20:35:13,0,0,0,0
2021-07-04 20:35:48,36,1,7,44
2021-07-04 20:37:09,0,0,0,0
2021-07-04 20:37:12,0,0,0,0
2021-07-04 20:38:09,4,0,1,5
2021-07-04 20:38:37,1,0,0,1
2021-07-04 20:39:33,10,0,0,10
2021-07-04 20:41:00,0,0,0,0
2021-07-04 20:41:09,1,0,0,1
2021-07-04 20:43:44,0,0,0,0
2021-07-04 20:43:54,0,0,0,0
2021-07-04 20:44:26,0,0,0,0
2021-07-04 20:44:47,0,0,0,0
2021-07-04 20:44:55,0,0,0,0
2021-07-04 20:45:13,1,0,1,2
2021-07-04 20:45:23,0,0,0,0
2021-07-04 20:45:27,1,0,1,2
2021-07-04 20:45:43,77,2,7,86
2021-07-04 20:45:48,389,28,79,496
2021-07-04 20:45:50,5,1,0,6
2021-07-04 20:46:12,0,0,0,0
2021-07-04 20:48:02,0,0,0,0
2021-07-04 20:48:46,6,0,4,10
2021-07-04 20:50:15,0,1,0,1
2021-07-04 20:50:41,0,0,0,0
2021-07-04 20:50:54,6,0,0,6
2021-07-04 20:51:54,45,1,14,60
2021-07-04 20:52:42,14,2,0,16
2021-07-04 20:56:23,0,0,0,0
2021-07-04 20:57:32,0,0,0,0
2021-07-04 20:57:45,2,1,1,4
2021-07-04 20:58:09,0,0,0,0
2021-07-04 20:58:20,2,0,0,2
2021-07-04 20:58:55,1,0,0,1
2021-07-04 20:59:00,1,0,0,1
2021-07-04 20:59:30,1,0,0,1
